    tau_corr   autocorr_U   autocorr_M
           1   0.8482E+00   0.9696E+00
           2   0.7848E+00   0.9508E+00
           3   0.7395E+00   0.9351E+00
           4   0.7042E+00   0.9214E+00
           5   0.6740E+00   0.9089E+00
           6   0.6475E+00   0.8972E+00
           7   0.6236E+00   0.8862E+00
           8   0.6019E+00   0.8757E+00
           9   0.5815E+00   0.8657E+00
          10   0.5626E+00   0.8560E+00
          11   0.5447E+00   0.8467E+00
          12   0.5278E+00   0.8377E+00
          13   0.5119E+00   0.8289E+00
          14   0.4968E+00   0.8203E+00
          15   0.4829E+00   0.8120E+00
          16   0.4698E+00   0.8038E+00
          17   0.4579E+00   0.7959E+00
          18   0.4470E+00   0.7881E+00
          19   0.4371E+00   0.7805E+00
          20   0.4236E+00   0.7725E+00
          21   0.4098E+00   0.7644E+00
          22   0.3975E+00   0.7565E+00
          23   0.3863E+00   0.7488E+00
          24   0.3761E+00   0.7413E+00
          25   0.3675E+00   0.7341E+00
          26   0.3590E+00   0.7270E+00
          27   0.3516E+00   0.7201E+00
          28   0.3445E+00   0.7134E+00
          29   0.3379E+00   0.7068E+00
          30   0.3321E+00   0.7004E+00
          31   0.3266E+00   0.6942E+00
          32   0.3215E+00   0.6881E+00
          33   0.3170E+00   0.6822E+00
          34   0.3134E+00   0.6764E+00
          35   0.3101E+00   0.6708E+00
          36   0.3076E+00   0.6653E+00
          37   0.3058E+00   0.6599E+00
          38   0.3035E+00   0.6545E+00
          39   0.2981E+00   0.6487E+00
          40   0.2906E+00   0.6427E+00
          41   0.2834E+00   0.6368E+00
          42   0.2770E+00   0.6310E+00
          43   0.2713E+00   0.6254E+00
          44   0.2662E+00   0.6198E+00
          45   0.2619E+00   0.6145E+00
          46   0.2578E+00   0.6092E+00
          47   0.2542E+00   0.6041E+00
          48   0.2510E+00   0.5991E+00
          49   0.2479E+00   0.5942E+00
          50   0.2453E+00   0.5894E+00
          51   0.2433E+00   0.5848E+00
          52   0.2416E+00   0.5802E+00
          53   0.2402E+00   0.5757E+00
          54   0.2392E+00   0.5713E+00
          55   0.2390E+00   0.5669E+00
          56   0.2391E+00   0.5627E+00
          57   0.2385E+00   0.5584E+00
          58   0.2355E+00   0.5539E+00
          59   0.2300E+00   0.5490E+00
          60   0.2245E+00   0.5442E+00
          61   0.2198E+00   0.5394E+00
          62   0.2154E+00   0.5347E+00
          63   0.2113E+00   0.5301E+00
          64   0.2077E+00   0.5257E+00
          65   0.2048E+00   0.5214E+00
          66   0.2019E+00   0.5171E+00
          67   0.1993E+00   0.5129E+00
          68   0.1973E+00   0.5089E+00
          69   0.1956E+00   0.5049E+00
          70   0.1945E+00   0.5011E+00
          71   0.1939E+00   0.4974E+00
          72   0.1939E+00   0.4938E+00
          73   0.1941E+00   0.4903E+00
          74   0.1946E+00   0.4869E+00
          75   0.1953E+00   0.4834E+00
          76   0.1954E+00   0.4800E+00
          77   0.1937E+00   0.4763E+00
          78   0.1892E+00   0.4722E+00
          79   0.1840E+00   0.4680E+00
          80   0.1796E+00   0.4640E+00
          81   0.1755E+00   0.4601E+00
          82   0.1721E+00   0.4562E+00
          83   0.1694E+00   0.4526E+00
          84   0.1671E+00   0.4490E+00
          85   0.1653E+00   0.4456E+00
          86   0.1637E+00   0.4421E+00
          87   0.1625E+00   0.4388E+00
          88   0.1616E+00   0.4355E+00
          89   0.1611E+00   0.4324E+00
          90   0.1611E+00   0.4293E+00
          91   0.1615E+00   0.4264E+00
          92   0.1619E+00   0.4235E+00
          93   0.1628E+00   0.4206E+00
          94   0.1638E+00   0.4178E+00
          95   0.1643E+00   0.4149E+00
          96   0.1633E+00   0.4119E+00
          97   0.1600E+00   0.4085E+00
          98   0.1557E+00   0.4050E+00
          99   0.1520E+00   0.4016E+00
         100   0.1488E+00   0.3982E+00
         101   0.1460E+00   0.3950E+00
         102   0.1437E+00   0.3919E+00
         103   0.1416E+00   0.3888E+00
         104   0.1400E+00   0.3858E+00
         105   0.1389E+00   0.3830E+00
         106   0.1380E+00   0.3802E+00
         107   0.1374E+00   0.3775E+00
         108   0.1368E+00   0.3749E+00
         109   0.1366E+00   0.3723E+00
         110   0.1366E+00   0.3697E+00
         111   0.1371E+00   0.3673E+00
         112   0.1381E+00   0.3649E+00
         113   0.1394E+00   0.3625E+00
         114   0.1402E+00   0.3601E+00
         115   0.1396E+00   0.3575E+00
         116   0.1370E+00   0.3547E+00
         117   0.1333E+00   0.3517E+00
         118   0.1295E+00   0.3486E+00
         119   0.1264E+00   0.3457E+00
         120   0.1236E+00   0.3428E+00
         121   0.1215E+00   0.3401E+00
         122   0.1198E+00   0.3375E+00
         123   0.1184E+00   0.3348E+00
         124   0.1173E+00   0.3323E+00
         125   0.1164E+00   0.3298E+00
         126   0.1159E+00   0.3275E+00
         127   0.1156E+00   0.3252E+00
         128   0.1155E+00   0.3230E+00
         129   0.1162E+00   0.3209E+00
         130   0.1171E+00   0.3189E+00
         131   0.1180E+00   0.3168E+00
         132   0.1193E+00   0.3148E+00
         133   0.1201E+00   0.3127E+00
         134   0.1200E+00   0.3106E+00
         135   0.1180E+00   0.3081E+00
         136   0.1145E+00   0.3055E+00
         137   0.1110E+00   0.3029E+00
         138   0.1080E+00   0.3002E+00
         139   0.1054E+00   0.2977E+00
         140   0.1032E+00   0.2953E+00
         141   0.1011E+00   0.2929E+00
         142   0.9948E-01   0.2906E+00
         143   0.9854E-01   0.2885E+00
         144   0.9787E-01   0.2864E+00
         145   0.9733E-01   0.2844E+00
         146   0.9740E-01   0.2825E+00
         147   0.9774E-01   0.2806E+00
         148   0.9860E-01   0.2788E+00
         149   0.9933E-01   0.2771E+00
         150   0.1008E+00   0.2754E+00
         151   0.1023E+00   0.2737E+00
         152   0.1033E+00   0.2720E+00
         153   0.1036E+00   0.2702E+00
         154   0.1019E+00   0.2681E+00
         155   0.9904E-01   0.2659E+00
         156   0.9584E-01   0.2636E+00
         157   0.9303E-01   0.2614E+00
         158   0.9103E-01   0.2593E+00
         159   0.8952E-01   0.2573E+00
         160   0.8811E-01   0.2553E+00
         161   0.8717E-01   0.2535E+00
         162   0.8632E-01   0.2517E+00
         163   0.8597E-01   0.2500E+00
         164   0.8582E-01   0.2483E+00
         165   0.8626E-01   0.2468E+00
         166   0.8679E-01   0.2452E+00
         167   0.8782E-01   0.2438E+00
         168   0.8879E-01   0.2424E+00
         169   0.9034E-01   0.2410E+00
         170   0.9182E-01   0.2396E+00
         171   0.9300E-01   0.2383E+00
         172   0.9347E-01   0.2368E+00
         173   0.9226E-01   0.2351E+00
         174   0.8965E-01   0.2332E+00
         175   0.8678E-01   0.2313E+00
         176   0.8413E-01   0.2294E+00
         177   0.8202E-01   0.2276E+00
         178   0.8011E-01   0.2258E+00
         179   0.7896E-01   0.2241E+00
         180   0.7819E-01   0.2225E+00
         181   0.7744E-01   0.2210E+00
         182   0.7717E-01   0.2196E+00
         183   0.7711E-01   0.2182E+00
         184   0.7760E-01   0.2169E+00
         185   0.7813E-01   0.2157E+00
         186   0.7880E-01   0.2144E+00
         187   0.7979E-01   0.2132E+00
         188   0.8128E-01   0.2121E+00
         189   0.8275E-01   0.2110E+00
         190   0.8389E-01   0.2099E+00
         191   0.8432E-01   0.2086E+00
         192   0.8359E-01   0.2072E+00
         193   0.8120E-01   0.2056E+00
         194   0.7837E-01   0.2039E+00
         195   0.7568E-01   0.2023E+00
         196   0.7356E-01   0.2006E+00
         197   0.7180E-01   0.1990E+00
         198   0.7046E-01   0.1976E+00
         199   0.6932E-01   0.1961E+00
         200   0.6839E-01   0.1948E+00
         201   0.6771E-01   0.1935E+00
         202   0.6734E-01   0.1922E+00
         203   0.6712E-01   0.1910E+00
         204   0.6763E-01   0.1899E+00
         205   0.6825E-01   0.1888E+00
         206   0.6923E-01   0.1878E+00
         207   0.7059E-01   0.1869E+00
         208   0.7199E-01   0.1860E+00
         209   0.7324E-01   0.1851E+00
         210   0.7385E-01   0.1841E+00
         211   0.7327E-01   0.1829E+00
         212   0.7130E-01   0.1815E+00
         213   0.6873E-01   0.1800E+00
         214   0.6589E-01   0.1784E+00
         215   0.6372E-01   0.1769E+00
         216   0.6198E-01   0.1755E+00
         217   0.6043E-01   0.1741E+00
         218   0.5941E-01   0.1729E+00
         219   0.5849E-01   0.1717E+00
         220   0.5823E-01   0.1706E+00
         221   0.5806E-01   0.1696E+00
         222   0.5821E-01   0.1686E+00
         223   0.5904E-01   0.1677E+00
         224   0.5990E-01   0.1669E+00
         225   0.6103E-01   0.1661E+00
         226   0.6250E-01   0.1653E+00
         227   0.6399E-01   0.1646E+00
         228   0.6542E-01   0.1638E+00
         229   0.6614E-01   0.1630E+00
         230   0.6592E-01   0.1620E+00
         231   0.6438E-01   0.1609E+00
         232   0.6188E-01   0.1595E+00
         233   0.5946E-01   0.1582E+00
         234   0.5725E-01   0.1568E+00
         235   0.5553E-01   0.1555E+00
         236   0.5421E-01   0.1544E+00
         237   0.5321E-01   0.1532E+00
         238   0.5271E-01   0.1522E+00
         239   0.5259E-01   0.1513E+00
         240   0.5262E-01   0.1504E+00
         241   0.5289E-01   0.1496E+00
         242   0.5332E-01   0.1488E+00
         243   0.5428E-01   0.1480E+00
         244   0.5530E-01   0.1473E+00
         245   0.5673E-01   0.1466E+00
         246   0.5821E-01   0.1459E+00
         247   0.5942E-01   0.1453E+00
         248   0.6033E-01   0.1445E+00
         249   0.5996E-01   0.1436E+00
         250   0.5852E-01   0.1426E+00
         251   0.5618E-01   0.1413E+00
         252   0.5378E-01   0.1401E+00
         253   0.5169E-01   0.1389E+00
         254   0.4984E-01   0.1377E+00
         255   0.4854E-01   0.1367E+00
         256   0.4776E-01   0.1357E+00
         257   0.4742E-01   0.1347E+00
         258   0.4721E-01   0.1339E+00
         259   0.4730E-01   0.1331E+00
         260   0.4750E-01   0.1323E+00
         261   0.4807E-01   0.1317E+00
         262   0.4886E-01   0.1310E+00
         263   0.4984E-01   0.1303E+00
         264   0.5104E-01   0.1297E+00
         265   0.5239E-01   0.1291E+00
         266   0.5386E-01   0.1285E+00
         267   0.5495E-01   0.1278E+00
         268   0.5482E-01   0.1270E+00
         269   0.5389E-01   0.1260E+00
         270   0.5176E-01   0.1249E+00
         271   0.4945E-01   0.1237E+00
         272   0.4730E-01   0.1226E+00
         273   0.4563E-01   0.1216E+00
         274   0.4446E-01   0.1206E+00
         275   0.4359E-01   0.1197E+00
         276   0.4326E-01   0.1189E+00
         277   0.4288E-01   0.1181E+00
         278   0.4288E-01   0.1173E+00
         279   0.4285E-01   0.1166E+00
         280   0.4328E-01   0.1159E+00
         281   0.4384E-01   0.1152E+00
         282   0.4491E-01   0.1147E+00
         283   0.4589E-01   0.1141E+00
         284   0.4688E-01   0.1135E+00
         285   0.4811E-01   0.1129E+00
         286   0.4893E-01   0.1123E+00
         287   0.4905E-01   0.1115E+00
         288   0.4806E-01   0.1106E+00
         289   0.4612E-01   0.1096E+00
         290   0.4370E-01   0.1086E+00
         291   0.4159E-01   0.1075E+00
         292   0.3979E-01   0.1065E+00
         293   0.3861E-01   0.1056E+00
         294   0.3759E-01   0.1047E+00
         295   0.3698E-01   0.1039E+00
         296   0.3659E-01   0.1032E+00
         297   0.3630E-01   0.1025E+00
         298   0.3657E-01   0.1018E+00
         299   0.3710E-01   0.1011E+00
         300   0.3777E-01   0.1006E+00
         301   0.3892E-01   0.1001E+00
         302   0.3996E-01   0.9970E-01
         303   0.4136E-01   0.9931E-01
         304   0.4286E-01   0.9893E-01
         305   0.4391E-01   0.9851E-01
         306   0.4424E-01   0.9800E-01
         307   0.4377E-01   0.9733E-01
         308   0.4192E-01   0.9653E-01
         309   0.3984E-01   0.9561E-01
         310   0.3782E-01   0.9471E-01
         311   0.3604E-01   0.9380E-01
         312   0.3477E-01   0.9295E-01
         313   0.3357E-01   0.9214E-01
         314   0.3314E-01   0.9149E-01
         315   0.3287E-01   0.9088E-01
         316   0.3271E-01   0.9026E-01
         317   0.3293E-01   0.8973E-01
         318   0.3342E-01   0.8923E-01
         319   0.3412E-01   0.8881E-01
         320   0.3507E-01   0.8843E-01
         321   0.3637E-01   0.8809E-01
         322   0.3775E-01   0.8771E-01
         323   0.3879E-01   0.8734E-01
         324   0.3982E-01   0.8695E-01
         325   0.4001E-01   0.8647E-01
         326   0.3963E-01   0.8589E-01
         327   0.3821E-01   0.8515E-01
         328   0.3607E-01   0.8433E-01
         329   0.3375E-01   0.8349E-01
         330   0.3215E-01   0.8270E-01
         331   0.3059E-01   0.8191E-01
         332   0.2949E-01   0.8123E-01
         333   0.2883E-01   0.8062E-01
         334   0.2842E-01   0.8001E-01
         335   0.2821E-01   0.7951E-01
         336   0.2840E-01   0.7906E-01
         337   0.2902E-01   0.7861E-01
         338   0.2950E-01   0.7817E-01
         339   0.3010E-01   0.7777E-01
         340   0.3092E-01   0.7738E-01
         341   0.3168E-01   0.7700E-01
         342   0.3288E-01   0.7663E-01
         343   0.3357E-01   0.7625E-01
         344   0.3404E-01   0.7590E-01
         345   0.3356E-01   0.7538E-01
         346   0.3239E-01   0.7470E-01
         347   0.3046E-01   0.7392E-01
         348   0.2877E-01   0.7310E-01
         349   0.2675E-01   0.7224E-01
         350   0.2527E-01   0.7147E-01
         351   0.2405E-01   0.7071E-01
         352   0.2320E-01   0.7002E-01
         353   0.2261E-01   0.6940E-01
         354   0.2241E-01   0.6886E-01
         355   0.2238E-01   0.6834E-01
         356   0.2269E-01   0.6786E-01
         357   0.2309E-01   0.6749E-01
         358   0.2385E-01   0.6712E-01
         359   0.2488E-01   0.6684E-01
         360   0.2620E-01   0.6656E-01
         361   0.2715E-01   0.6627E-01
         362   0.2823E-01   0.6598E-01
         363   0.2895E-01   0.6563E-01
         364   0.2896E-01   0.6520E-01
         365   0.2820E-01   0.6468E-01
         366   0.2685E-01   0.6405E-01
         367   0.2515E-01   0.6338E-01
         368   0.2372E-01   0.6276E-01
         369   0.2265E-01   0.6219E-01
         370   0.2162E-01   0.6166E-01
         371   0.2110E-01   0.6119E-01
         372   0.2072E-01   0.6070E-01
         373   0.2037E-01   0.6023E-01
         374   0.2054E-01   0.5983E-01
         375   0.2096E-01   0.5948E-01
         376   0.2149E-01   0.5919E-01
         377   0.2228E-01   0.5890E-01
         378   0.2336E-01   0.5863E-01
         379   0.2445E-01   0.5840E-01
         380   0.2532E-01   0.5816E-01
         381   0.2649E-01   0.5792E-01
         382   0.2722E-01   0.5761E-01
         383   0.2718E-01   0.5720E-01
         384   0.2619E-01   0.5671E-01
         385   0.2468E-01   0.5613E-01
         386   0.2273E-01   0.5547E-01
         387   0.2079E-01   0.5477E-01
         388   0.1924E-01   0.5415E-01
         389   0.1826E-01   0.5365E-01
         390   0.1767E-01   0.5321E-01
         391   0.1709E-01   0.5276E-01
         392   0.1706E-01   0.5240E-01
         393   0.1687E-01   0.5204E-01
         394   0.1735E-01   0.5184E-01
         395   0.1797E-01   0.5157E-01
         396   0.1876E-01   0.5139E-01
         397   0.1955E-01   0.5118E-01
         398   0.2054E-01   0.5105E-01
         399   0.2196E-01   0.5090E-01
         400   0.2267E-01   0.5073E-01
         401   0.2308E-01   0.5048E-01
         402   0.2278E-01   0.5015E-01
         403   0.2210E-01   0.4975E-01
         404   0.2039E-01   0.4921E-01
         405   0.1886E-01   0.4865E-01
         406   0.1713E-01   0.4811E-01
         407   0.1577E-01   0.4764E-01
         408   0.1464E-01   0.4716E-01
         409   0.1402E-01   0.4673E-01
         410   0.1368E-01   0.4636E-01
         411   0.1350E-01   0.4603E-01
         412   0.1356E-01   0.4576E-01
         413   0.1382E-01   0.4545E-01
         414   0.1436E-01   0.4519E-01
         415   0.1508E-01   0.4496E-01
         416   0.1598E-01   0.4480E-01
         417   0.1709E-01   0.4466E-01
         418   0.1820E-01   0.4452E-01
         419   0.1930E-01   0.4440E-01
         420   0.2000E-01   0.4421E-01
         421   0.2044E-01   0.4398E-01
         422   0.1988E-01   0.4366E-01
         423   0.1889E-01   0.4326E-01
         424   0.1742E-01   0.4275E-01
         425   0.1585E-01   0.4220E-01
         426   0.1456E-01   0.4172E-01
         427   0.1355E-01   0.4129E-01
         428   0.1288E-01   0.4092E-01
         429   0.1237E-01   0.4054E-01
         430   0.1211E-01   0.4022E-01
         431   0.1210E-01   0.3998E-01
         432   0.1225E-01   0.3977E-01
         433   0.1257E-01   0.3954E-01
         434   0.1312E-01   0.3939E-01
         435   0.1367E-01   0.3923E-01
         436   0.1442E-01   0.3908E-01
         437   0.1533E-01   0.3896E-01
         438   0.1629E-01   0.3881E-01
         439   0.1686E-01   0.3861E-01
         440   0.1735E-01   0.3840E-01
         441   0.1700E-01   0.3806E-01
         442   0.1586E-01   0.3763E-01
         443   0.1453E-01   0.3713E-01
         444   0.1287E-01   0.3658E-01
         445   0.1126E-01   0.3603E-01
         446   0.9933E-02   0.3548E-01
         447   0.8965E-02   0.3500E-01
         448   0.8404E-02   0.3459E-01
         449   0.8021E-02   0.3423E-01
         450   0.7689E-02   0.3391E-01
         451   0.7838E-02   0.3367E-01
         452   0.8274E-02   0.3342E-01
         453   0.8633E-02   0.3326E-01
         454   0.9587E-02   0.3320E-01
         455   0.1049E-01   0.3307E-01
         456   0.1149E-01   0.3297E-01
         457   0.1260E-01   0.3286E-01
         458   0.1337E-01   0.3273E-01
         459   0.1371E-01   0.3252E-01
         460   0.1370E-01   0.3225E-01
         461   0.1283E-01   0.3186E-01
         462   0.1136E-01   0.3144E-01
         463   0.9949E-02   0.3098E-01
         464   0.8667E-02   0.3055E-01
         465   0.7521E-02   0.3011E-01
         466   0.6525E-02   0.2975E-01
         467   0.6015E-02   0.2946E-01
         468   0.5850E-02   0.2923E-01
         469   0.6021E-02   0.2908E-01
         470   0.6414E-02   0.2890E-01
         471   0.6805E-02   0.2874E-01
         472   0.7201E-02   0.2869E-01
         473   0.8085E-02   0.2868E-01
         474   0.9313E-02   0.2873E-01
         475   0.1064E-01   0.2874E-01
         476   0.1183E-01   0.2872E-01
         477   0.1266E-01   0.2866E-01
         478   0.1321E-01   0.2851E-01
         479   0.1310E-01   0.2826E-01
         480   0.1228E-01   0.2795E-01
         481   0.1096E-01   0.2754E-01
         482   0.9540E-02   0.2708E-01
         483   0.7905E-02   0.2661E-01
         484   0.6521E-02   0.2615E-01
         485   0.5839E-02   0.2580E-01
         486   0.5092E-02   0.2548E-01
         487   0.4799E-02   0.2518E-01
         488   0.4943E-02   0.2491E-01
         489   0.5084E-02   0.2468E-01
         490   0.5639E-02   0.2455E-01
         491   0.6243E-02   0.2444E-01
         492   0.6948E-02   0.2431E-01
         493   0.7934E-02   0.2425E-01
         494   0.8763E-02   0.2422E-01
         495   0.9771E-02   0.2424E-01
         496   0.1059E-01   0.2421E-01
         497   0.1121E-01   0.2416E-01
         498   0.1131E-01   0.2402E-01
         499   0.1087E-01   0.2377E-01
         500   0.9682E-02   0.2344E-01
         501   0.8503E-02   0.2306E-01
         502   0.7116E-02   0.2264E-01
         503   0.6036E-02   0.2229E-01
         504   0.5186E-02   0.2197E-01
         505   0.4590E-02   0.2167E-01
         506   0.4501E-02   0.2148E-01
         507   0.4538E-02   0.2138E-01
         508   0.4949E-02   0.2132E-01
         509   0.5496E-02   0.2135E-01
         510   0.6177E-02   0.2140E-01
         511   0.6969E-02   0.2148E-01
         512   0.7989E-02   0.2155E-01
         513   0.9076E-02   0.2164E-01
         514   0.1016E-01   0.2170E-01
         515   0.1089E-01   0.2174E-01
         516   0.1129E-01   0.2175E-01
         517   0.1143E-01   0.2169E-01
         518   0.1103E-01   0.2157E-01
         519   0.1039E-01   0.2134E-01
         520   0.9173E-02   0.2104E-01
         521   0.8019E-02   0.2079E-01
         522   0.6973E-02   0.2052E-01
         523   0.6150E-02   0.2026E-01
         524   0.5308E-02   0.2002E-01
         525   0.5082E-02   0.1986E-01
         526   0.4990E-02   0.1980E-01
         527   0.4990E-02   0.1971E-01
         528   0.5046E-02   0.1965E-01
         529   0.5355E-02   0.1964E-01
         530   0.6262E-02   0.1969E-01
         531   0.7772E-02   0.1981E-01
         532   0.8996E-02   0.1992E-01
         533   0.1009E-01   0.1999E-01
         534   0.1095E-01   0.2006E-01
         535   0.1158E-01   0.2011E-01
         536   0.1179E-01   0.2008E-01
         537   0.1158E-01   0.1997E-01
         538   0.1067E-01   0.1976E-01
         539   0.9408E-02   0.1950E-01
         540   0.8087E-02   0.1923E-01
         541   0.6978E-02   0.1893E-01
         542   0.5949E-02   0.1865E-01
         543   0.5100E-02   0.1838E-01
         544   0.4740E-02   0.1825E-01
         545   0.4637E-02   0.1815E-01
         546   0.4869E-02   0.1809E-01
         547   0.5168E-02   0.1808E-01
         548   0.5754E-02   0.1805E-01
         549   0.6897E-02   0.1806E-01
         550   0.7936E-02   0.1809E-01
         551   0.9004E-02   0.1812E-01
         552   0.9860E-02   0.1812E-01
         553   0.1082E-01   0.1814E-01
         554   0.1146E-01   0.1814E-01
         555   0.1169E-01   0.1809E-01
         556   0.1126E-01   0.1797E-01
         557   0.1047E-01   0.1780E-01
         558   0.9417E-02   0.1756E-01
         559   0.8165E-02   0.1724E-01
         560   0.7048E-02   0.1694E-01
         561   0.6257E-02   0.1671E-01
         562   0.5807E-02   0.1652E-01
         563   0.5494E-02   0.1633E-01
         564   0.5512E-02   0.1619E-01
         565   0.5692E-02   0.1611E-01
         566   0.6143E-02   0.1607E-01
         567   0.6703E-02   0.1604E-01
         568   0.7466E-02   0.1604E-01
         569   0.8090E-02   0.1608E-01
         570   0.9126E-02   0.1614E-01
         571   0.1033E-01   0.1625E-01
         572   0.1143E-01   0.1632E-01
         573   0.1223E-01   0.1634E-01
         574   0.1263E-01   0.1626E-01
         575   0.1242E-01   0.1612E-01
         576   0.1170E-01   0.1592E-01
         577   0.1071E-01   0.1562E-01
         578   0.9481E-02   0.1532E-01
         579   0.8174E-02   0.1500E-01
         580   0.7361E-02   0.1477E-01
         581   0.6786E-02   0.1459E-01
         582   0.6403E-02   0.1443E-01
         583   0.6526E-02   0.1435E-01
         584   0.6486E-02   0.1428E-01
         585   0.6629E-02   0.1424E-01
         586   0.6887E-02   0.1424E-01
         587   0.7299E-02   0.1422E-01
         588   0.7846E-02   0.1420E-01
         589   0.8525E-02   0.1420E-01
         590   0.9508E-02   0.1423E-01
         591   0.1030E-01   0.1422E-01
         592   0.1070E-01   0.1416E-01
         593   0.1087E-01   0.1409E-01
         594   0.1058E-01   0.1396E-01
         595   0.9717E-02   0.1370E-01
         596   0.8795E-02   0.1341E-01
         597   0.7807E-02   0.1309E-01
         598   0.6631E-02   0.1273E-01
         599   0.5272E-02   0.1244E-01
         600   0.4404E-02   0.1220E-01
         601   0.3937E-02   0.1200E-01
         602   0.3699E-02   0.1189E-01
         603   0.3576E-02   0.1177E-01
         604   0.3578E-02   0.1168E-01
         605   0.4029E-02   0.1166E-01
         606   0.4881E-02   0.1173E-01
         607   0.5487E-02   0.1178E-01
         608   0.6516E-02   0.1184E-01
         609   0.7417E-02   0.1190E-01
         610   0.8168E-02   0.1193E-01
         611   0.8959E-02   0.1195E-01
         612   0.9356E-02   0.1197E-01
         613   0.9404E-02   0.1190E-01
         614   0.8824E-02   0.1176E-01
         615   0.7965E-02   0.1152E-01
         616   0.6832E-02   0.1122E-01
         617   0.5850E-02   0.1090E-01
         618   0.4805E-02   0.1064E-01
         619   0.4323E-02   0.1043E-01
         620   0.3798E-02   0.1024E-01
         621   0.3546E-02   0.1010E-01
         622   0.3384E-02   0.9957E-02
         623   0.3568E-02   0.9879E-02
         624   0.4158E-02   0.9900E-02
         625   0.4992E-02   0.9886E-02
         626   0.5908E-02   0.9906E-02
         627   0.6832E-02   0.9973E-02
         628   0.7583E-02   0.9992E-02
         629   0.8122E-02   0.9979E-02
         630   0.8732E-02   0.9924E-02
         631   0.8883E-02   0.9811E-02
         632   0.8628E-02   0.9658E-02
         633   0.8134E-02   0.9450E-02
         634   0.7279E-02   0.9129E-02
         635   0.5995E-02   0.8799E-02
         636   0.4843E-02   0.8462E-02
         637   0.3617E-02   0.8138E-02
         638   0.2711E-02   0.7852E-02
         639   0.2034E-02   0.7609E-02
         640   0.1576E-02   0.7419E-02
         641   0.1495E-02   0.7283E-02
         642   0.1624E-02   0.7170E-02
         643   0.1990E-02   0.7110E-02
         644   0.2413E-02   0.7136E-02
         645   0.2988E-02   0.7163E-02
         646   0.3776E-02   0.7239E-02
         647   0.4668E-02   0.7344E-02
         648   0.5660E-02   0.7500E-02
         649   0.6282E-02   0.7563E-02
         650   0.6496E-02   0.7599E-02
         651   0.6444E-02   0.7590E-02
         652   0.6052E-02   0.7514E-02
         653   0.5561E-02   0.7391E-02
         654   0.4685E-02   0.7221E-02
         655   0.3532E-02   0.7034E-02
         656   0.2522E-02   0.6835E-02
         657   0.1770E-02   0.6648E-02
         658   0.1174E-02   0.6461E-02
         659   0.7783E-03   0.6329E-02
         660   0.5675E-03   0.6246E-02
         661   0.5652E-03   0.6218E-02
         662   0.1005E-02   0.6217E-02
         663   0.1287E-02   0.6250E-02
         664   0.1840E-02   0.6390E-02
         665   0.2626E-02   0.6551E-02
         666   0.3063E-02   0.6715E-02
         667   0.3905E-02   0.6880E-02
         668   0.4846E-02   0.7082E-02
         669   0.5324E-02   0.7228E-02
         670   0.5579E-02   0.7329E-02
         671   0.5435E-02   0.7355E-02
         672   0.5076E-02   0.7339E-02
         673   0.4270E-02   0.7268E-02
         674   0.3258E-02   0.7131E-02
         675   0.2493E-02   0.7036E-02
         676   0.1812E-02   0.7012E-02
         677   0.1366E-02   0.6950E-02
         678   0.1066E-02   0.6918E-02
         679   0.1060E-02   0.6931E-02
         680   0.1195E-02   0.6955E-02
         681   0.1588E-02   0.7021E-02
         682   0.2161E-02   0.7074E-02
         683   0.2870E-02   0.7176E-02
         684   0.3841E-02   0.7304E-02
         685   0.4799E-02   0.7453E-02
         686   0.5816E-02   0.7621E-02
         687   0.6744E-02   0.7748E-02
         688   0.7223E-02   0.7829E-02
         689   0.7507E-02   0.7873E-02
         690   0.7267E-02   0.7840E-02
         691   0.6587E-02   0.7790E-02
         692   0.5712E-02   0.7668E-02
         693   0.4797E-02   0.7522E-02
         694   0.3749E-02   0.7321E-02
         695   0.2831E-02   0.7183E-02
         696   0.2443E-02   0.7121E-02
         697   0.1960E-02   0.7066E-02
         698   0.1875E-02   0.7144E-02
         699   0.2164E-02   0.7261E-02
         700   0.2657E-02   0.7442E-02
         701   0.3326E-02   0.7635E-02
         702   0.4053E-02   0.7822E-02
         703   0.4986E-02   0.8002E-02
         704   0.6051E-02   0.8189E-02
         705   0.6876E-02   0.8388E-02
         706   0.7601E-02   0.8536E-02
         707   0.8183E-02   0.8675E-02
         708   0.8553E-02   0.8756E-02
         709   0.8329E-02   0.8773E-02
         710   0.8039E-02   0.8759E-02
         711   0.7476E-02   0.8682E-02
         712   0.6436E-02   0.8551E-02
         713   0.5307E-02   0.8369E-02
         714   0.4413E-02   0.8227E-02
         715   0.3815E-02   0.8124E-02
         716   0.3244E-02   0.8029E-02
         717   0.3037E-02   0.7967E-02
         718   0.2975E-02   0.7928E-02
         719   0.3307E-02   0.7917E-02
         720   0.3803E-02   0.7996E-02
         721   0.4224E-02   0.8014E-02
         722   0.4819E-02   0.8107E-02
         723   0.5737E-02   0.8264E-02
         724   0.6817E-02   0.8444E-02
         725   0.7361E-02   0.8588E-02
         726   0.7721E-02   0.8673E-02
         727   0.7806E-02   0.8706E-02
         728   0.7831E-02   0.8720E-02
         729   0.7422E-02   0.8639E-02
         730   0.6593E-02   0.8493E-02
         731   0.5656E-02   0.8310E-02
         732   0.4648E-02   0.8192E-02
         733   0.3773E-02   0.8028E-02
         734   0.3366E-02   0.7951E-02
         735   0.3002E-02   0.7863E-02
         736   0.2793E-02   0.7738E-02
         737   0.2681E-02   0.7660E-02
         738   0.2749E-02   0.7550E-02
         739   0.3028E-02   0.7508E-02
         740   0.3373E-02   0.7468E-02
         741   0.3873E-02   0.7508E-02
         742   0.4331E-02   0.7482E-02
         743   0.4954E-02   0.7495E-02
         744   0.5480E-02   0.7517E-02
         745   0.5923E-02   0.7522E-02
         746   0.6121E-02   0.7503E-02
         747   0.5969E-02   0.7431E-02
         748   0.5702E-02   0.7394E-02
         749   0.5179E-02   0.7299E-02
         750   0.4506E-02   0.7159E-02
         751   0.3679E-02   0.6983E-02
         752   0.2841E-02   0.6771E-02
         753   0.2221E-02   0.6600E-02
         754   0.1992E-02   0.6445E-02
         755   0.1630E-02   0.6312E-02
         756   0.1697E-02   0.6224E-02
         757   0.1860E-02   0.6198E-02
         758   0.2318E-02   0.6167E-02
         759   0.2736E-02   0.6134E-02
         760   0.3248E-02   0.6087E-02
         761   0.4052E-02   0.6104E-02
         762   0.4833E-02   0.6129E-02
         763   0.5604E-02   0.6141E-02
         764   0.5910E-02   0.6126E-02
         765   0.6206E-02   0.6107E-02
         766   0.6464E-02   0.6058E-02
         767   0.5901E-02   0.5963E-02
         768   0.5374E-02   0.5862E-02
         769   0.4538E-02   0.5708E-02
         770   0.3619E-02   0.5466E-02
         771   0.2685E-02   0.5222E-02
         772   0.1923E-02   0.5031E-02
         773   0.1473E-02   0.4848E-02
         774   0.1008E-02   0.4724E-02
         775   0.1050E-02   0.4612E-02
         776   0.1179E-02   0.4549E-02
         777   0.1478E-02   0.4561E-02
         778   0.1791E-02   0.4555E-02
         779   0.2768E-02   0.4619E-02
         780   0.3562E-02   0.4663E-02
         781   0.4302E-02   0.4694E-02
         782   0.4960E-02   0.4726E-02
         783   0.5153E-02   0.4670E-02
         784   0.5230E-02   0.4583E-02
         785   0.5121E-02   0.4449E-02
         786   0.4674E-02   0.4287E-02
         787   0.3978E-02   0.4074E-02
         788   0.3209E-02   0.3890E-02
         789   0.2198E-02   0.3682E-02
         790   0.1379E-02   0.3487E-02
         791   0.5853E-03   0.3306E-02
         792  -0.3107E-05   0.3093E-02
         793  -0.1145E-03   0.2920E-02
         794  -0.1168E-03   0.2859E-02
         795   0.1053E-03   0.2831E-02
         796   0.4466E-03   0.2844E-02
         797   0.8508E-03   0.2844E-02
         798   0.1154E-02   0.2856E-02
         799   0.1597E-02   0.2863E-02
         800   0.2385E-02   0.2913E-02
         801   0.2931E-02   0.2914E-02
         802   0.3351E-02   0.2924E-02
         803   0.3643E-02   0.2889E-02
         804   0.3498E-02   0.2843E-02
         805   0.3179E-02   0.2795E-02
         806   0.2572E-02   0.2643E-02
         807   0.1745E-02   0.2421E-02
         808   0.8462E-03   0.2237E-02
         809  -0.1478E-04   0.2038E-02
         810  -0.5478E-03   0.1907E-02
         811  -0.1067E-02   0.1796E-02
         812  -0.1262E-02   0.1673E-02
         813  -0.1402E-02   0.1587E-02
         814  -0.1065E-02   0.1606E-02
         815  -0.6618E-03   0.1655E-02
         816  -0.7434E-04   0.1731E-02
         817   0.5822E-03   0.1785E-02
         818   0.1389E-02   0.1855E-02
         819   0.1889E-02   0.1920E-02
         820   0.2906E-02   0.1995E-02
         821   0.3447E-02   0.2022E-02
         822   0.3860E-02   0.2024E-02
         823   0.4033E-02   0.2002E-02
         824   0.3735E-02   0.1912E-02
         825   0.3512E-02   0.1826E-02
         826   0.2832E-02   0.1712E-02
         827   0.2123E-02   0.1593E-02
         828   0.1407E-02   0.1467E-02
         829   0.7800E-03   0.1328E-02
         830   0.2871E-03   0.1196E-02
         831   0.9725E-04   0.1104E-02
         832   0.7408E-04   0.1012E-02
         833   0.4348E-03   0.1014E-02
         834   0.7770E-03   0.1019E-02
         835   0.1167E-02   0.1062E-02
         836   0.1446E-02   0.1047E-02
         837   0.2091E-02   0.1085E-02
         838   0.2760E-02   0.1154E-02
         839   0.3315E-02   0.1239E-02
         840   0.3639E-02   0.1305E-02
         841   0.4265E-02   0.1372E-02
         842   0.4580E-02   0.1375E-02
         843   0.4623E-02   0.1348E-02
         844   0.4337E-02   0.1239E-02
         845   0.3391E-02   0.1022E-02
         846   0.2503E-02   0.8209E-03
         847   0.1493E-02   0.5955E-03
         848   0.6208E-03   0.3852E-03
         849  -0.1779E-03   0.1797E-03
         850  -0.5654E-03  -0.1583E-04
         851  -0.6823E-03  -0.1673E-03
         852  -0.5530E-03  -0.2312E-03
         853  -0.2650E-03  -0.2467E-03
         854   0.1111E-03  -0.2299E-03
         855   0.4817E-03  -0.1976E-03
         856   0.1182E-02  -0.1402E-03
         857   0.2101E-02  -0.1305E-04
         858   0.2625E-02   0.5270E-04
         859   0.3041E-02   0.1359E-03
         860   0.3519E-02   0.1798E-03
         861   0.3785E-02   0.1741E-03
         862   0.3566E-02   0.1418E-03
         863   0.3136E-02   0.7475E-04
         864   0.2574E-02  -0.6210E-04
         865   0.1966E-02  -0.1895E-03
         866   0.1141E-02  -0.3468E-03
         867   0.1455E-03  -0.5092E-03
         868  -0.2559E-03  -0.5361E-03
         869  -0.4735E-03  -0.5446E-03
         870  -0.7628E-03  -0.5665E-03
         871  -0.7273E-03  -0.5495E-03
         872  -0.6204E-03  -0.5254E-03
         873  -0.3902E-03  -0.4773E-03
         874   0.2254E-03  -0.4419E-03
         875   0.6218E-03  -0.4381E-03
         876   0.8964E-03  -0.4362E-03
         877   0.1669E-02  -0.3505E-03
         878   0.2257E-02  -0.2195E-03
         879   0.2600E-02  -0.1570E-03
         880   0.2909E-02  -0.1286E-03
         881   0.2932E-02  -0.7917E-04
         882   0.2534E-02  -0.1406E-03
         883   0.1815E-02  -0.2232E-03
         884   0.1011E-02  -0.3793E-03
         885   0.7572E-04  -0.6031E-03
         886  -0.9580E-03  -0.7774E-03
         887  -0.1368E-02  -0.9165E-03
         888  -0.1698E-02  -0.1022E-02
         889  -0.1815E-02  -0.1105E-02
         890  -0.1727E-02  -0.1178E-02
         891  -0.1391E-02  -0.1197E-02
         892  -0.1050E-02  -0.1230E-02
         893  -0.5527E-03  -0.1227E-02
         894  -0.8452E-04  -0.1273E-02
         895   0.4971E-03  -0.1244E-02
         896   0.1067E-02  -0.1202E-02
         897   0.1685E-02  -0.1124E-02
         898   0.2054E-02  -0.1083E-02
         899   0.2509E-02  -0.1071E-02
         900   0.2473E-02  -0.1132E-02
         901   0.2315E-02  -0.1229E-02
         902   0.1527E-02  -0.1401E-02
         903   0.6194E-03  -0.1652E-02
         904  -0.8319E-04  -0.1878E-02
         905  -0.1041E-02  -0.2100E-02
         906  -0.1930E-02  -0.2293E-02
         907  -0.2537E-02  -0.2470E-02
         908  -0.3134E-02  -0.2575E-02
         909  -0.3425E-02  -0.2680E-02
         910  -0.3412E-02  -0.2721E-02
         911  -0.3321E-02  -0.2683E-02
         912  -0.2793E-02  -0.2615E-02
         913  -0.2215E-02  -0.2510E-02
         914  -0.1625E-02  -0.2360E-02
         915  -0.9499E-03  -0.2269E-02
         916  -0.9524E-04  -0.2196E-02
         917   0.3909E-03  -0.2116E-02
         918   0.5579E-03  -0.2060E-02
         919   0.7504E-03  -0.2067E-02
         920   0.5578E-03  -0.2122E-02
         921   0.1400E-04  -0.2206E-02
         922  -0.5296E-03  -0.2324E-02
         923  -0.1385E-02  -0.2460E-02
         924  -0.2037E-02  -0.2568E-02
         925  -0.2415E-02  -0.2670E-02
         926  -0.2624E-02  -0.2792E-02
         927  -0.2910E-02  -0.2864E-02
         928  -0.2705E-02  -0.2884E-02
         929  -0.2349E-02  -0.2829E-02
         930  -0.1932E-02  -0.2791E-02
         931  -0.1467E-02  -0.2799E-02
         932  -0.1134E-02  -0.2777E-02
         933  -0.5039E-03  -0.2719E-02
         934   0.1293E-03  -0.2630E-02
         935   0.6816E-03  -0.2591E-02
         936   0.1288E-02  -0.2591E-02
         937   0.1720E-02  -0.2581E-02
         938   0.1713E-02  -0.2611E-02
         939   0.1584E-02  -0.2656E-02
         940   0.1180E-02  -0.2754E-02
         941   0.3297E-03  -0.2906E-02
         942  -0.4859E-03  -0.3085E-02
         943  -0.1344E-02  -0.3240E-02
         944  -0.2058E-02  -0.3418E-02
         945  -0.2776E-02  -0.3506E-02
         946  -0.3228E-02  -0.3564E-02
         947  -0.3134E-02  -0.3564E-02
         948  -0.2931E-02  -0.3515E-02
         949  -0.2883E-02  -0.3565E-02
         950  -0.2637E-02  -0.3535E-02
         951  -0.2458E-02  -0.3532E-02
         952  -0.1991E-02  -0.3494E-02
         953  -0.1549E-02  -0.3407E-02
         954  -0.9249E-03  -0.3390E-02
         955  -0.3765E-03  -0.3339E-02
         956  -0.1205E-03  -0.3314E-02
         957  -0.1106E-03  -0.3330E-02
         958  -0.3658E-03  -0.3406E-02
         959  -0.8151E-03  -0.3497E-02
         960  -0.1473E-02  -0.3592E-02
         961  -0.2184E-02  -0.3733E-02
         962  -0.2958E-02  -0.3877E-02
         963  -0.3527E-02  -0.4042E-02
         964  -0.3938E-02  -0.4196E-02
         965  -0.4270E-02  -0.4332E-02
         966  -0.4397E-02  -0.4459E-02
         967  -0.4483E-02  -0.4504E-02
         968  -0.4303E-02  -0.4530E-02
         969  -0.3957E-02  -0.4527E-02
         970  -0.3598E-02  -0.4523E-02
         971  -0.2924E-02  -0.4433E-02
         972  -0.2089E-02  -0.4329E-02
         973  -0.1484E-02  -0.4295E-02
         974  -0.1136E-02  -0.4263E-02
         975  -0.9218E-03  -0.4236E-02
         976  -0.6031E-03  -0.4253E-02
         977  -0.6548E-03  -0.4279E-02
         978  -0.9590E-03  -0.4410E-02
         979  -0.1416E-02  -0.4511E-02
         980  -0.2005E-02  -0.4625E-02
         981  -0.2492E-02  -0.4697E-02
         982  -0.2904E-02  -0.4780E-02
         983  -0.3123E-02  -0.4830E-02
         984  -0.3326E-02  -0.4898E-02
         985  -0.3291E-02  -0.4892E-02
         986  -0.3134E-02  -0.4929E-02
         987  -0.2848E-02  -0.4902E-02
         988  -0.2200E-02  -0.4816E-02
         989  -0.1547E-02  -0.4700E-02
         990  -0.8882E-03  -0.4575E-02
         991  -0.1694E-03  -0.4506E-02
         992   0.7976E-03  -0.4407E-02
         993   0.1543E-02  -0.4305E-02
         994   0.1997E-02  -0.4269E-02
         995   0.2450E-02  -0.4206E-02
         996   0.2367E-02  -0.4188E-02
         997   0.2256E-02  -0.4250E-02
         998   0.1490E-02  -0.4359E-02
         999   0.7795E-03  -0.4469E-02
        1000   0.3307E-04  -0.4555E-02
