    tau_corr   autocorr_U   autocorr_M
           1   0.7874E+00   0.8607E+00
           2   0.7647E+00   0.8195E+00
           3   0.7222E+00   0.7810E+00
           4   0.7325E+00   0.7690E+00
           5   0.6766E+00   0.7290E+00
           6   0.6916E+00   0.7193E+00
           7   0.6401E+00   0.6874E+00
           8   0.6653E+00   0.6878E+00
           9   0.6210E+00   0.6573E+00
          10   0.6200E+00   0.6448E+00
          11   0.5815E+00   0.6215E+00
          12   0.6181E+00   0.6289E+00
          13   0.5531E+00   0.5913E+00
          14   0.5584E+00   0.5828E+00
          15   0.5416E+00   0.5700E+00
          16   0.5494E+00   0.5662E+00
          17   0.5016E+00   0.5371E+00
          18   0.5155E+00   0.5333E+00
          19   0.4771E+00   0.5120E+00
          20   0.4992E+00   0.5154E+00
          21   0.4612E+00   0.4913E+00
          22   0.4516E+00   0.4777E+00
          23   0.4280E+00   0.4637E+00
          24   0.4541E+00   0.4694E+00
          25   0.4095E+00   0.4433E+00
          26   0.4032E+00   0.4317E+00
          27   0.3881E+00   0.4216E+00
          28   0.3947E+00   0.4190E+00
          29   0.3604E+00   0.3978E+00
          30   0.3661E+00   0.3920E+00
          31   0.3392E+00   0.3771E+00
          32   0.3480E+00   0.3757E+00
          33   0.3217E+00   0.3583E+00
          34   0.3126E+00   0.3465E+00
          35   0.3008E+00   0.3388E+00
          36   0.3096E+00   0.3377E+00
          37   0.2792E+00   0.3189E+00
          38   0.2720E+00   0.3080E+00
          39   0.2622E+00   0.3016E+00
          40   0.2664E+00   0.2991E+00
          41   0.2426E+00   0.2837E+00
          42   0.2378E+00   0.2746E+00
          43   0.2255E+00   0.2674E+00
          44   0.2294E+00   0.2652E+00
          45   0.2118E+00   0.2532E+00
          46   0.2034E+00   0.2428E+00
          47   0.1955E+00   0.2380E+00
          48   0.1996E+00   0.2363E+00
          49   0.1825E+00   0.2248E+00
          50   0.1754E+00   0.2156E+00
          51   0.1703E+00   0.2125E+00
          52   0.1732E+00   0.2107E+00
          53   0.1589E+00   0.2009E+00
          54   0.1532E+00   0.1927E+00
          55   0.1496E+00   0.1907E+00
          56   0.1539E+00   0.1902E+00
          57   0.1415E+00   0.1819E+00
          58   0.1362E+00   0.1744E+00
          59   0.1342E+00   0.1735E+00
          60   0.1390E+00   0.1734E+00
          61   0.1271E+00   0.1656E+00
          62   0.1225E+00   0.1587E+00
          63   0.1213E+00   0.1584E+00
          64   0.1263E+00   0.1586E+00
          65   0.1153E+00   0.1511E+00
          66   0.1110E+00   0.1446E+00
          67   0.1096E+00   0.1445E+00
          68   0.1150E+00   0.1451E+00
          69   0.1046E+00   0.1383E+00
          70   0.1002E+00   0.1319E+00
          71   0.9933E-01   0.1321E+00
          72   0.1049E+00   0.1331E+00
          73   0.9438E-01   0.1263E+00
          74   0.9031E-01   0.1203E+00
          75   0.8991E-01   0.1210E+00
          76   0.9557E-01   0.1223E+00
          77   0.8551E-01   0.1159E+00
          78   0.8166E-01   0.1101E+00
          79   0.8129E-01   0.1110E+00
          80   0.8709E-01   0.1124E+00
          81   0.7733E-01   0.1063E+00
          82   0.7348E-01   0.1008E+00
          83   0.7360E-01   0.1020E+00
          84   0.7956E-01   0.1036E+00
          85   0.6991E-01   0.9776E-01
          86   0.6635E-01   0.9231E-01
          87   0.6647E-01   0.9361E-01
          88   0.7239E-01   0.9528E-01
          89   0.6306E-01   0.8962E-01
          90   0.5914E-01   0.8424E-01
          91   0.5929E-01   0.8560E-01
          92   0.6529E-01   0.8735E-01
          93   0.5612E-01   0.8175E-01
          94   0.5260E-01   0.7653E-01
          95   0.5321E-01   0.7818E-01
          96   0.5904E-01   0.7986E-01
          97   0.4994E-01   0.7426E-01
          98   0.4644E-01   0.6901E-01
          99   0.4704E-01   0.7093E-01
         100   0.5338E-01   0.7301E-01
         101   0.4467E-01   0.6787E-01
         102   0.4106E-01   0.6294E-01
         103   0.4199E-01   0.6480E-01
         104   0.4869E-01   0.6717E-01
         105   0.4002E-01   0.6221E-01
         106   0.3680E-01   0.5740E-01
         107   0.3797E-01   0.5950E-01
         108   0.4443E-01   0.6175E-01
         109   0.3622E-01   0.5707E-01
         110   0.3310E-01   0.5229E-01
         111   0.3419E-01   0.5455E-01
         112   0.4079E-01   0.5690E-01
         113   0.3253E-01   0.5209E-01
         114   0.2919E-01   0.4736E-01
         115   0.3048E-01   0.4970E-01
         116   0.3726E-01   0.5223E-01
         117   0.2884E-01   0.4753E-01
         118   0.2601E-01   0.4304E-01
         119   0.2760E-01   0.4576E-01
         120   0.3439E-01   0.4847E-01
         121   0.2645E-01   0.4401E-01
         122   0.2387E-01   0.3993E-01
         123   0.2532E-01   0.4243E-01
         124   0.3235E-01   0.4521E-01
         125   0.2447E-01   0.4082E-01
         126   0.2167E-01   0.3652E-01
         127   0.2361E-01   0.3931E-01
         128   0.3071E-01   0.4227E-01
         129   0.2264E-01   0.3779E-01
         130   0.2001E-01   0.3351E-01
         131   0.2190E-01   0.3632E-01
         132   0.2871E-01   0.3900E-01
         133   0.2091E-01   0.3467E-01
         134   0.1808E-01   0.3049E-01
         135   0.1953E-01   0.3315E-01
         136   0.2663E-01   0.3598E-01
         137   0.1883E-01   0.3162E-01
         138   0.1601E-01   0.2747E-01
         139   0.1799E-01   0.3026E-01
         140   0.2497E-01   0.3347E-01
         141   0.1714E-01   0.2925E-01
         142   0.1457E-01   0.2539E-01
         143   0.1655E-01   0.2824E-01
         144   0.2350E-01   0.3128E-01
         145   0.1553E-01   0.2713E-01
         146   0.1311E-01   0.2323E-01
         147   0.1470E-01   0.2598E-01
         148   0.2212E-01   0.2926E-01
         149   0.1419E-01   0.2509E-01
         150   0.1175E-01   0.2128E-01
         151   0.1380E-01   0.2417E-01
         152   0.2090E-01   0.2735E-01
         153   0.1312E-01   0.2312E-01
         154   0.1046E-01   0.1905E-01
         155   0.1228E-01   0.2200E-01
         156   0.1965E-01   0.2519E-01
         157   0.1190E-01   0.2114E-01
         158   0.9569E-02   0.1732E-01
         159   0.1134E-01   0.2018E-01
         160   0.1866E-01   0.2354E-01
         161   0.1097E-01   0.1949E-01
         162   0.8551E-02   0.1591E-01
         163   0.1077E-01   0.1891E-01
         164   0.1788E-01   0.2211E-01
         165   0.1006E-01   0.1801E-01
         166   0.7544E-02   0.1408E-01
         167   0.9650E-02   0.1737E-01
         168   0.1712E-01   0.2067E-01
         169   0.9287E-02   0.1666E-01
         170   0.6575E-02   0.1272E-01
         171   0.8559E-02   0.1598E-01
         172   0.1584E-01   0.1939E-01
         173   0.8118E-02   0.1538E-01
         174   0.5611E-02   0.1152E-01
         175   0.7558E-02   0.1464E-01
         176   0.1493E-01   0.1801E-01
         177   0.7154E-02   0.1398E-01
         178   0.4790E-02   0.1021E-01
         179   0.6707E-02   0.1335E-01
         180   0.1398E-01   0.1679E-01
         181   0.6398E-02   0.1291E-01
         182   0.4073E-02   0.9316E-02
         183   0.6232E-02   0.1255E-01
         184   0.1373E-01   0.1604E-01
         185   0.6213E-02   0.1223E-01
         186   0.3866E-02   0.8458E-02
         187   0.5972E-02   0.1172E-01
         188   0.1315E-01   0.1496E-01
         189   0.5895E-02   0.1130E-01
         190   0.3941E-02   0.7825E-02
         191   0.6109E-02   0.1103E-01
         192   0.1363E-01   0.1450E-01
         193   0.6182E-02   0.1078E-01
         194   0.3906E-02   0.7103E-02
         195   0.6129E-02   0.1048E-01
         196   0.1385E-01   0.1427E-01
         197   0.6509E-02   0.1078E-01
         198   0.4411E-02   0.7256E-02
         199   0.6699E-02   0.1067E-01
         200   0.1423E-01   0.1427E-01
         201   0.6933E-02   0.1060E-01
         202   0.4766E-02   0.7035E-02
         203   0.6894E-02   0.1027E-01
         204   0.1400E-01   0.1362E-01
         205   0.6627E-02   0.9713E-02
         206   0.4227E-02   0.6035E-02
         207   0.6653E-02   0.9574E-02
         208   0.1412E-01   0.1315E-01
         209   0.6873E-02   0.9579E-02
         210   0.4586E-02   0.5996E-02
         211   0.6911E-02   0.9320E-02
         212   0.1431E-01   0.1288E-01
         213   0.6922E-02   0.9260E-02
         214   0.4612E-02   0.5662E-02
         215   0.7144E-02   0.9146E-02
         216   0.1442E-01   0.1241E-01
         217   0.6555E-02   0.8390E-02
         218   0.4127E-02   0.4610E-02
         219   0.5971E-02   0.7588E-02
         220   0.1333E-01   0.1103E-01
         221   0.5485E-02   0.6938E-02
         222   0.2744E-02   0.3107E-02
         223   0.4870E-02   0.6327E-02
         224   0.1203E-01   0.9728E-02
         225   0.4314E-02   0.5825E-02
         226   0.1742E-02   0.2077E-02
         227   0.3945E-02   0.5404E-02
         228   0.1103E-01   0.8687E-02
         229   0.3465E-02   0.4778E-02
         230   0.9505E-03   0.9851E-03
         231   0.2821E-02   0.4105E-02
         232   0.1010E-01   0.7463E-02
         233   0.2513E-02   0.3619E-02
         234  -0.7847E-04  -0.1574E-03
         235   0.2190E-02   0.3177E-02
         236   0.9458E-02   0.6491E-02
         237   0.1678E-02   0.2563E-02
         238  -0.7975E-03  -0.1211E-02
         239   0.1477E-02   0.2067E-02
         240   0.8840E-02   0.5564E-02
         241   0.1543E-02   0.1661E-02
         242  -0.1144E-02  -0.2115E-02
         243   0.1120E-02   0.1391E-02
         244   0.8654E-02   0.4863E-02
         245   0.1459E-02   0.1451E-02
         246  -0.8048E-03  -0.2043E-02
         247   0.1457E-02   0.1289E-02
         248   0.8660E-02   0.4720E-02
         249   0.1269E-02   0.9959E-03
         250  -0.1026E-02  -0.2663E-02
         251   0.1319E-02   0.8113E-03
         252   0.8605E-02   0.4292E-02
         253   0.1116E-02   0.5432E-03
         254  -0.8592E-03  -0.2860E-02
         255   0.1467E-02   0.6457E-03
         256   0.8836E-02   0.4230E-02
         257   0.1654E-02   0.8957E-03
         258  -0.6985E-03  -0.2606E-02
         259   0.1781E-02   0.8913E-03
         260   0.9287E-02   0.4584E-02
         261   0.1755E-02   0.8540E-03
         262  -0.2119E-03  -0.2485E-02
         263   0.1813E-02   0.8391E-03
         264   0.9542E-02   0.4696E-02
         265   0.2017E-02   0.1064E-02
         266  -0.2705E-03  -0.2513E-02
         267   0.1669E-02   0.8022E-03
         268   0.9238E-02   0.4480E-02
         269   0.1661E-02   0.7104E-03
         270  -0.7920E-03  -0.2961E-02
         271   0.1117E-02   0.1689E-03
         272   0.8745E-02   0.3796E-02
         273   0.1137E-02   0.1152E-03
         274  -0.9432E-03  -0.3347E-02
         275   0.8097E-03  -0.2560E-03
         276   0.8275E-02   0.3495E-02
         277   0.7229E-03  -0.1001E-03
         278  -0.1650E-02  -0.3784E-02
         279   0.1113E-03  -0.7369E-03
         280   0.7606E-02   0.2837E-02
         281  -0.2317E-03  -0.1140E-02
         282  -0.2534E-02  -0.4694E-02
         283  -0.7356E-03  -0.1550E-02
         284   0.6637E-02   0.1883E-02
         285  -0.8378E-03  -0.1735E-02
         286  -0.3157E-02  -0.5189E-02
         287  -0.9556E-03  -0.1834E-02
         288   0.6355E-02   0.1799E-02
         289  -0.1222E-02  -0.1867E-02
         290  -0.3410E-02  -0.5280E-02
         291  -0.1215E-02  -0.1870E-02
         292   0.5902E-02   0.1649E-02
         293  -0.1425E-02  -0.1898E-02
         294  -0.3713E-02  -0.5293E-02
         295  -0.1669E-02  -0.1924E-02
         296   0.6199E-02   0.2069E-02
         297  -0.9946E-03  -0.1470E-02
         298  -0.3328E-02  -0.4944E-02
         299  -0.1040E-02  -0.1570E-02
         300   0.6400E-02   0.2131E-02
         301  -0.9693E-03  -0.1325E-02
         302  -0.3186E-02  -0.4705E-02
         303  -0.9942E-03  -0.1278E-02
         304   0.6289E-02   0.2348E-02
         305  -0.9006E-03  -0.1175E-02
         306  -0.3116E-02  -0.4507E-02
         307  -0.1017E-02  -0.1180E-02
         308   0.6352E-02   0.2347E-02
         309  -0.1250E-02  -0.1457E-02
         310  -0.3831E-02  -0.5045E-02
         311  -0.1667E-02  -0.1558E-02
         312   0.5694E-02   0.1957E-02
         313  -0.1626E-02  -0.1692E-02
         314  -0.4006E-02  -0.5306E-02
         315  -0.1850E-02  -0.1714E-02
         316   0.5162E-02   0.1799E-02
         317  -0.2199E-02  -0.1785E-02
         318  -0.4752E-02  -0.5471E-02
         319  -0.2650E-02  -0.2127E-02
         320   0.4697E-02   0.1371E-02
         321  -0.2762E-02  -0.2227E-02
         322  -0.5122E-02  -0.5770E-02
         323  -0.2952E-02  -0.2400E-02
         324   0.4451E-02   0.1213E-02
         325  -0.3305E-02  -0.2589E-02
         326  -0.5627E-02  -0.5967E-02
         327  -0.3330E-02  -0.2427E-02
         328   0.3855E-02   0.1057E-02
         329  -0.3607E-02  -0.2637E-02
         330  -0.5962E-02  -0.6055E-02
         331  -0.3808E-02  -0.2527E-02
         332   0.3598E-02   0.1202E-02
         333  -0.3587E-02  -0.2203E-02
         334  -0.6009E-02  -0.5609E-02
         335  -0.3869E-02  -0.2138E-02
         336   0.3933E-02   0.1827E-02
         337  -0.3656E-02  -0.1728E-02
         338  -0.5824E-02  -0.5014E-02
         339  -0.3645E-02  -0.1449E-02
         340   0.4020E-02   0.2430E-02
         341  -0.3360E-02  -0.1172E-02
         342  -0.5410E-02  -0.4401E-02
         343  -0.3442E-02  -0.1022E-02
         344   0.4123E-02   0.2631E-02
         345  -0.3157E-02  -0.9176E-03
         346  -0.5173E-02  -0.4169E-02
         347  -0.3068E-02  -0.6423E-03
         348   0.4828E-02   0.3199E-02
         349  -0.2948E-02  -0.5546E-03
         350  -0.5137E-02  -0.3901E-02
         351  -0.3033E-02  -0.4566E-03
         352   0.4191E-02   0.2872E-02
         353  -0.3722E-02  -0.9404E-03
         354  -0.5797E-02  -0.4445E-02
         355  -0.4310E-02  -0.1351E-02
         356   0.3313E-02   0.2059E-02
         357  -0.4235E-02  -0.1619E-02
         358  -0.6204E-02  -0.4994E-02
         359  -0.4658E-02  -0.1962E-02
         360   0.3121E-02   0.1763E-02
         361  -0.4517E-02  -0.1873E-02
         362  -0.6477E-02  -0.5279E-02
         363  -0.4150E-02  -0.1808E-02
         364   0.3657E-02   0.1873E-02
         365  -0.4094E-02  -0.1825E-02
         366  -0.5985E-02  -0.5287E-02
         367  -0.4313E-02  -0.2115E-02
         368   0.3391E-02   0.1596E-02
         369  -0.4207E-02  -0.2086E-02
         370  -0.6121E-02  -0.5436E-02
         371  -0.4190E-02  -0.2091E-02
         372   0.3768E-02   0.1636E-02
         373  -0.3654E-02  -0.1871E-02
         374  -0.5343E-02  -0.5075E-02
         375  -0.3101E-02  -0.1776E-02
         376   0.4667E-02   0.1929E-02
         377  -0.3003E-02  -0.1848E-02
         378  -0.4928E-02  -0.5266E-02
         379  -0.2927E-02  -0.1836E-02
         380   0.4790E-02   0.1840E-02
         381  -0.2789E-02  -0.1769E-02
         382  -0.4635E-02  -0.5146E-02
         383  -0.2882E-02  -0.2116E-02
         384   0.4559E-02   0.1346E-02
         385  -0.3265E-02  -0.2448E-02
         386  -0.5002E-02  -0.5608E-02
         387  -0.3057E-02  -0.2350E-02
         388   0.4602E-02   0.1376E-02
         389  -0.2995E-02  -0.2390E-02
         390  -0.4660E-02  -0.5595E-02
         391  -0.2809E-02  -0.2439E-02
         392   0.4781E-02   0.1319E-02
         393  -0.2991E-02  -0.2490E-02
         394  -0.4981E-02  -0.5904E-02
         395  -0.3080E-02  -0.2731E-02
         396   0.4488E-02   0.9393E-03
         397  -0.3331E-02  -0.3003E-02
         398  -0.5434E-02  -0.6546E-02
         399  -0.3429E-02  -0.3318E-02
         400   0.4325E-02   0.4883E-03
         401  -0.3172E-02  -0.3131E-02
         402  -0.5302E-02  -0.6545E-02
         403  -0.3495E-02  -0.3421E-02
         404   0.3953E-02   0.1233E-03
         405  -0.3193E-02  -0.3329E-02
         406  -0.5379E-02  -0.6900E-02
         407  -0.3016E-02  -0.3468E-02
         408   0.4491E-02   0.9897E-04
         409  -0.3219E-02  -0.3823E-02
         410  -0.5245E-02  -0.7284E-02
         411  -0.3192E-02  -0.4023E-02
         412   0.4265E-02  -0.4514E-03
         413  -0.3002E-02  -0.3982E-02
         414  -0.5198E-02  -0.7467E-02
         415  -0.3372E-02  -0.4272E-02
         416   0.4281E-02  -0.6910E-03
         417  -0.3452E-02  -0.4512E-02
         418  -0.5354E-02  -0.7836E-02
         419  -0.3126E-02  -0.4368E-02
         420   0.4213E-02  -0.7631E-03
         421  -0.3284E-02  -0.4320E-02
         422  -0.5195E-02  -0.7661E-02
         423  -0.3229E-02  -0.4320E-02
         424   0.4272E-02  -0.7859E-03
         425  -0.3251E-02  -0.4328E-02
         426  -0.5262E-02  -0.7723E-02
         427  -0.2979E-02  -0.4153E-02
         428   0.4576E-02  -0.4275E-03
         429  -0.2697E-02  -0.3813E-02
         430  -0.5036E-02  -0.7323E-02
         431  -0.2891E-02  -0.3927E-02
         432   0.4722E-02  -0.3739E-03
         433  -0.2781E-02  -0.3881E-02
         434  -0.4619E-02  -0.7267E-02
         435  -0.2800E-02  -0.3990E-02
         436   0.4639E-02  -0.4352E-03
         437  -0.2810E-02  -0.3877E-02
         438  -0.4993E-02  -0.7150E-02
         439  -0.2682E-02  -0.3563E-02
         440   0.4981E-02   0.2022E-03
         441  -0.2524E-02  -0.3450E-02
         442  -0.4778E-02  -0.7089E-02
         443  -0.2788E-02  -0.3699E-02
         444   0.4704E-02  -0.1110E-03
         445  -0.3034E-02  -0.3953E-02
         446  -0.4897E-02  -0.7221E-02
         447  -0.2834E-02  -0.3674E-02
         448   0.4743E-02   0.1500E-03
         449  -0.2600E-02  -0.3397E-02
         450  -0.4831E-02  -0.7028E-02
         451  -0.2978E-02  -0.3709E-02
         452   0.4604E-02  -0.4292E-04
         453  -0.3069E-02  -0.3732E-02
         454  -0.4967E-02  -0.7023E-02
         455  -0.2648E-02  -0.3557E-02
         456   0.4864E-02   0.9478E-04
         457  -0.3032E-02  -0.3842E-02
         458  -0.5202E-02  -0.7230E-02
         459  -0.3198E-02  -0.3767E-02
         460   0.4372E-02  -0.9948E-04
         461  -0.3150E-02  -0.3712E-02
         462  -0.5413E-02  -0.7116E-02
         463  -0.3464E-02  -0.3728E-02
         464   0.4415E-02   0.1525E-03
         465  -0.3042E-02  -0.3462E-02
         466  -0.5138E-02  -0.6812E-02
         467  -0.2983E-02  -0.3398E-02
         468   0.4574E-02   0.4322E-03
         469  -0.2832E-02  -0.3141E-02
         470  -0.4947E-02  -0.6484E-02
         471  -0.2793E-02  -0.3083E-02
         472   0.4955E-02   0.5784E-03
         473  -0.2467E-02  -0.3066E-02
         474  -0.4821E-02  -0.6590E-02
         475  -0.2794E-02  -0.3305E-02
         476   0.4738E-02   0.2417E-03
         477  -0.2735E-02  -0.3617E-02
         478  -0.4733E-02  -0.7013E-02
         479  -0.2659E-02  -0.3701E-02
         480   0.4386E-02  -0.2945E-03
         481  -0.3110E-02  -0.4077E-02
         482  -0.5301E-02  -0.7575E-02
         483  -0.3470E-02  -0.4306E-02
         484   0.4032E-02  -0.7452E-03
         485  -0.3497E-02  -0.4568E-02
         486  -0.6120E-02  -0.8265E-02
         487  -0.4032E-02  -0.4981E-02
         488   0.3401E-02  -0.1346E-02
         489  -0.4254E-02  -0.5230E-02
         490  -0.6530E-02  -0.8661E-02
         491  -0.4337E-02  -0.5281E-02
         492   0.2735E-02  -0.1901E-02
         493  -0.4804E-02  -0.5780E-02
         494  -0.7204E-02  -0.9362E-02
         495  -0.5410E-02  -0.6124E-02
         496   0.1964E-02  -0.2552E-02
         497  -0.5590E-02  -0.6409E-02
         498  -0.7913E-02  -0.9884E-02
         499  -0.5745E-02  -0.6629E-02
         500   0.1482E-02  -0.3147E-02
         501  -0.6499E-02  -0.6943E-02
         502  -0.8456E-02  -0.1033E-01
         503  -0.6327E-02  -0.6801E-02
         504   0.8317E-03  -0.3412E-02
         505  -0.6396E-02  -0.6939E-02
         506  -0.8516E-02  -0.1045E-01
         507  -0.6674E-02  -0.7162E-02
         508   0.7463E-03  -0.3649E-02
         509  -0.6921E-02  -0.7340E-02
         510  -0.8913E-02  -0.1069E-01
         511  -0.6663E-02  -0.7244E-02
         512   0.8077E-03  -0.3751E-02
         513  -0.6990E-02  -0.7460E-02
         514  -0.8829E-02  -0.1076E-01
         515  -0.6789E-02  -0.7249E-02
         516   0.7693E-03  -0.3596E-02
         517  -0.6616E-02  -0.7078E-02
         518  -0.8415E-02  -0.1025E-01
         519  -0.6291E-02  -0.6749E-02
         520   0.1452E-02  -0.2875E-02
         521  -0.6107E-02  -0.6357E-02
         522  -0.8009E-02  -0.9607E-02
         523  -0.6062E-02  -0.6173E-02
         524   0.1753E-02  -0.2338E-02
         525  -0.5853E-02  -0.6012E-02
         526  -0.7885E-02  -0.9482E-02
         527  -0.5843E-02  -0.6023E-02
         528   0.1637E-02  -0.2455E-02
         529  -0.5723E-02  -0.6029E-02
         530  -0.7629E-02  -0.9252E-02
         531  -0.5730E-02  -0.5977E-02
         532   0.1730E-02  -0.2522E-02
         533  -0.6075E-02  -0.6324E-02
         534  -0.8132E-02  -0.9677E-02
         535  -0.6164E-02  -0.6329E-02
         536   0.1490E-02  -0.2727E-02
         537  -0.6135E-02  -0.6346E-02
         538  -0.7939E-02  -0.9571E-02
         539  -0.6046E-02  -0.6227E-02
         540   0.1483E-02  -0.2675E-02
         541  -0.5956E-02  -0.6221E-02
         542  -0.8022E-02  -0.9722E-02
         543  -0.6274E-02  -0.6565E-02
         544   0.1284E-02  -0.2860E-02
         545  -0.6413E-02  -0.6543E-02
         546  -0.8271E-02  -0.9828E-02
         547  -0.6201E-02  -0.6266E-02
         548   0.1560E-02  -0.2589E-02
         549  -0.6229E-02  -0.6321E-02
         550  -0.8248E-02  -0.9657E-02
         551  -0.6325E-02  -0.6258E-02
         552   0.1140E-02  -0.2459E-02
         553  -0.6141E-02  -0.5873E-02
         554  -0.8150E-02  -0.8963E-02
         555  -0.6193E-02  -0.5787E-02
         556   0.1361E-02  -0.1964E-02
         557  -0.5985E-02  -0.5592E-02
         558  -0.8174E-02  -0.8954E-02
         559  -0.5872E-02  -0.5552E-02
         560   0.1469E-02  -0.1977E-02
         561  -0.5911E-02  -0.5678E-02
         562  -0.8209E-02  -0.9092E-02
         563  -0.5902E-02  -0.5687E-02
         564   0.1130E-02  -0.2162E-02
         565  -0.5704E-02  -0.5547E-02
         566  -0.8278E-02  -0.9130E-02
         567  -0.6072E-02  -0.5857E-02
         568   0.1340E-02  -0.2219E-02
         569  -0.6054E-02  -0.5908E-02
         570  -0.8397E-02  -0.9256E-02
         571  -0.5765E-02  -0.5529E-02
         572   0.1582E-02  -0.1884E-02
         573  -0.5808E-02  -0.5631E-02
         574  -0.7925E-02  -0.8798E-02
         575  -0.5624E-02  -0.5405E-02
         576   0.1381E-02  -0.1940E-02
         577  -0.5697E-02  -0.5471E-02
         578  -0.7941E-02  -0.8808E-02
         579  -0.5533E-02  -0.5513E-02
         580   0.1945E-02  -0.1770E-02
         581  -0.5205E-02  -0.5434E-02
         582  -0.7734E-02  -0.8984E-02
         583  -0.5245E-02  -0.5598E-02
         584   0.1938E-02  -0.2101E-02
         585  -0.5177E-02  -0.5684E-02
         586  -0.7188E-02  -0.8813E-02
         587  -0.4675E-02  -0.5317E-02
         588   0.2677E-02  -0.1633E-02
         589  -0.4275E-02  -0.5089E-02
         590  -0.6625E-02  -0.8486E-02
         591  -0.4270E-02  -0.5056E-02
         592   0.3153E-02  -0.1362E-02
         593  -0.4089E-02  -0.5032E-02
         594  -0.6475E-02  -0.8369E-02
         595  -0.3824E-02  -0.4984E-02
         596   0.3489E-02  -0.1239E-02
         597  -0.3753E-02  -0.4855E-02
         598  -0.6134E-02  -0.8196E-02
         599  -0.3732E-02  -0.4805E-02
         600   0.3551E-02  -0.1122E-02
         601  -0.3438E-02  -0.4600E-02
         602  -0.5757E-02  -0.7822E-02
         603  -0.3459E-02  -0.4397E-02
         604   0.3926E-02  -0.7859E-03
         605  -0.3204E-02  -0.4444E-02
         606  -0.5711E-02  -0.7862E-02
         607  -0.3293E-02  -0.4578E-02
         608   0.3969E-02  -0.8448E-03
         609  -0.3126E-02  -0.4377E-02
         610  -0.5472E-02  -0.7944E-02
         611  -0.3381E-02  -0.4819E-02
         612   0.3747E-02  -0.1341E-02
         613  -0.3553E-02  -0.5093E-02
         614  -0.5778E-02  -0.8417E-02
         615  -0.3506E-02  -0.5199E-02
         616   0.3771E-02  -0.1767E-02
         617  -0.3463E-02  -0.5423E-02
         618  -0.5966E-02  -0.8910E-02
         619  -0.3827E-02  -0.5721E-02
         620   0.3414E-02  -0.2103E-02
         621  -0.3754E-02  -0.5620E-02
         622  -0.6191E-02  -0.9032E-02
         623  -0.3773E-02  -0.5580E-02
         624   0.3516E-02  -0.1920E-02
         625  -0.3648E-02  -0.5595E-02
         626  -0.5970E-02  -0.8973E-02
         627  -0.3661E-02  -0.5674E-02
         628   0.3362E-02  -0.2159E-02
         629  -0.3796E-02  -0.5723E-02
         630  -0.6338E-02  -0.9361E-02
         631  -0.3728E-02  -0.5812E-02
         632   0.3493E-02  -0.2184E-02
         633  -0.3743E-02  -0.5651E-02
         634  -0.6005E-02  -0.9003E-02
         635  -0.3859E-02  -0.5654E-02
         636   0.3324E-02  -0.2079E-02
         637  -0.3521E-02  -0.5500E-02
         638  -0.6048E-02  -0.9112E-02
         639  -0.3409E-02  -0.5487E-02
         640   0.3997E-02  -0.1796E-02
         641  -0.3129E-02  -0.5328E-02
         642  -0.5452E-02  -0.8741E-02
         643  -0.3145E-02  -0.5288E-02
         644   0.4038E-02  -0.1601E-02
         645  -0.3143E-02  -0.4979E-02
         646  -0.5317E-02  -0.8301E-02
         647  -0.2884E-02  -0.4649E-02
         648   0.4359E-02  -0.1121E-02
         649  -0.2592E-02  -0.4418E-02
         650  -0.4827E-02  -0.7964E-02
         651  -0.2448E-02  -0.4482E-02
         652   0.4729E-02  -0.8117E-03
         653  -0.2703E-02  -0.4358E-02
         654  -0.4729E-02  -0.7599E-02
         655  -0.2439E-02  -0.4214E-02
         656   0.4945E-02  -0.6802E-03
         657  -0.2716E-02  -0.4377E-02
         658  -0.4781E-02  -0.7571E-02
         659  -0.2542E-02  -0.4157E-02
         660   0.4999E-02  -0.4201E-03
         661  -0.2415E-02  -0.4023E-02
         662  -0.4505E-02  -0.7470E-02
         663  -0.2345E-02  -0.4028E-02
         664   0.5016E-02  -0.4120E-03
         665  -0.2329E-02  -0.3960E-02
         666  -0.4471E-02  -0.7294E-02
         667  -0.2593E-02  -0.4015E-02
         668   0.4593E-02  -0.4988E-03
         669  -0.2741E-02  -0.4050E-02
         670  -0.4937E-02  -0.7322E-02
         671  -0.2834E-02  -0.3970E-02
         672   0.4510E-02  -0.2285E-03
         673  -0.2775E-02  -0.3867E-02
         674  -0.5199E-02  -0.7292E-02
         675  -0.3130E-02  -0.3923E-02
         676   0.4462E-02  -0.2605E-04
         677  -0.2664E-02  -0.3478E-02
         678  -0.4898E-02  -0.6671E-02
         679  -0.2764E-02  -0.3302E-02
         680   0.4253E-02   0.1568E-03
         681  -0.2945E-02  -0.3348E-02
         682  -0.5121E-02  -0.6744E-02
         683  -0.2899E-02  -0.3182E-02
         684   0.4494E-02   0.5381E-03
         685  -0.2947E-02  -0.3316E-02
         686  -0.5324E-02  -0.6847E-02
         687  -0.3294E-02  -0.3559E-02
         688   0.4049E-02  -0.1024E-03
         689  -0.3366E-02  -0.3745E-02
         690  -0.5318E-02  -0.7040E-02
         691  -0.3056E-02  -0.3527E-02
         692   0.3929E-02  -0.1597E-03
         693  -0.3224E-02  -0.3812E-02
         694  -0.5415E-02  -0.7276E-02
         695  -0.3117E-02  -0.3622E-02
         696   0.4360E-02  -0.2542E-04
         697  -0.2790E-02  -0.3552E-02
         698  -0.5270E-02  -0.7101E-02
         699  -0.3023E-02  -0.3723E-02
         700   0.4292E-02  -0.7195E-04
         701  -0.3018E-02  -0.3686E-02
         702  -0.4976E-02  -0.6961E-02
         703  -0.2478E-02  -0.3380E-02
         704   0.4639E-02   0.1846E-03
         705  -0.2403E-02  -0.3239E-02
         706  -0.4717E-02  -0.6674E-02
         707  -0.2573E-02  -0.3315E-02
         708   0.4616E-02   0.4839E-04
         709  -0.2863E-02  -0.3601E-02
         710  -0.5211E-02  -0.7063E-02
         711  -0.2774E-02  -0.3616E-02
         712   0.4651E-02  -0.5699E-04
         713  -0.2558E-02  -0.3521E-02
         714  -0.4482E-02  -0.6738E-02
         715  -0.2511E-02  -0.3492E-02
         716   0.4671E-02   0.1318E-03
         717  -0.2599E-02  -0.3519E-02
         718  -0.4995E-02  -0.7024E-02
         719  -0.2966E-02  -0.3779E-02
         720   0.4369E-02  -0.3849E-03
         721  -0.2999E-02  -0.3986E-02
         722  -0.5204E-02  -0.7428E-02
         723  -0.2809E-02  -0.3982E-02
         724   0.4714E-02  -0.2711E-03
         725  -0.2647E-02  -0.3751E-02
         726  -0.4891E-02  -0.7102E-02
         727  -0.2705E-02  -0.3627E-02
         728   0.4837E-02   0.1620E-03
         729  -0.2299E-02  -0.3269E-02
         730  -0.4524E-02  -0.6514E-02
         731  -0.2187E-02  -0.2965E-02
         732   0.5360E-02   0.6999E-03
         733  -0.1984E-02  -0.2872E-02
         734  -0.4192E-02  -0.6160E-02
         735  -0.2005E-02  -0.2652E-02
         736   0.5916E-02   0.1388E-02
         737  -0.1737E-02  -0.2115E-02
         738  -0.3841E-02  -0.5437E-02
         739  -0.1894E-02  -0.2048E-02
         740   0.5600E-02   0.1676E-02
         741  -0.1688E-02  -0.1854E-02
         742  -0.3915E-02  -0.5107E-02
         743  -0.1774E-02  -0.1676E-02
         744   0.5800E-02   0.1991E-02
         745  -0.1563E-02  -0.1489E-02
         746  -0.3616E-02  -0.4722E-02
         747  -0.1410E-02  -0.1214E-02
         748   0.6232E-02   0.2757E-02
         749  -0.1128E-02  -0.6324E-03
         750  -0.3262E-02  -0.3999E-02
         751  -0.1121E-02  -0.4775E-03
         752   0.6559E-02   0.3534E-02
         753  -0.7468E-03   0.1338E-03
         754  -0.2796E-02  -0.3082E-02
         755  -0.7296E-03   0.4355E-03
         756   0.6720E-02   0.4196E-02
         757  -0.6435E-03   0.5486E-03
         758  -0.3213E-02  -0.2976E-02
         759  -0.9957E-03   0.3767E-03
         760   0.6321E-02   0.3907E-02
         761  -0.1133E-02   0.3534E-03
         762  -0.3291E-02  -0.3131E-02
         763  -0.9415E-03   0.4702E-03
         764   0.6493E-02   0.4092E-02
         765  -0.9590E-03   0.5651E-03
         766  -0.3132E-02  -0.2898E-02
         767  -0.9917E-03   0.4492E-03
         768   0.6345E-02   0.3973E-02
         769  -0.1036E-02   0.2642E-03
         770  -0.3446E-02  -0.3311E-02
         771  -0.1504E-02  -0.8197E-04
         772   0.5978E-02   0.3417E-02
         773  -0.1884E-02  -0.5619E-03
         774  -0.4030E-02  -0.4028E-02
         775  -0.2111E-02  -0.7899E-03
         776   0.5266E-02   0.2764E-02
         777  -0.1949E-02  -0.9517E-03
         778  -0.4145E-02  -0.4465E-02
         779  -0.2054E-02  -0.1246E-02
         780   0.5452E-02   0.2322E-02
         781  -0.2114E-02  -0.1574E-02
         782  -0.4375E-02  -0.5126E-02
         783  -0.2290E-02  -0.1808E-02
         784   0.5081E-02   0.1681E-02
         785  -0.2275E-02  -0.1926E-02
         786  -0.4499E-02  -0.5591E-02
         787  -0.2630E-02  -0.2473E-02
         788   0.4561E-02   0.9750E-03
         789  -0.2701E-02  -0.2690E-02
         790  -0.4824E-02  -0.6059E-02
         791  -0.2448E-02  -0.2544E-02
         792   0.4831E-02   0.8839E-03
         793  -0.2534E-02  -0.2776E-02
         794  -0.4745E-02  -0.6337E-02
         795  -0.2680E-02  -0.3117E-02
         796   0.4596E-02   0.4444E-03
         797  -0.2676E-02  -0.3235E-02
         798  -0.4760E-02  -0.6447E-02
         799  -0.2501E-02  -0.2956E-02
         800   0.4678E-02   0.4928E-03
         801  -0.2726E-02  -0.3111E-02
         802  -0.4928E-02  -0.6624E-02
         803  -0.2967E-02  -0.3381E-02
         804   0.4731E-02   0.3586E-03
         805  -0.2829E-02  -0.3284E-02
         806  -0.5042E-02  -0.6697E-02
         807  -0.2753E-02  -0.3355E-02
         808   0.4708E-02   0.3449E-03
         809  -0.2348E-02  -0.2955E-02
         810  -0.4561E-02  -0.6264E-02
         811  -0.2447E-02  -0.2850E-02
         812   0.4970E-02   0.7947E-03
         813  -0.2335E-02  -0.2690E-02
         814  -0.4131E-02  -0.5764E-02
         815  -0.2012E-02  -0.2328E-02
         816   0.5257E-02   0.1249E-02
         817  -0.1938E-02  -0.2148E-02
         818  -0.3879E-02  -0.5226E-02
         819  -0.1805E-02  -0.1719E-02
         820   0.5624E-02   0.2029E-02
         821  -0.1727E-02  -0.1399E-02
         822  -0.4029E-02  -0.4706E-02
         823  -0.1785E-02  -0.1252E-02
         824   0.5623E-02   0.2420E-02
         825  -0.1578E-02  -0.1022E-02
         826  -0.3757E-02  -0.4392E-02
         827  -0.1427E-02  -0.9383E-03
         828   0.5836E-02   0.2654E-02
         829  -0.1581E-02  -0.9446E-03
         830  -0.3422E-02  -0.4017E-02
         831  -0.1218E-02  -0.5035E-03
         832   0.6101E-02   0.3005E-02
         833  -0.1273E-02  -0.6325E-03
         834  -0.3289E-02  -0.3853E-02
         835  -0.7829E-03  -0.2779E-03
         836   0.6373E-02   0.3316E-02
         837  -0.1058E-02  -0.3620E-03
         838  -0.3334E-02  -0.3778E-02
         839  -0.8875E-03  -0.2133E-03
         840   0.6540E-02   0.3301E-02
         841  -0.1141E-02  -0.4323E-03
         842  -0.3059E-02  -0.3702E-02
         843  -0.1056E-02  -0.3608E-03
         844   0.6110E-02   0.3156E-02
         845  -0.1166E-02  -0.1902E-03
         846  -0.3296E-02  -0.3626E-02
         847  -0.1159E-02  -0.1068E-03
         848   0.6235E-02   0.3536E-02
         849  -0.1168E-02   0.3711E-05
         850  -0.3356E-02  -0.3435E-02
         851  -0.1234E-02   0.8319E-04
         852   0.6346E-02   0.3817E-02
         853  -0.8367E-03   0.3155E-03
         854  -0.2698E-02  -0.2835E-02
         855  -0.3871E-03   0.6117E-03
         856   0.7029E-02   0.4144E-02
         857  -0.6193E-03   0.5015E-03
         858  -0.2671E-02  -0.2935E-02
         859  -0.8019E-03   0.4380E-03
         860   0.6794E-02   0.4034E-02
         861  -0.7794E-03   0.6539E-03
         862  -0.2712E-02  -0.2616E-02
         863  -0.4294E-03   0.1028E-02
         864   0.7281E-02   0.4739E-02
         865  -0.3694E-03   0.1003E-02
         866  -0.2066E-02  -0.2455E-02
         867  -0.3852E-03   0.7548E-03
         868   0.7027E-02   0.4150E-02
         869  -0.6762E-03   0.5972E-03
         870  -0.2480E-02  -0.2851E-02
         871  -0.6607E-03   0.3665E-03
         872   0.6863E-02   0.3798E-02
         873  -0.7569E-03   0.5727E-04
         874  -0.2565E-02  -0.3553E-02
         875  -0.7285E-03  -0.1095E-03
         876   0.6787E-02   0.3361E-02
         877  -0.1143E-02  -0.6198E-03
         878  -0.3151E-02  -0.4223E-02
         879  -0.1461E-02  -0.1064E-02
         880   0.6164E-02   0.2481E-02
         881  -0.1545E-02  -0.1312E-02
         882  -0.3397E-02  -0.4791E-02
         883  -0.1684E-02  -0.1497E-02
         884   0.6184E-02   0.2164E-02
         885  -0.1500E-02  -0.1478E-02
         886  -0.3403E-02  -0.4890E-02
         887  -0.1617E-02  -0.1626E-02
         888   0.5872E-02   0.2037E-02
         889  -0.1969E-02  -0.1772E-02
         890  -0.3716E-02  -0.5046E-02
         891  -0.1827E-02  -0.1646E-02
         892   0.6049E-02   0.2122E-02
         893  -0.1617E-02  -0.1321E-02
         894  -0.3282E-02  -0.4561E-02
         895  -0.1287E-02  -0.1137E-02
         896   0.6425E-02   0.2538E-02
         897  -0.1160E-02  -0.1070E-02
         898  -0.2952E-02  -0.4335E-02
         899  -0.1100E-02  -0.1011E-02
         900   0.6742E-02   0.2687E-02
         901  -0.9389E-03  -0.1106E-02
         902  -0.2820E-02  -0.4522E-02
         903  -0.8249E-03  -0.1134E-02
         904   0.6853E-02   0.2527E-02
         905  -0.5619E-03  -0.9362E-03
         906  -0.2509E-02  -0.4200E-02
         907  -0.3872E-03  -0.8224E-03
         908   0.7341E-02   0.3062E-02
         909  -0.3721E-03  -0.5659E-03
         910  -0.2162E-02  -0.3876E-02
         911  -0.2905E-03  -0.5473E-03
         912   0.7412E-02   0.3059E-02
         913  -0.2563E-03  -0.7160E-03
         914  -0.2150E-02  -0.4038E-02
         915  -0.1813E-03  -0.7811E-03
         916   0.7305E-02   0.2710E-02
         917  -0.1693E-03  -0.9591E-03
         918  -0.2251E-02  -0.4226E-02
         919  -0.5210E-03  -0.1041E-02
         920   0.7043E-02   0.2562E-02
         921  -0.4771E-03  -0.1048E-02
         922  -0.2625E-02  -0.4587E-02
         923  -0.9037E-03  -0.1299E-02
         924   0.6668E-02   0.2329E-02
         925  -0.8076E-03  -0.1223E-02
         926  -0.2943E-02  -0.4557E-02
         927  -0.7997E-03  -0.1294E-02
         928   0.6493E-02   0.2011E-02
         929  -0.8305E-03  -0.1453E-02
         930  -0.2952E-02  -0.4781E-02
         931  -0.7287E-03  -0.1436E-02
         932   0.6497E-02   0.2110E-02
         933  -0.1002E-02  -0.1519E-02
         934  -0.3097E-02  -0.4927E-02
         935  -0.1097E-02  -0.1596E-02
         936   0.6259E-02   0.1886E-02
         937  -0.1238E-02  -0.1841E-02
         938  -0.3204E-02  -0.5069E-02
         939  -0.8008E-03  -0.1467E-02
         940   0.6431E-02   0.2007E-02
         941  -0.9201E-03  -0.1566E-02
         942  -0.2927E-02  -0.4875E-02
         943  -0.5723E-03  -0.1341E-02
         944   0.6596E-02   0.2054E-02
         945  -0.7818E-03  -0.1679E-02
         946  -0.2995E-02  -0.5048E-02
         947  -0.9123E-03  -0.1755E-02
         948   0.6507E-02   0.1777E-02
         949  -0.9927E-03  -0.1689E-02
         950  -0.3113E-02  -0.5197E-02
         951  -0.6910E-03  -0.1667E-02
         952   0.6677E-02   0.1850E-02
         953  -0.5941E-03  -0.1629E-02
         954  -0.2678E-02  -0.5250E-02
         955  -0.2793E-03  -0.1799E-02
         956   0.6939E-02   0.1774E-02
         957  -0.2233E-03  -0.1712E-02
         958  -0.2509E-02  -0.5206E-02
         959  -0.2689E-03  -0.1619E-02
         960   0.7151E-02   0.1943E-02
         961  -0.1336E-03  -0.1528E-02
         962  -0.2209E-02  -0.5009E-02
         963   0.2123E-05  -0.1578E-02
         964   0.7154E-02   0.1829E-02
         965  -0.4113E-03  -0.1779E-02
         966  -0.2384E-02  -0.5139E-02
         967  -0.5952E-04  -0.1744E-02
         968   0.7021E-02   0.1628E-02
         969  -0.4264E-03  -0.1949E-02
         970  -0.2579E-02  -0.5407E-02
         971  -0.1005E-03  -0.1873E-02
         972   0.7179E-02   0.1539E-02
         973  -0.3659E-03  -0.2094E-02
         974  -0.2496E-02  -0.5537E-02
         975  -0.2777E-03  -0.2182E-02
         976   0.7146E-02   0.1349E-02
         977  -0.1793E-03  -0.2292E-02
         978  -0.2613E-02  -0.6068E-02
         979  -0.3810E-03  -0.2776E-02
         980   0.6629E-02   0.5817E-03
         981  -0.5921E-03  -0.2890E-02
         982  -0.2583E-02  -0.6229E-02
         983  -0.2546E-03  -0.2737E-02
         984   0.6670E-02   0.4929E-03
         985  -0.8959E-03  -0.3286E-02
         986  -0.3314E-02  -0.6834E-02
         987  -0.1091E-02  -0.3576E-02
         988   0.6000E-02  -0.7302E-04
         989  -0.1498E-02  -0.3801E-02
         990  -0.3633E-02  -0.7158E-02
         991  -0.1395E-02  -0.3710E-02
         992   0.5643E-02  -0.4791E-03
         993  -0.2142E-02  -0.4278E-02
         994  -0.4224E-02  -0.7564E-02
         995  -0.1998E-02  -0.4044E-02
         996   0.5302E-02  -0.5714E-03
         997  -0.2204E-02  -0.4272E-02
         998  -0.4305E-02  -0.7679E-02
         999  -0.2414E-02  -0.4514E-02
        1000   0.5000E-02  -0.8164E-03
