        T/Tc        U_med      U_error        M_med      M_error       Mexact           cv         susc       Binder
  0.0000E+00  -0.7201E+03   0.1608E-13   0.1000E+00   0.9813E-17   0.1000E+01   0.0000E+00   0.0000E+00   0.6667E+00
  0.1020E-01  -0.7201E+03   0.1608E-13   0.1000E+00   0.9813E-17   0.1000E+01   0.5600E+11   0.2081E-30   0.6667E+00
  0.2041E-01  -0.7201E+03   0.1608E-13   0.1000E+00   0.9813E-17   0.1000E+01   0.2800E+11   0.1040E-30   0.6667E+00
  0.3061E-01  -0.7201E+03   0.1608E-13   0.1000E+00   0.9813E-17   0.1000E+01   0.1867E+11   0.6936E-31   0.6667E+00
  0.4082E-01  -0.7201E+03   0.1608E-13   0.1000E+00   0.9813E-17   0.1000E+01   0.1400E+11   0.5202E-31   0.6667E+00
  0.5102E-01  -0.7201E+03   0.1608E-13   0.1000E+00   0.9813E-17   0.1000E+01   0.1120E+11   0.4162E-31   0.6667E+00
  0.6122E-01  -0.7201E+03   0.1608E-13   0.1000E+00   0.9813E-17   0.1000E+01   0.9333E+10   0.3468E-31   0.6667E+00
  0.7143E-01  -0.7201E+03   0.1608E-13   0.1000E+00   0.9813E-17   0.1000E+01   0.7999E+10   0.2973E-31   0.6667E+00
  0.8163E-01  -0.7201E+03   0.1608E-13   0.1000E+00   0.9813E-17   0.1000E+01   0.6999E+10   0.2601E-31   0.6667E+00
  0.9184E-01  -0.7201E+03   0.1608E-13   0.1000E+00   0.9813E-17   0.1000E+01   0.6222E+10   0.2312E-31   0.6667E+00
  0.1020E+00  -0.7201E+03   0.1608E-13   0.1000E+00   0.9813E-17   0.1000E+01   0.5600E+10   0.2081E-31   0.6667E+00
  0.1122E+00  -0.7201E+03   0.1608E-13   0.1000E+00   0.9813E-17   0.1000E+01   0.5090E+10   0.1892E-31   0.6667E+00
  0.1224E+00  -0.7201E+03   0.1608E-13   0.1000E+00   0.9813E-17   0.1000E+01   0.4666E+10   0.1734E-31   0.6667E+00
  0.1327E+00  -0.7201E+03   0.1018E-03   0.1000E+00   0.1273E-06   0.1000E+01   0.4307E+10   0.2693E-11   0.6667E+00
  0.1429E+00  -0.7201E+03   0.1823E-03   0.1000E+00   0.2279E-06   0.1000E+01   0.4000E+10   0.8016E-11   0.6667E+00
  0.1531E+00  -0.7201E+03   0.7871E-02   0.1575E+00   0.6942E-02   0.1000E+01   0.3733E+10   0.6943E-02   0.5674E+00
  0.1633E+00  -0.7201E+03   0.9362E-02   0.2736E+00   0.6166E-02   0.1000E+01   0.3499E+10   0.5134E-02   0.6392E+00
  0.1735E+00  -0.7337E+03   0.4179E+01   0.6259E+00   0.2886E-01   0.1000E+01   0.3425E+10   0.1059E+00   0.5217E+00
  0.1837E+00  -0.8001E+03   0.1286E-12   0.1000E+01   0.9421E-16   0.1000E+01   0.3841E+10   0.1065E-29   0.6667E+00
  0.1939E+00  -0.8001E+03   0.1286E-12   0.1000E+01   0.9421E-16   0.1000E+01   0.3638E+10   0.1009E-29   0.6667E+00
  0.2041E+00  -0.8001E+03   0.1286E-12   0.1000E+01   0.9421E-16   0.1000E+01   0.3456E+10   0.9589E-30   0.6667E+00
  0.2143E+00  -0.8001E+03   0.1286E-12   0.1000E+01   0.9421E-16   0.1000E+01   0.3292E+10   0.9132E-30   0.6667E+00
  0.2245E+00  -0.8001E+03   0.1267E-02   0.1000E+01   0.7920E-06   0.1000E+01   0.3142E+10   0.6160E-10   0.6667E+00
  0.2347E+00  -0.8001E+03   0.1652E-02   0.1000E+01   0.1032E-05   0.1000E+01   0.3006E+10   0.1001E-09   0.6667E+00
  0.2449E+00  -0.8001E+03   0.5156E-03   0.1000E+01   0.3222E-06   0.1000E+01   0.2880E+10   0.9349E-11   0.6667E+00
  0.2551E+00  -0.8001E+03   0.5299E-03   0.1000E+01   0.3312E-06   0.1000E+01   0.2765E+10   0.9479E-11   0.6667E+00
  0.2653E+00  -0.8001E+03   0.1058E-02   0.1000E+01   0.6613E-06   0.1000E+01   0.2659E+10   0.3634E-10   0.6667E+00
  0.2755E+00  -0.8001E+03   0.5936E-03   0.1000E+01   0.3710E-06   0.1000E+01   0.2560E+10   0.1102E-10   0.6667E+00
  0.2857E+00  -0.8001E+03   0.1304E-02   0.1000E+01   0.8151E-06   0.1000E+01   0.2469E+10   0.5127E-10   0.6667E+00
  0.2959E+00  -0.8001E+03   0.3377E-02   0.1000E+01   0.2110E-05   0.1000E+01   0.2384E+10   0.3319E-09   0.6667E+00
  0.3061E+00  -0.8001E+03   0.2787E-02   0.1000E+01   0.1742E-05   0.1000E+01   0.2304E+10   0.2186E-09   0.6667E+00
  0.3163E+00  -0.8001E+03   0.4153E-02   0.1000E+01   0.2618E-05   0.1000E+01   0.2230E+10   0.4779E-09   0.6667E+00
  0.3265E+00  -0.8001E+03   0.4255E-02   0.1000E+01   0.2710E-05   0.1000E+01   0.2160E+10   0.4959E-09   0.6667E+00
  0.3367E+00  -0.8001E+03   0.4717E-02   0.1000E+01   0.2963E-05   0.9999E+00   0.2095E+10   0.5749E-09   0.6667E+00
  0.3469E+00  -0.8001E+03   0.5316E-02   0.1000E+01   0.3339E-05   0.9999E+00   0.2033E+10   0.7086E-09   0.6667E+00
  0.3571E+00  -0.8000E+03   0.5872E-02   0.1000E+01   0.3715E-05   0.9999E+00   0.1975E+10   0.8521E-09   0.6667E+00
  0.3673E+00  -0.8000E+03   0.7127E-02   0.1000E+01   0.4466E-05   0.9999E+00   0.1920E+10   0.1197E-08   0.6667E+00
  0.3776E+00  -0.8000E+03   0.1182E-01   0.1000E+01   0.7702E-05   0.9998E+00   0.1868E+10   0.3465E-08   0.6667E+00
  0.3878E+00  -0.7999E+03   0.1148E-01   0.1000E+01   0.7278E-05   0.9998E+00   0.1818E+10   0.3012E-08   0.6667E+00
  0.3980E+00  -0.7999E+03   0.1348E-01   0.1000E+01   0.8545E-05   0.9997E+00   0.1772E+10   0.4046E-08   0.6667E+00
  0.4082E+00  -0.7998E+03   0.1565E-01   0.1000E+01   0.9853E-05   0.9996E+00   0.1727E+10   0.5244E-08   0.6667E+00
  0.4184E+00  -0.7997E+03   0.1529E-01   0.9999E+00   0.9751E-05   0.9995E+00   0.1684E+10   0.5011E-08   0.6667E+00
  0.4286E+00  -0.7997E+03   0.2136E-01   0.9999E+00   0.1349E-04   0.9994E+00   0.1644E+10   0.9368E-08   0.6667E+00
  0.4388E+00  -0.7996E+03   0.2081E-01   0.9998E+00   0.1310E-04   0.9993E+00   0.1605E+10   0.8626E-08   0.6667E+00
  0.4490E+00  -0.7994E+03   0.2453E-01   0.9997E+00   0.1561E-04   0.9992E+00   0.1568E+10   0.1196E-07   0.6667E+00
  0.4592E+00  -0.7992E+03   0.2815E-01   0.9996E+00   0.1807E-04   0.9990E+00   0.1533E+10   0.1568E-07   0.6667E+00
  0.4694E+00  -0.7992E+03   0.3248E-01   0.9995E+00   0.2085E-04   0.9988E+00   0.1499E+10   0.2043E-07   0.6667E+00
  0.4796E+00  -0.7990E+03   0.4287E-01   0.9994E+00   0.2741E-04   0.9986E+00   0.1467E+10   0.3455E-07   0.6667E+00
  0.4898E+00  -0.7987E+03   0.3216E-01   0.9992E+00   0.2101E-04   0.9983E+00   0.1435E+10   0.1988E-07   0.6667E+00
  0.5000E+00  -0.7985E+03   0.6301E-01   0.9991E+00   0.4035E-04   0.9980E+00   0.1405E+10   0.7180E-07   0.6667E+00
  0.5000E+00  -0.7983E+03   0.3414E-01   0.9990E+00   0.2215E-04   0.9980E+00   0.1405E+10   0.2164E-07   0.6667E+00
  0.5101E+00  -0.7981E+03   0.6172E-01   0.9988E+00   0.3999E-04   0.9977E+00   0.1376E+10   0.6914E-07   0.6667E+00
  0.5202E+00  -0.7977E+03   0.4030E-01   0.9986E+00   0.2611E-04   0.9974E+00   0.1348E+10   0.2890E-07   0.6667E+00
  0.5303E+00  -0.7974E+03   0.6851E-01   0.9984E+00   0.4447E-04   0.9970E+00   0.1321E+10   0.8221E-07   0.6667E+00
  0.5404E+00  -0.7970E+03   0.8123E-01   0.9981E+00   0.5226E-04   0.9965E+00   0.1295E+10   0.1115E-06   0.6667E+00
  0.5505E+00  -0.7965E+03   0.5178E-01   0.9978E+00   0.3458E-04   0.9961E+00   0.1270E+10   0.4791E-07   0.6667E+00
  0.5606E+00  -0.7958E+03   0.9058E-01   0.9974E+00   0.5576E-04   0.9955E+00   0.1245E+10   0.1223E-06   0.6667E+00
  0.5707E+00  -0.7954E+03   0.5322E-01   0.9971E+00   0.3473E-04   0.9949E+00   0.1222E+10   0.4660E-07   0.6667E+00
  0.5808E+00  -0.7942E+03   0.2818E+00   0.9963E+00   0.1736E-03   0.9943E+00   0.1197E+10   0.1144E-05   0.6667E+00
  0.5909E+00  -0.7941E+03   0.7448E-01   0.9962E+00   0.5005E-04   0.9936E+00   0.1176E+10   0.9347E-07   0.6667E+00
  0.6010E+00  -0.7935E+03   0.1930E+00   0.9958E+00   0.1271E-03   0.9928E+00   0.1154E+10   0.5923E-06   0.6667E+00
  0.6111E+00  -0.7922E+03   0.7377E-01   0.9949E+00   0.5250E-04   0.9920E+00   0.1132E+10   0.9945E-07   0.6667E+00
  0.6212E+00  -0.7918E+03   0.2431E+00   0.9946E+00   0.1626E-03   0.9910E+00   0.1112E+10   0.9381E-06   0.6667E+00
  0.6313E+00  -0.7904E+03   0.7956E-01   0.9937E+00   0.5064E-04   0.9900E+00   0.1091E+10   0.8957E-07   0.6667E+00
  0.6414E+00  -0.7893E+03   0.8109E-01   0.9929E+00   0.5533E-04   0.9889E+00   0.1071E+10   0.1052E-06   0.6666E+00
  0.6515E+00  -0.7882E+03   0.9802E-01   0.9922E+00   0.7066E-04   0.9878E+00   0.1051E+10   0.1690E-06   0.6666E+00
  0.6616E+00  -0.7872E+03   0.9449E-01   0.9914E+00   0.6711E-04   0.9865E+00   0.1032E+10   0.1501E-06   0.6666E+00
  0.6717E+00  -0.7863E+03   0.1621E+00   0.9907E+00   0.1116E-03   0.9851E+00   0.1014E+10   0.4090E-06   0.6666E+00
  0.6818E+00  -0.7847E+03   0.9650E-01   0.9896E+00   0.7026E-04   0.9836E+00   0.9953E+09   0.1597E-06   0.6666E+00
  0.6919E+00  -0.7832E+03   0.9614E-01   0.9885E+00   0.7298E-04   0.9820E+00   0.9770E+09   0.1697E-06   0.6666E+00
  0.7020E+00  -0.7814E+03   0.9432E-01   0.9872E+00   0.8293E-04   0.9803E+00   0.9588E+09   0.2160E-06   0.6666E+00
  0.7121E+00  -0.7801E+03   0.1218E+00   0.9863E+00   0.9029E-04   0.9784E+00   0.9420E+09   0.2524E-06   0.6666E+00
  0.7222E+00  -0.7781E+03   0.1911E+00   0.9847E+00   0.1369E-03   0.9764E+00   0.9240E+09   0.5723E-06   0.6665E+00
  0.7323E+00  -0.7760E+03   0.1251E+00   0.9832E+00   0.9456E-04   0.9742E+00   0.9065E+09   0.2692E-06   0.6665E+00
  0.7424E+00  -0.7739E+03   0.1245E+00   0.9816E+00   0.1024E-03   0.9719E+00   0.8892E+09   0.3116E-06   0.6665E+00
  0.7525E+00  -0.7716E+03   0.1234E+00   0.9799E+00   0.9949E-04   0.9694E+00   0.8722E+09   0.2900E-06   0.6665E+00
  0.7626E+00  -0.7623E+03   0.6326E+00   0.9742E+00   0.3603E-03   0.9666E+00   0.8398E+09   0.3754E-05   0.6666E+00
  0.7727E+00  -0.7605E+03   0.5166E-03   0.9731E+00   0.3872E-06   0.9637E+00   0.8250E+09   0.4277E-11   0.6665E+00
  0.7828E+00  -0.7638E+03   0.2038E+00   0.9738E+00   0.1309E-03   0.9606E+00   0.8217E+09   0.4829E-06   0.6663E+00
  0.7929E+00  -0.7618E+03   0.2173E+00   0.9720E+00   0.1953E-03   0.9572E+00   0.8071E+09   0.1060E-05   0.6663E+00
  0.8030E+00  -0.7584E+03   0.1404E+00   0.9692E+00   0.1094E-03   0.9535E+00   0.7899E+09   0.3283E-06   0.6662E+00
  0.8131E+00  -0.7550E+03   0.3063E+00   0.9663E+00   0.2397E-03   0.9495E+00   0.7731E+09   0.1558E-05   0.6662E+00
  0.8232E+00  -0.7521E+03   0.1521E+00   0.9639E+00   0.1366E-03   0.9452E+00   0.7578E+09   0.4995E-06   0.6661E+00
  0.8333E+00  -0.7489E+03   0.4438E+00   0.9611E+00   0.3851E-03   0.9405E+00   0.7424E+09   0.3924E-05   0.6660E+00
  0.8434E+00  -0.7447E+03   0.1660E+00   0.9574E+00   0.1697E-03   0.9355E+00   0.7254E+09   0.7531E-06   0.6659E+00
  0.8535E+00  -0.7408E+03   0.2754E+00   0.9537E+00   0.4032E-03   0.9299E+00   0.7094E+09   0.4199E-05   0.6658E+00
  0.8636E+00  -0.7376E+03   0.1908E+00   0.9512E+00   0.2038E-03   0.9239E+00   0.6951E+09   0.1060E-05   0.6658E+00
  0.8737E+00  -0.7331E+03   0.1649E+00   0.9470E+00   0.1744E-03   0.9172E+00   0.6788E+09   0.7674E-06   0.6656E+00
  0.8838E+00  -0.7296E+03   0.2885E+00   0.9438E+00   0.2977E-03   0.9099E+00   0.6647E+09   0.2211E-05   0.6656E+00
  0.8939E+00  -0.7250E+03   0.2440E+00   0.9394E+00   0.2584E-03   0.9018E+00   0.6489E+09   0.1647E-05   0.6654E+00
  0.9040E+00  -0.7199E+03   0.4060E+00   0.9343E+00   0.4554E-03   0.8928E+00   0.6328E+09   0.5057E-05   0.6652E+00
  0.9141E+00  -0.7151E+03   0.2165E+00   0.9297E+00   0.2450E-03   0.8826E+00   0.6176E+09   0.1448E-05   0.6650E+00
  0.9242E+00  -0.7096E+03   0.9529E+00   0.9238E+00   0.1098E-02   0.8710E+00   0.6015E+09   0.2877E-04   0.6647E+00
  0.9343E+00  -0.7046E+03   0.3004E+00   0.9187E+00   0.5290E-03   0.8577E+00   0.5868E+09   0.6605E-05   0.6644E+00
  0.9444E+00  -0.6992E+03   0.2362E+00   0.9128E+00   0.3707E-03   0.8422E+00   0.5718E+09   0.3208E-05   0.6641E+00
  0.9545E+00  -0.6940E+03   0.4584E+00   0.9075E+00   0.5140E-03   0.8235E+00   0.5575E+09   0.6103E-05   0.6639E+00
  0.9646E+00  -0.6886E+03   0.2902E+00   0.9013E+00   0.4356E-03   0.8003E+00   0.5431E+09   0.4337E-05   0.6634E+00
  0.9747E+00  -0.6817E+03   0.3181E+00   0.8934E+00   0.5150E-03   0.7698E+00   0.5270E+09   0.5999E-05   0.6629E+00
  0.9848E+00  -0.6753E+03   0.3593E+00   0.8864E+00   0.5443E-03   0.7255E+00   0.5120E+09   0.6633E-05   0.6625E+00
  0.9949E+00  -0.6690E+03   0.3455E+00   0.8779E+00   0.5941E-03   0.6406E+00   0.4976E+09   0.7823E-05   0.6614E+00
  0.1005E+01  -0.6609E+03   0.1271E+01   0.8665E+00   0.2140E-02   0.0000E+00   0.4808E+09   0.1005E-03   0.6601E+00
  0.1015E+01  -0.6552E+03   0.3954E+00   0.8593E+00   0.9666E-03   0.0000E+00   0.4679E+09   0.2029E-04   0.6595E+00
  0.1025E+01  -0.6446E+03   0.1609E+01   0.8447E+00   0.2496E-02   0.0000E+00   0.4489E+09   0.1340E-03   0.6575E+00
  0.1035E+01  -0.6381E+03   0.5741E+00   0.8353E+00   0.1270E-02   0.0000E+00   0.4356E+09   0.3436E-04   0.6564E+00
  0.1045E+01  -0.6302E+03   0.6317E+00   0.8203E+00   0.2598E-02   0.0000E+00   0.4211E+09   0.1423E-03   0.6528E+00
  0.1056E+01  -0.6209E+03   0.1918E+01   0.8102E+00   0.2691E-02   0.0000E+00   0.4050E+09   0.1512E-03   0.6527E+00
  0.1066E+01  -0.6116E+03   0.7703E+00   0.7850E+00   0.3597E-02   0.0000E+00   0.3896E+09   0.2677E-03   0.6443E+00
  0.1076E+01  -0.6006E+03   0.9058E+00   0.7640E+00   0.3627E-02   0.0000E+00   0.3723E+09   0.2696E-03   0.6395E+00
  0.1086E+01  -0.5943E+03   0.9209E+00   0.7560E+00   0.3958E-02   0.0000E+00   0.3613E+09   0.3181E-03   0.6383E+00
  0.1096E+01  -0.5809E+03   0.9326E+00   0.7248E+00   0.4133E-02   0.0000E+00   0.3425E+09   0.3437E-03   0.6284E+00
  0.1106E+01  -0.5678E+03   0.1435E+01   0.6923E+00   0.5321E-02   0.0000E+00   0.3245E+09   0.5645E-03   0.6169E+00
  0.1116E+01  -0.5600E+03   0.1174E+01   0.6762E+00   0.5394E-02   0.0000E+00   0.3129E+09   0.5748E-03   0.6108E+00
  0.1126E+01  -0.5475E+03   0.1248E+01   0.6422E+00   0.6337E-02   0.0000E+00   0.2968E+09   0.7861E-03   0.5947E+00
  0.1136E+01  -0.5372E+03   0.1601E+01   0.6120E+00   0.9595E-02   0.0000E+00   0.2833E+09   0.1786E-02   0.5791E+00
  0.1146E+01  -0.5225E+03   0.1241E+01   0.5715E+00   0.6710E-02   0.0000E+00   0.2659E+09   0.8661E-03   0.5580E+00
  0.1157E+01  -0.5122E+03   0.1111E+01   0.5512E+00   0.6476E-02   0.0000E+00   0.2533E+09   0.7995E-03   0.5496E+00
  0.1167E+01  -0.4998E+03   0.1247E+01   0.5128E+00   0.6222E-02   0.0000E+00   0.2392E+09   0.7316E-03   0.5233E+00
  0.1177E+01  -0.4913E+03   0.1135E+01   0.4875E+00   0.6283E-02   0.0000E+00   0.2292E+09   0.7396E-03   0.5043E+00
  0.1187E+01  -0.4809E+03   0.1076E+01   0.4589E+00   0.6638E-02   0.0000E+00   0.2178E+09   0.8185E-03   0.4802E+00
  0.1197E+01  -0.4688E+03   0.8782E+00   0.4198E+00   0.4745E-02   0.0000E+00   0.2052E+09   0.4148E-03   0.4421E+00
  0.1207E+01  -0.4584E+03   0.9728E+00   0.3838E+00   0.5767E-02   0.0000E+00   0.1946E+09   0.6074E-03   0.4014E+00
  0.1217E+01  -0.4501E+03   0.6433E+00   0.3733E+00   0.5888E-02   0.0000E+00   0.1861E+09   0.6280E-03   0.3967E+00
  0.1227E+01  -0.4436E+03   0.7354E+00   0.3532E+00   0.4842E-02   0.0000E+00   0.1792E+09   0.4211E-03   0.3726E+00
  0.1237E+01  -0.4352E+03   0.7427E+00   0.3308E+00   0.5091E-02   0.0000E+00   0.1710E+09   0.4619E-03   0.3447E+00
  0.1247E+01  -0.4278E+03   0.6184E+00   0.3142E+00   0.4295E-02   0.0000E+00   0.1639E+09   0.3260E-03   0.3295E+00
  0.1258E+01  -0.4200E+03   0.5925E+00   0.2942E+00   0.3123E-02   0.0000E+00   0.1567E+09   0.1710E-03   0.2950E+00
  0.1268E+01  -0.4137E+03   0.4785E+00   0.2879E+00   0.4496E-02   0.0000E+00   0.1508E+09   0.3516E-03   0.2984E+00
  0.1278E+01  -0.4073E+03   0.6268E+00   0.2643E+00   0.4407E-02   0.0000E+00   0.1450E+09   0.3351E-03   0.2499E+00
  0.1288E+01  -0.3999E+03   0.4391E+00   0.2455E+00   0.2905E-02   0.0000E+00   0.1388E+09   0.1444E-03   0.1998E+00
  0.1298E+01  -0.3952E+03   0.6373E+00   0.2452E+00   0.2414E-02   0.0000E+00   0.1344E+09   0.9903E-04   0.2243E+00
  0.1308E+01  -0.3901E+03   0.4137E+00   0.2301E+00   0.2294E-02   0.0000E+00   0.1300E+09   0.8867E-04   0.1919E+00
  0.1318E+01  -0.3861E+03   0.1242E+01   0.2325E+00   0.7037E-02   0.0000E+00   0.1264E+09   0.8283E-03   0.1922E+00
  0.1328E+01  -0.3798E+03   0.6084E+00   0.2201E+00   0.3867E-02   0.0000E+00   0.1214E+09   0.2483E-03   0.1895E+00
  0.1338E+01  -0.3750E+03   0.3476E+00   0.2087E+00   0.2252E-02   0.0000E+00   0.1175E+09   0.8352E-04   0.1579E+00
  0.1348E+01  -0.3697E+03   0.3633E+00   0.1986E+00   0.2546E-02   0.0000E+00   0.1133E+09   0.1060E-03   0.1512E+00
  0.1359E+01  -0.3649E+03   0.3065E+00   0.1926E+00   0.2015E-02   0.0000E+00   0.1096E+09   0.6591E-04   0.1271E+00
  0.1369E+01  -0.3602E+03   0.3469E+00   0.1873E+00   0.1805E-02   0.0000E+00   0.1060E+09   0.5250E-04   0.1227E+00
  0.1379E+01  -0.3566E+03   0.5357E+00   0.1839E+00   0.3962E-02   0.0000E+00   0.1031E+09   0.2510E-03   0.1287E+00
  0.1389E+01  -0.3517E+03   0.3897E+00   0.1720E+00   0.2251E-02   0.0000E+00   0.9957E+08   0.8045E-04   0.8701E-01
  0.1399E+01  -0.3483E+03   0.2870E+00   0.1738E+00   0.1455E-02   0.0000E+00   0.9698E+08   0.3338E-04   0.1024E+00
  0.1409E+01  -0.3433E+03   0.3375E+00   0.1657E+00   0.1771E-02   0.0000E+00   0.9352E+08   0.4906E-04   0.9280E-01
  0.1419E+01  -0.3399E+03   0.3282E+00   0.1612E+00   0.1490E-02   0.0000E+00   0.9109E+08   0.3449E-04   0.8506E-01
  0.1429E+01  -0.3354E+03   0.3095E+00   0.1603E+00   0.1161E-02   0.0000E+00   0.8806E+08   0.2079E-04   0.1055E+00
  0.1439E+01  -0.3321E+03   0.4541E+00   0.1568E+00   0.1355E-02   0.0000E+00   0.8573E+08   0.2813E-04   0.9208E-01
  0.1449E+01  -0.3286E+03   0.2636E+00   0.1515E+00   0.1106E-02   0.0000E+00   0.8339E+08   0.1859E-04   0.6936E-01
  0.1460E+01  -0.3254E+03   0.2625E+00   0.1496E+00   0.9472E-03   0.0000E+00   0.8119E+08   0.1355E-04   0.7285E-01
  0.1470E+01  -0.3215E+03   0.2757E+00   0.1447E+00   0.1407E-02   0.0000E+00   0.7875E+08   0.2970E-04   0.5186E-01
  0.1480E+01  -0.3181E+03   0.2226E+00   0.1435E+00   0.1031E-02   0.0000E+00   0.7656E+08   0.1585E-04   0.5659E-01
  0.1490E+01  -0.3155E+03   0.6124E+00   0.1388E+00   0.9550E-03   0.0000E+00   0.7483E+08   0.1350E-04   0.6565E-01
  0.1500E+01  -0.3113E+03   0.2446E+00   0.1352E+00   0.1047E-02   0.0000E+00   0.7234E+08   0.1613E-04   0.6288E-01
  0.1500E+01  -0.3115E+03   0.2315E+00   0.1356E+00   0.9734E-03   0.0000E+00   0.7243E+08   0.1393E-04   0.5605E-01
  0.1559E+01  -0.2942E+03   0.2198E+00   0.1247E+00   0.7133E-03   0.0000E+00   0.6220E+08   0.7194E-05   0.4433E-01
  0.1619E+01  -0.2780E+03   0.2905E+00   0.1139E+00   0.5846E-03   0.0000E+00   0.5358E+08   0.4656E-05   0.4055E-01
  0.1678E+01  -0.2638E+03   0.1874E+00   0.1050E+00   0.5011E-03   0.0000E+00   0.4659E+08   0.3300E-05   0.3442E-01
  0.1738E+01  -0.2513E+03   0.1798E+00   0.9879E-01   0.4856E-03   0.0000E+00   0.4089E+08   0.2992E-05   0.2605E-01
  0.1797E+01  -0.2403E+03   0.1816E+00   0.9386E-01   0.4072E-03   0.0000E+00   0.3618E+08   0.2035E-05   0.2649E-01
  0.1856E+01  -0.2300E+03   0.1653E+00   0.8926E-01   0.3560E-03   0.0000E+00   0.3213E+08   0.1505E-05   0.1710E-01
  0.1916E+01  -0.2208E+03   0.1334E+00   0.8500E-01   0.3942E-03   0.0000E+00   0.2871E+08   0.1788E-05   0.1612E-01
  0.1975E+01  -0.2124E+03   0.2362E+00   0.8184E-01   0.2673E-03   0.0000E+00   0.2582E+08   0.7978E-06   0.1203E-01
  0.2034E+01  -0.2043E+03   0.1177E+00   0.7914E-01   0.2332E-03   0.0000E+00   0.2321E+08   0.5894E-06   0.6012E-02
  0.2094E+01  -0.1971E+03   0.2313E+00   0.7730E-01   0.4384E-03   0.0000E+00   0.2101E+08   0.2024E-05   0.1391E-01
  0.2153E+01  -0.1904E+03   0.3257E+00   0.7493E-01   0.3521E-03   0.0000E+00   0.1910E+08   0.1270E-05   0.1921E-01
  0.2213E+01  -0.1844E+03   0.2795E+00   0.7266E-01   0.2417E-03   0.0000E+00   0.1746E+08   0.5822E-06   0.1096E-01
  0.2272E+01  -0.1781E+03   0.9800E-01   0.7124E-01   0.1825E-03   0.0000E+00   0.1589E+08   0.3232E-06   0.1052E-01
  0.2331E+01  -0.1731E+03   0.3276E+00   0.6941E-01   0.2071E-03   0.0000E+00   0.1465E+08   0.4056E-06   0.1423E-01
  0.2391E+01  -0.1677E+03   0.3283E+00   0.6788E-01   0.1745E-03   0.0000E+00   0.1343E+08   0.2809E-06   0.9097E-02
  0.2450E+01  -0.1626E+03   0.1040E+00   0.6691E-01   0.1775E-03   0.0000E+00   0.1234E+08   0.2834E-06   0.7284E-02
  0.2510E+01  -0.1586E+03   0.3642E+00   0.6508E-01   0.1393E-03   0.0000E+00   0.1148E+08   0.1705E-06   0.7792E-02
  0.2569E+01  -0.1541E+03   0.2147E+00   0.6463E-01   0.1373E-03   0.0000E+00   0.1061E+08   0.1618E-06   0.8865E-02
  0.2628E+01  -0.1498E+03   0.9722E-01   0.6371E-01   0.1300E-03   0.0000E+00   0.9818E+07   0.1418E-06   0.1005E-01
  0.2688E+01  -0.1461E+03   0.3189E+00   0.6350E-01   0.6509E-03   0.0000E+00   0.9148E+07   0.3475E-05   0.8066E-02
  0.2747E+01  -0.1414E+03   0.3005E+00   0.6072E-01   0.3306E-03   0.0000E+00   0.8390E+07   0.8775E-06   0.2106E-02
  0.2807E+01  -0.1319E+03   0.1129E+00   0.5523E-01   0.1075E-03   0.0000E+00   0.7163E+07   0.9087E-07   0.5989E-02
  0.2866E+01  -0.1335E+03   0.4679E+00   0.5862E-01   0.4015E-03   0.0000E+00   0.7212E+07   0.1240E-05  -0.2169E-02
  0.2925E+01  -0.1325E+03   0.8618E-01   0.5959E-01   0.2856E-03   0.0000E+00   0.6965E+07   0.6147E-06   0.8504E-02
  0.2985E+01  -0.1294E+03   0.8649E-01   0.5885E-01   0.1360E-03   0.0000E+00   0.6518E+07   0.1366E-06   0.4146E-02
  0.3044E+01  -0.1265E+03   0.1227E+00   0.5813E-01   0.1770E-03   0.0000E+00   0.6121E+07   0.2270E-06   0.4083E-02
  0.3103E+01  -0.1238E+03   0.7224E-01   0.5777E-01   0.1417E-03   0.0000E+00   0.5768E+07   0.1427E-06   0.7370E-02
  0.3163E+01  -0.1215E+03   0.1222E+00   0.5731E-01   0.1661E-03   0.0000E+00   0.5458E+07   0.1924E-06   0.2796E-02
  0.3222E+01  -0.1190E+03   0.6788E-01   0.5670E-01   0.9439E-04   0.0000E+00   0.5152E+07   0.6096E-07   0.4398E-02
  0.3282E+01  -0.1164E+03   0.7825E-01   0.5633E-01   0.1296E-03   0.0000E+00   0.4849E+07   0.1128E-06   0.2693E-02
  0.3341E+01  -0.1142E+03   0.1299E+00   0.5550E-01   0.1272E-03   0.0000E+00   0.4594E+07   0.1068E-06   0.1079E-01
  0.3400E+01  -0.1120E+03   0.8307E-01   0.5551E-01   0.1119E-03   0.0000E+00   0.4356E+07   0.8126E-07   0.2558E-02
  0.3460E+01  -0.1097E+03   0.9071E-01   0.5504E-01   0.1410E-03   0.0000E+00   0.4118E+07   0.1268E-06   0.7127E-02
  0.3519E+01  -0.1078E+03   0.1217E+00   0.5448E-01   0.1476E-03   0.0000E+00   0.3918E+07   0.1366E-06   0.6801E-02
  0.3579E+01  -0.1059E+03   0.7438E-01   0.5416E-01   0.8978E-04   0.0000E+00   0.3724E+07   0.4967E-07   0.3896E-02
  0.3638E+01  -0.1038E+03   0.8456E-01   0.5369E-01   0.1092E-03   0.0000E+00   0.3531E+07   0.7222E-07   0.7002E-02
  0.3697E+01  -0.1023E+03   0.8531E-01   0.5347E-01   0.1195E-03   0.0000E+00   0.3382E+07   0.8521E-07   0.6729E-02
  0.3757E+01  -0.1004E+03   0.6727E-01   0.5331E-01   0.1114E-03   0.0000E+00   0.3213E+07   0.7287E-07   0.5747E-02
  0.3816E+01  -0.9870E+02   0.7963E-01   0.5293E-01   0.1347E-03   0.0000E+00   0.3065E+07   0.1048E-06   0.2578E-02
  0.3875E+01  -0.9744E+02   0.1323E+00   0.5285E-01   0.1301E-03   0.0000E+00   0.2947E+07   0.9631E-07   0.2734E-02
  0.3935E+01  -0.9554E+02   0.1147E+00   0.5267E-01   0.1646E-03   0.0000E+00   0.2799E+07   0.1518E-06   0.6209E-02
  0.3994E+01  -0.9406E+02   0.6819E-01   0.5218E-01   0.7696E-04   0.0000E+00   0.2679E+07   0.3269E-07   0.2612E-02
  0.4054E+01  -0.9254E+02   0.7324E-01   0.5174E-01   0.1274E-03   0.0000E+00   0.2562E+07   0.8835E-07   0.4689E-02
  0.4113E+01  -0.9129E+02   0.1051E+00   0.5185E-01   0.1175E-03   0.0000E+00   0.2462E+07   0.7403E-07  -0.1484E-02
  0.4172E+01  -0.8974E+02   0.7344E-01   0.5149E-01   0.9483E-04   0.0000E+00   0.2353E+07   0.4752E-07  -0.1588E-02
  0.4232E+01  -0.8850E+02   0.7423E-01   0.5127E-01   0.8609E-04   0.0000E+00   0.2262E+07   0.3862E-07   0.1718E-02
  0.4291E+01  -0.8731E+02   0.1146E+00   0.5092E-01   0.9785E-04   0.0000E+00   0.2176E+07   0.4920E-07   0.1703E-02
  0.4351E+01  -0.8587E+02   0.7391E-01   0.5065E-01   0.9509E-04   0.0000E+00   0.2083E+07   0.4583E-07  -0.2749E-02
  0.4410E+01  -0.8443E+02   0.5827E-01   0.5074E-01   0.7822E-04   0.0000E+00   0.1994E+07   0.3059E-07   0.1205E-02
