    tau_corr   autocorr_U   autocorr_M
           1   0.6201E+00   0.8553E+00
           2   0.4950E+00   0.7750E+00
           3   0.4197E+00   0.7143E+00
           4   0.3661E+00   0.6644E+00
           5   0.3243E+00   0.6212E+00
           6   0.2905E+00   0.5833E+00
           7   0.2616E+00   0.5493E+00
           8   0.2366E+00   0.5185E+00
           9   0.2149E+00   0.4903E+00
          10   0.1948E+00   0.4646E+00
          11   0.1771E+00   0.4405E+00
          12   0.1619E+00   0.4177E+00
          13   0.1476E+00   0.3965E+00
          14   0.1351E+00   0.3767E+00
          15   0.1253E+00   0.3581E+00
          16   0.1156E+00   0.3404E+00
          17   0.1082E+00   0.3235E+00
          18   0.1013E+00   0.3072E+00
          19   0.8826E-01   0.2917E+00
          20   0.7605E-01   0.2767E+00
          21   0.6527E-01   0.2624E+00
          22   0.5667E-01   0.2490E+00
          23   0.4948E-01   0.2363E+00
          24   0.4385E-01   0.2243E+00
          25   0.3893E-01   0.2130E+00
          26   0.3532E-01   0.2024E+00
          27   0.3262E-01   0.1924E+00
          28   0.3005E-01   0.1827E+00
          29   0.2807E-01   0.1739E+00
          30   0.2648E-01   0.1655E+00
          31   0.2682E-01   0.1573E+00
          32   0.2681E-01   0.1499E+00
          33   0.2791E-01   0.1426E+00
          34   0.2978E-01   0.1358E+00
          35   0.3248E-01   0.1293E+00
          36   0.3425E-01   0.1229E+00
          37   0.3053E-01   0.1168E+00
          38   0.2369E-01   0.1106E+00
          39   0.1869E-01   0.1049E+00
          40   0.1412E-01   0.9930E-01
          41   0.1079E-01   0.9431E-01
          42   0.8434E-02   0.8936E-01
          43   0.6139E-02   0.8496E-01
          44   0.5049E-02   0.8085E-01
          45   0.3427E-02   0.7701E-01
          46   0.2596E-02   0.7353E-01
          47   0.2548E-02   0.7008E-01
          48   0.2807E-02   0.6675E-01
          49   0.4324E-02   0.6380E-01
          50   0.7245E-02   0.6104E-01
          51   0.1033E-01   0.5860E-01
          52   0.1409E-01   0.5630E-01
          53   0.1819E-01   0.5404E-01
          54   0.2034E-01   0.5193E-01
          55   0.1835E-01   0.4994E-01
          56   0.1288E-01   0.4775E-01
          57   0.8784E-02   0.4588E-01
          58   0.5269E-02   0.4398E-01
          59   0.2384E-02   0.4207E-01
          60  -0.1042E-03   0.4028E-01
          61  -0.1781E-02   0.3856E-01
          62  -0.2943E-02   0.3694E-01
          63  -0.3652E-02   0.3523E-01
          64  -0.3814E-02   0.3386E-01
          65  -0.2509E-02   0.3259E-01
          66  -0.1652E-02   0.3138E-01
          67   0.2480E-03   0.3019E-01
          68   0.3103E-02   0.2902E-01
          69   0.6680E-02   0.2777E-01
          70   0.1076E-01   0.2690E-01
          71   0.1482E-01   0.2609E-01
          72   0.1767E-01   0.2518E-01
          73   0.1641E-01   0.2395E-01
          74   0.1087E-01   0.2259E-01
          75   0.5599E-02   0.2147E-01
          76   0.1582E-02   0.2036E-01
          77  -0.1995E-02   0.1940E-01
          78  -0.4126E-02   0.1847E-01
          79  -0.4891E-02   0.1765E-01
          80  -0.5488E-02   0.1694E-01
          81  -0.5295E-02   0.1620E-01
          82  -0.5309E-02   0.1555E-01
          83  -0.3951E-02   0.1494E-01
          84  -0.1799E-02   0.1454E-01
          85   0.4599E-03   0.1419E-01
          86   0.2861E-02   0.1365E-01
          87   0.5534E-02   0.1304E-01
          88   0.9032E-02   0.1259E-01
          89   0.1280E-01   0.1210E-01
          90   0.1496E-01   0.1155E-01
          91   0.1389E-01   0.1080E-01
          92   0.8799E-02   0.1020E-01
          93   0.3631E-02   0.9364E-02
          94   0.2759E-03   0.8727E-02
          95  -0.2249E-02   0.7896E-02
          96  -0.4709E-02   0.7383E-02
          97  -0.5376E-02   0.6396E-02
          98  -0.5590E-02   0.5990E-02
          99  -0.5383E-02   0.5781E-02
         100  -0.4238E-02   0.5544E-02
         101  -0.2314E-02   0.5545E-02
         102  -0.7297E-03   0.5679E-02
         103   0.9757E-03   0.5727E-02
         104   0.2795E-02   0.5690E-02
         105   0.5501E-02   0.5919E-02
         106   0.8101E-02   0.5894E-02
         107   0.1091E-01   0.5841E-02
         108   0.1342E-01   0.5569E-02
         109   0.1215E-01   0.5548E-02
         110   0.7635E-02   0.5159E-02
         111   0.3869E-02   0.4853E-02
         112   0.8265E-03   0.4485E-02
         113  -0.1587E-02   0.4220E-02
         114  -0.3405E-02   0.4044E-02
         115  -0.4469E-02   0.4060E-02
         116  -0.4648E-02   0.4016E-02
         117  -0.5366E-02   0.4267E-02
         118  -0.5374E-02   0.4514E-02
         119  -0.4854E-02   0.4644E-02
         120  -0.4255E-02   0.5011E-02
         121  -0.2801E-02   0.5460E-02
         122  -0.5637E-03   0.5785E-02
         123   0.2017E-02   0.6048E-02
         124   0.4904E-02   0.6278E-02
         125   0.8248E-02   0.6473E-02
         126   0.1086E-01   0.6210E-02
         127   0.9970E-02   0.6057E-02
         128   0.6214E-02   0.5739E-02
         129   0.2056E-02   0.5326E-02
         130  -0.1464E-02   0.4932E-02
         131  -0.4066E-02   0.4541E-02
         132  -0.6449E-02   0.4267E-02
         133  -0.7683E-02   0.4310E-02
         134  -0.8587E-02   0.4398E-02
         135  -0.8382E-02   0.4654E-02
         136  -0.8383E-02   0.4790E-02
         137  -0.7392E-02   0.5036E-02
         138  -0.5538E-02   0.5145E-02
         139  -0.3971E-02   0.5290E-02
         140  -0.1376E-02   0.5252E-02
         141   0.2013E-02   0.5453E-02
         142   0.5172E-02   0.5685E-02
         143   0.8476E-02   0.5600E-02
         144   0.1088E-01   0.5569E-02
         145   0.1046E-01   0.5414E-02
         146   0.6932E-02   0.5451E-02
         147   0.3011E-02   0.4951E-02
         148  -0.5259E-03   0.4193E-02
         149  -0.3211E-02   0.3599E-02
         150  -0.5353E-02   0.3114E-02
         151  -0.6643E-02   0.2885E-02
         152  -0.6964E-02   0.2578E-02
         153  -0.7060E-02   0.2463E-02
         154  -0.6443E-02   0.2380E-02
         155  -0.4892E-02   0.2176E-02
         156  -0.3583E-02   0.2228E-02
         157  -0.1867E-02   0.2430E-02
         158   0.8371E-04   0.2427E-02
         159   0.2751E-02   0.2521E-02
         160   0.5920E-02   0.2388E-02
         161   0.9039E-02   0.2485E-02
         162   0.1031E-01   0.2432E-02
         163   0.8897E-02   0.2172E-02
         164   0.5511E-02   0.1931E-02
         165   0.1568E-02   0.1817E-02
         166  -0.1313E-02   0.1633E-02
         167  -0.3919E-02   0.1438E-02
         168  -0.5725E-02   0.1263E-02
         169  -0.7131E-02   0.1272E-02
         170  -0.7780E-02   0.1412E-02
         171  -0.7144E-02   0.1462E-02
         172  -0.6925E-02   0.1243E-02
         173  -0.5502E-02   0.9287E-03
         174  -0.4021E-02   0.8157E-03
         175  -0.2305E-02   0.7109E-03
         176  -0.8945E-03   0.6769E-03
         177   0.1170E-02   0.7538E-03
         178   0.2892E-02   0.9700E-03
         179   0.5609E-02   0.1005E-02
         180   0.7312E-02   0.1091E-02
         181   0.7352E-02   0.1189E-02
         182   0.4965E-02   0.1051E-02
         183   0.1083E-02   0.9158E-03
         184  -0.1732E-02   0.5428E-03
         185  -0.4114E-02   0.2523E-03
         186  -0.5046E-02   0.2699E-03
         187  -0.5950E-02   0.2506E-03
         188  -0.5892E-02   0.2516E-03
         189  -0.5961E-02   0.3264E-03
         190  -0.6017E-02   0.1364E-03
         191  -0.4638E-02   0.1599E-03
         192  -0.2812E-02   0.6258E-04
         193  -0.1154E-02   0.2398E-03
         194   0.1064E-02   0.8210E-04
         195   0.2575E-02  -0.1145E-03
         196   0.5437E-02   0.1016E-03
         197   0.8593E-02   0.3209E-03
         198   0.1047E-01   0.5877E-03
         199   0.1015E-01   0.3446E-03
         200   0.7917E-02   0.2212E-03
         201   0.5163E-02  -0.2733E-05
         202   0.2422E-02  -0.1498E-03
         203  -0.3120E-03  -0.3157E-03
         204  -0.2594E-02  -0.3976E-03
         205  -0.4466E-02  -0.1178E-03
         206  -0.5730E-02   0.7406E-04
         207  -0.6137E-02   0.1618E-03
         208  -0.5104E-02  -0.3824E-04
         209  -0.3968E-02  -0.1197E-03
         210  -0.2875E-02  -0.3981E-03
         211  -0.9165E-03  -0.4888E-03
         212   0.4127E-03  -0.5269E-03
         213   0.2608E-02  -0.4758E-03
         214   0.5066E-02  -0.3362E-03
         215   0.7589E-02  -0.1552E-03
         216   0.9669E-02   0.5837E-05
         217   0.9645E-02   0.1463E-03
         218   0.7159E-02   0.1741E-03
         219   0.4019E-02   0.2621E-03
         220   0.2925E-03   0.1258E-03
         221  -0.2564E-02   0.2325E-03
         222  -0.4636E-02   0.4195E-05
         223  -0.5628E-02  -0.3639E-03
         224  -0.6093E-02  -0.2111E-03
         225  -0.5386E-02   0.2960E-04
         226  -0.4696E-02   0.4086E-04
         227  -0.3759E-02   0.3526E-03
         228  -0.1876E-02   0.4449E-03
         229  -0.3259E-03   0.7989E-03
         230   0.2743E-02   0.1051E-02
         231   0.4719E-02   0.1324E-02
         232   0.7173E-02   0.1746E-02
         233   0.9569E-02   0.1885E-02
         234   0.1091E-01   0.1968E-02
         235   0.9932E-02   0.2108E-02
         236   0.7535E-02   0.2181E-02
         237   0.3927E-02   0.2372E-02
         238   0.9293E-03   0.2401E-02
         239  -0.1630E-02   0.2304E-02
         240  -0.3552E-02   0.2152E-02
         241  -0.5324E-02   0.2055E-02
         242  -0.5535E-02   0.2214E-02
         243  -0.4974E-02   0.2412E-02
         244  -0.4141E-02   0.2612E-02
         245  -0.3026E-02   0.2595E-02
         246  -0.1600E-02   0.2661E-02
         247  -0.1104E-03   0.2659E-02
         248   0.1060E-02   0.2609E-02
         249   0.2451E-02   0.2683E-02
         250   0.3988E-02   0.2770E-02
         251   0.5916E-02   0.2691E-02
         252   0.8192E-02   0.2675E-02
         253   0.8200E-02   0.2760E-02
         254   0.6112E-02   0.2818E-02
         255   0.2946E-02   0.2492E-02
         256   0.1892E-03   0.2444E-02
         257  -0.2348E-02   0.2290E-02
         258  -0.3960E-02   0.2242E-02
         259  -0.5198E-02   0.2373E-02
         260  -0.5049E-02   0.2426E-02
         261  -0.4656E-02   0.2800E-02
         262  -0.4686E-02   0.2833E-02
         263  -0.3954E-02   0.2996E-02
         264  -0.3007E-02   0.3261E-02
         265  -0.1841E-02   0.3500E-02
         266  -0.1473E-04   0.3738E-02
         267   0.1596E-02   0.3993E-02
         268   0.3315E-02   0.4145E-02
         269   0.4934E-02   0.4020E-02
         270   0.7022E-02   0.4002E-02
         271   0.6825E-02   0.4087E-02
         272   0.5280E-02   0.4209E-02
         273   0.2544E-02   0.4036E-02
         274  -0.1253E-02   0.3549E-02
         275  -0.3345E-02   0.3440E-02
         276  -0.4678E-02   0.3182E-02
         277  -0.5500E-02   0.2788E-02
         278  -0.5492E-02   0.2733E-02
         279  -0.5974E-02   0.2656E-02
         280  -0.5473E-02   0.2864E-02
         281  -0.4543E-02   0.2698E-02
         282  -0.2875E-02   0.2487E-02
         283  -0.1387E-02   0.2176E-02
         284   0.8201E-03   0.2085E-02
         285   0.2622E-02   0.2100E-02
         286   0.4608E-02   0.2028E-02
         287   0.7172E-02   0.2089E-02
         288   0.9031E-02   0.2133E-02
         289   0.9432E-02   0.1997E-02
         290   0.7896E-02   0.1681E-02
         291   0.4393E-02   0.1267E-02
         292   0.1126E-02   0.9035E-03
         293  -0.1351E-02   0.5970E-03
         294  -0.3326E-02   0.3880E-03
         295  -0.4569E-02   0.3782E-03
         296  -0.5092E-02   0.3476E-03
         297  -0.5723E-02   0.1821E-03
         298  -0.4780E-02   0.1157E-03
         299  -0.3693E-02   0.1226E-03
         300  -0.1918E-02   0.1359E-04
         301   0.1323E-03  -0.6615E-04
         302   0.1939E-02   0.4697E-04
         303   0.3071E-02   0.1848E-03
         304   0.4925E-02   0.3240E-03
         305   0.6527E-02   0.4967E-03
         306   0.7673E-02   0.1844E-03
         307   0.7484E-02   0.1376E-03
         308   0.5819E-02   0.7739E-04
         309   0.2496E-02   0.1224E-03
         310  -0.3257E-03   0.1236E-03
         311  -0.2420E-02  -0.1976E-03
         312  -0.4999E-02  -0.4856E-03
         313  -0.5694E-02  -0.6941E-03
         314  -0.6108E-02  -0.8718E-03
         315  -0.5152E-02  -0.8181E-03
         316  -0.4732E-02  -0.8942E-03
         317  -0.3471E-02  -0.9565E-03
         318  -0.2211E-02  -0.1016E-02
         319  -0.4956E-03  -0.7596E-03
         320   0.1097E-02  -0.8726E-03
         321   0.2969E-02  -0.8039E-03
         322   0.4528E-02  -0.7711E-03
         323   0.5239E-02  -0.8490E-03
         324   0.6919E-02  -0.8194E-03
         325   0.7205E-02  -0.7335E-03
         326   0.5325E-02  -0.6661E-03
         327   0.3190E-02  -0.6441E-03
         328   0.5905E-04  -0.7777E-03
         329  -0.2291E-02  -0.7875E-03
         330  -0.3712E-02  -0.7342E-03
         331  -0.4696E-02  -0.5093E-03
         332  -0.5408E-02  -0.3824E-03
         333  -0.4619E-02  -0.2457E-03
         334  -0.4628E-02  -0.2252E-04
         335  -0.4093E-02  -0.9699E-04
         336  -0.2984E-02   0.1255E-03
         337  -0.1432E-02   0.2115E-03
         338  -0.8723E-05   0.2022E-03
         339   0.1565E-02   0.3919E-03
         340   0.3204E-02   0.3917E-03
         341   0.4457E-02   0.3946E-03
         342   0.5280E-02   0.4338E-03
         343   0.5764E-02   0.2905E-03
         344   0.5033E-02   0.2723E-03
         345   0.2432E-02   0.2840E-03
         346   0.4963E-03   0.5476E-03
         347  -0.1497E-02   0.5415E-03
         348  -0.2681E-02   0.6850E-03
         349  -0.3054E-02   0.6551E-03
         350  -0.3772E-02   0.6065E-03
         351  -0.3652E-02   0.4529E-03
         352  -0.3024E-02   0.5030E-03
         353  -0.2263E-02   0.7295E-03
         354  -0.6983E-03   0.1004E-02
         355   0.1144E-02   0.1376E-02
         356   0.2498E-02   0.1603E-02
         357   0.3582E-02   0.1779E-02
         358   0.4650E-02   0.1867E-02
         359   0.6214E-02   0.1889E-02
         360   0.7736E-02   0.2070E-02
         361   0.8621E-02   0.2139E-02
         362   0.6845E-02   0.2135E-02
         363   0.4387E-02   0.2050E-02
         364   0.1481E-02   0.2142E-02
         365  -0.8020E-03   0.2034E-02
         366  -0.2367E-02   0.1936E-02
         367  -0.3535E-02   0.1736E-02
         368  -0.4065E-02   0.1648E-02
         369  -0.4188E-02   0.1717E-02
         370  -0.3377E-02   0.1654E-02
         371  -0.2628E-02   0.1886E-02
         372  -0.1513E-02   0.2007E-02
         373  -0.1333E-03   0.2331E-02
         374   0.1285E-02   0.2748E-02
         375   0.2745E-02   0.3218E-02
         376   0.3871E-02   0.3652E-02
         377   0.4657E-02   0.3650E-02
         378   0.5894E-02   0.3700E-02
         379   0.6114E-02   0.3548E-02
         380   0.4701E-02   0.3607E-02
         381   0.2425E-02   0.3667E-02
         382  -0.4869E-04   0.3598E-02
         383  -0.2141E-02   0.3524E-02
         384  -0.3011E-02   0.3479E-02
         385  -0.4143E-02   0.3483E-02
         386  -0.4289E-02   0.3636E-02
         387  -0.4109E-02   0.3706E-02
         388  -0.2784E-02   0.3787E-02
         389  -0.1985E-02   0.3862E-02
         390  -0.4770E-03   0.4073E-02
         391   0.5034E-03   0.4243E-02
         392   0.2194E-02   0.4454E-02
         393   0.3621E-02   0.4432E-02
         394   0.4798E-02   0.4623E-02
         395   0.6047E-02   0.4775E-02
         396   0.7088E-02   0.4857E-02
         397   0.6875E-02   0.4754E-02
         398   0.5930E-02   0.4822E-02
         399   0.3763E-02   0.4833E-02
         400   0.1759E-02   0.4529E-02
         401  -0.4704E-03   0.4134E-02
         402  -0.2334E-02   0.3830E-02
         403  -0.3224E-02   0.3474E-02
         404  -0.3085E-02   0.3389E-02
         405  -0.3208E-02   0.3185E-02
         406  -0.2502E-02   0.3256E-02
         407  -0.2019E-02   0.3286E-02
         408  -0.4076E-03   0.3266E-02
         409   0.1890E-03   0.3261E-02
         410   0.1383E-02   0.3771E-02
         411   0.2191E-02   0.4076E-02
         412   0.3413E-02   0.4216E-02
         413   0.4377E-02   0.4056E-02
         414   0.5352E-02   0.4083E-02
         415   0.5810E-02   0.3965E-02
         416   0.6097E-02   0.3605E-02
         417   0.4701E-02   0.3448E-02
         418   0.2637E-02   0.3177E-02
         419   0.1869E-03   0.2777E-02
         420  -0.1455E-02   0.2633E-02
         421  -0.2539E-02   0.2329E-02
         422  -0.2954E-02   0.2301E-02
         423  -0.3488E-02   0.1960E-02
         424  -0.3416E-02   0.1898E-02
         425  -0.2730E-02   0.1977E-02
         426  -0.1525E-02   0.1888E-02
         427  -0.3568E-03   0.2095E-02
         428   0.6875E-03   0.2342E-02
         429   0.2392E-02   0.2670E-02
         430   0.4180E-02   0.3123E-02
         431   0.5337E-02   0.3396E-02
         432   0.5772E-02   0.3517E-02
         433   0.5970E-02   0.3593E-02
         434   0.5382E-02   0.3489E-02
         435   0.3496E-02   0.3233E-02
         436   0.1609E-02   0.3252E-02
         437  -0.5909E-03   0.2929E-02
         438  -0.2267E-02   0.3050E-02
         439  -0.4176E-02   0.3031E-02
         440  -0.4453E-02   0.3110E-02
         441  -0.4675E-02   0.3004E-02
         442  -0.4707E-02   0.2902E-02
         443  -0.3930E-02   0.2841E-02
         444  -0.3217E-02   0.2961E-02
         445  -0.1913E-02   0.3058E-02
         446  -0.9121E-03   0.3394E-02
         447  -0.8272E-04   0.3362E-02
         448   0.4783E-03   0.3385E-02
         449   0.1759E-02   0.3796E-02
         450   0.2924E-02   0.3994E-02
         451   0.3865E-02   0.4003E-02
         452   0.3181E-02   0.4313E-02
         453   0.1768E-02   0.4434E-02
         454  -0.2196E-03   0.4442E-02
         455  -0.2209E-02   0.4398E-02
         456  -0.3035E-02   0.4155E-02
         457  -0.3850E-02   0.4198E-02
         458  -0.4191E-02   0.4324E-02
         459  -0.4034E-02   0.4547E-02
         460  -0.2754E-02   0.4806E-02
         461  -0.2425E-02   0.5049E-02
         462  -0.1249E-02   0.5324E-02
         463  -0.3280E-03   0.5565E-02
         464   0.3474E-03   0.5820E-02
         465   0.1220E-02   0.6026E-02
         466   0.2014E-02   0.6491E-02
         467   0.3235E-02   0.6653E-02
         468   0.4407E-02   0.6913E-02
         469   0.4963E-02   0.6625E-02
         470   0.4498E-02   0.6499E-02
         471   0.2987E-02   0.6205E-02
         472   0.7880E-03   0.6235E-02
         473  -0.9086E-03   0.6109E-02
         474  -0.2929E-02   0.6144E-02
         475  -0.3420E-02   0.6165E-02
         476  -0.3559E-02   0.6149E-02
         477  -0.3351E-02   0.6157E-02
         478  -0.2601E-02   0.6288E-02
         479  -0.2093E-02   0.6389E-02
         480  -0.9960E-03   0.6258E-02
         481  -0.5600E-04   0.6189E-02
         482   0.9456E-03   0.5926E-02
         483   0.1409E-02   0.5872E-02
         484   0.2562E-02   0.5749E-02
         485   0.2950E-02   0.5714E-02
         486   0.3454E-02   0.5631E-02
         487   0.3288E-02   0.5432E-02
         488   0.3355E-02   0.5327E-02
         489   0.2230E-02   0.5010E-02
         490   0.8773E-03   0.4875E-02
         491  -0.1157E-02   0.4770E-02
         492  -0.2621E-02   0.4575E-02
         493  -0.3694E-02   0.4260E-02
         494  -0.3992E-02   0.4158E-02
         495  -0.3621E-02   0.4103E-02
         496  -0.3737E-02   0.4073E-02
         497  -0.3416E-02   0.4271E-02
         498  -0.2728E-02   0.4451E-02
         499  -0.1821E-02   0.4562E-02
         500  -0.1359E-02   0.4694E-02
         501   0.4763E-03   0.4610E-02
         502   0.1780E-02   0.4678E-02
         503   0.2275E-02   0.4939E-02
         504   0.3103E-02   0.5010E-02
         505   0.3550E-02   0.4929E-02
         506   0.3230E-02   0.4704E-02
         507   0.1501E-02   0.4537E-02
         508  -0.9746E-03   0.4359E-02
         509  -0.2684E-02   0.4160E-02
         510  -0.4060E-02   0.3852E-02
         511  -0.5431E-02   0.3899E-02
         512  -0.5995E-02   0.3741E-02
         513  -0.6092E-02   0.3896E-02
         514  -0.5262E-02   0.3922E-02
         515  -0.4230E-02   0.3868E-02
         516  -0.2654E-02   0.3876E-02
         517  -0.1231E-02   0.3811E-02
         518  -0.5021E-03   0.3815E-02
         519   0.2705E-03   0.3886E-02
         520   0.1256E-02   0.3922E-02
         521   0.3012E-02   0.4138E-02
         522   0.3012E-02   0.4037E-02
         523   0.3990E-02   0.4266E-02
         524   0.3208E-02   0.4370E-02
         525   0.1566E-02   0.4601E-02
         526  -0.1325E-02   0.4471E-02
         527  -0.3040E-02   0.4423E-02
         528  -0.3863E-02   0.4323E-02
         529  -0.4620E-02   0.4540E-02
         530  -0.4954E-02   0.4554E-02
         531  -0.4881E-02   0.4357E-02
         532  -0.4264E-02   0.4556E-02
         533  -0.3638E-02   0.4748E-02
         534  -0.2961E-02   0.4654E-02
         535  -0.1784E-02   0.4722E-02
         536  -0.4068E-03   0.4843E-02
         537   0.2927E-03   0.4920E-02
         538   0.1139E-02   0.5127E-02
         539   0.1933E-02   0.5584E-02
         540   0.2861E-02   0.5856E-02
         541   0.3304E-02   0.6056E-02
         542   0.3518E-02   0.6360E-02
         543   0.2848E-02   0.6436E-02
         544   0.8523E-03   0.6194E-02
         545  -0.1248E-02   0.5935E-02
         546  -0.2335E-02   0.5817E-02
         547  -0.2833E-02   0.5652E-02
         548  -0.3106E-02   0.5508E-02
         549  -0.2895E-02   0.5227E-02
         550  -0.2510E-02   0.5057E-02
         551  -0.1959E-02   0.5151E-02
         552  -0.5346E-03   0.5027E-02
         553  -0.3828E-03   0.4732E-02
         554   0.3643E-03   0.4766E-02
         555   0.5053E-03   0.4693E-02
         556   0.6543E-03   0.4742E-02
         557   0.1159E-02   0.4846E-02
         558   0.1450E-02   0.4614E-02
         559   0.1776E-02   0.4466E-02
         560   0.1893E-02   0.4625E-02
         561   0.1188E-02   0.4386E-02
         562   0.1409E-03   0.4078E-02
         563  -0.1940E-02   0.3409E-02
         564  -0.3781E-02   0.3215E-02
         565  -0.4252E-02   0.3180E-02
         566  -0.4228E-02   0.3272E-02
         567  -0.4457E-02   0.3290E-02
         568  -0.4449E-02   0.3362E-02
         569  -0.3641E-02   0.3590E-02
         570  -0.2796E-02   0.3736E-02
         571  -0.2421E-02   0.3573E-02
         572  -0.2175E-02   0.3449E-02
         573  -0.1022E-02   0.3452E-02
         574   0.2687E-03   0.3424E-02
         575   0.8303E-03   0.3437E-02
         576   0.2036E-02   0.3548E-02
         577   0.2414E-02   0.3314E-02
         578   0.2327E-02   0.3128E-02
         579   0.5766E-03   0.2955E-02
         580  -0.1141E-02   0.2915E-02
         581  -0.2529E-02   0.2726E-02
         582  -0.4047E-02   0.2452E-02
         583  -0.4489E-02   0.2542E-02
         584  -0.5161E-02   0.2416E-02
         585  -0.5368E-02   0.2308E-02
         586  -0.4996E-02   0.2287E-02
         587  -0.4312E-02   0.2245E-02
         588  -0.3639E-02   0.2272E-02
         589  -0.2433E-02   0.2245E-02
         590  -0.1350E-02   0.2321E-02
         591   0.1714E-03   0.2377E-02
         592   0.1370E-02   0.2393E-02
         593   0.2327E-02   0.2403E-02
         594   0.2944E-02   0.2393E-02
         595   0.3516E-02   0.2521E-02
         596   0.3062E-02   0.2490E-02
         597   0.2382E-02   0.2563E-02
         598   0.4951E-03   0.2415E-02
         599  -0.8691E-03   0.2182E-02
         600  -0.2543E-02   0.2044E-02
         601  -0.3493E-02   0.2112E-02
         602  -0.3739E-02   0.1737E-02
         603  -0.4187E-02   0.1560E-02
         604  -0.3843E-02   0.1348E-02
         605  -0.3130E-02   0.1509E-02
         606  -0.2824E-02   0.1457E-02
         607  -0.2232E-02   0.1327E-02
         608  -0.1733E-02   0.1288E-02
         609  -0.9948E-03   0.1213E-02
         610   0.4119E-03   0.1115E-02
         611   0.8922E-03   0.1065E-02
         612   0.1333E-02   0.1070E-02
         613   0.1760E-02   0.1056E-02
         614   0.1750E-02   0.1234E-02
         615   0.8365E-03   0.1234E-02
         616  -0.1237E-02   0.1115E-02
         617  -0.3363E-02   0.8650E-03
         618  -0.4782E-02   0.6364E-03
         619  -0.5694E-02   0.6051E-03
         620  -0.5854E-02   0.5763E-03
         621  -0.6355E-02   0.4432E-03
         622  -0.5489E-02   0.3650E-03
         623  -0.4368E-02   0.7031E-03
         624  -0.3322E-02   0.1001E-02
         625  -0.2158E-02   0.1003E-02
         626  -0.1236E-02   0.1084E-02
         627  -0.1101E-02   0.1146E-02
         628  -0.9573E-03   0.1244E-02
         629   0.1926E-03   0.1596E-02
         630   0.6222E-03   0.1928E-02
         631   0.7763E-03   0.2233E-02
         632   0.8088E-03   0.2639E-02
         633   0.2408E-03   0.2794E-02
         634  -0.1095E-02   0.2612E-02
         635  -0.2392E-02   0.2820E-02
         636  -0.4008E-02   0.2864E-02
         637  -0.4480E-02   0.2819E-02
         638  -0.4990E-02   0.2972E-02
         639  -0.4919E-02   0.3183E-02
         640  -0.4390E-02   0.3035E-02
         641  -0.3971E-02   0.3031E-02
         642  -0.3486E-02   0.3070E-02
         643  -0.2950E-02   0.3277E-02
         644  -0.1821E-02   0.3358E-02
         645  -0.1083E-02   0.3882E-02
         646  -0.8596E-03   0.3966E-02
         647  -0.4623E-03   0.4109E-02
         648   0.2847E-03   0.4519E-02
         649   0.9665E-03   0.4672E-02
         650   0.1419E-02   0.4975E-02
         651   0.1052E-02   0.5246E-02
         652  -0.1679E-03   0.5517E-02
         653  -0.1409E-02   0.5746E-02
         654  -0.2540E-02   0.5843E-02
         655  -0.3724E-02   0.5953E-02
         656  -0.4003E-02   0.6159E-02
         657  -0.3886E-02   0.6262E-02
         658  -0.3621E-02   0.6345E-02
         659  -0.3624E-02   0.6447E-02
         660  -0.2458E-02   0.6576E-02
         661  -0.1487E-02   0.6631E-02
         662  -0.5243E-03   0.6999E-02
         663   0.4728E-03   0.7073E-02
         664   0.1129E-02   0.7069E-02
         665   0.2346E-02   0.7023E-02
         666   0.2992E-02   0.6918E-02
         667   0.3018E-02   0.6524E-02
         668   0.2400E-02   0.6327E-02
         669   0.1473E-02   0.6188E-02
         670   0.7035E-03   0.6027E-02
         671  -0.6598E-03   0.5650E-02
         672  -0.2300E-02   0.5480E-02
         673  -0.2504E-02   0.5229E-02
         674  -0.2609E-02   0.4960E-02
         675  -0.2372E-02   0.4938E-02
         676  -0.1647E-02   0.4833E-02
         677  -0.6881E-03   0.4945E-02
         678  -0.3493E-03   0.4805E-02
         679   0.4644E-03   0.4709E-02
         680   0.1141E-02   0.4408E-02
         681   0.1567E-02   0.4227E-02
         682   0.1492E-02   0.4050E-02
         683   0.2066E-02   0.3608E-02
         684   0.2290E-02   0.3342E-02
         685   0.2194E-02   0.3088E-02
         686   0.1958E-02   0.2855E-02
         687   0.1599E-02   0.2856E-02
         688   0.3387E-03   0.2802E-02
         689  -0.1073E-02   0.3069E-02
         690  -0.2032E-02   0.3268E-02
         691  -0.2595E-02   0.3386E-02
         692  -0.2991E-02   0.3643E-02
         693  -0.2766E-02   0.3552E-02
         694  -0.2767E-02   0.3368E-02
         695  -0.2264E-02   0.3227E-02
         696  -0.1762E-02   0.2983E-02
         697  -0.9165E-03   0.2887E-02
         698  -0.1741E-03   0.3047E-02
         699   0.1995E-03   0.3100E-02
         700   0.3692E-03   0.2943E-02
         701   0.1288E-02   0.3247E-02
         702   0.1657E-02   0.3371E-02
         703   0.1690E-02   0.3830E-02
         704   0.1404E-02   0.4284E-02
         705   0.1392E-02   0.4610E-02
         706   0.9937E-03   0.4848E-02
         707  -0.5830E-04   0.4853E-02
         708  -0.1680E-02   0.5092E-02
         709  -0.2384E-02   0.5108E-02
         710  -0.2566E-02   0.5272E-02
         711  -0.2158E-02   0.5440E-02
         712  -0.1380E-02   0.5689E-02
         713  -0.9621E-03   0.5797E-02
         714  -0.4949E-03   0.6063E-02
         715  -0.2015E-03   0.6249E-02
         716   0.7015E-03   0.6613E-02
         717   0.1250E-02   0.6704E-02
         718   0.1694E-02   0.6678E-02
         719   0.2057E-02   0.6933E-02
         720   0.2612E-02   0.6948E-02
         721   0.3705E-02   0.7059E-02
         722   0.3609E-02   0.6991E-02
         723   0.2639E-02   0.6757E-02
         724   0.2257E-02   0.6581E-02
         725   0.1367E-02   0.6198E-02
         726   0.1491E-04   0.5860E-02
         727  -0.9109E-03   0.5708E-02
         728  -0.8793E-03   0.5695E-02
         729  -0.1254E-02   0.5824E-02
         730  -0.7900E-03   0.5625E-02
         731  -0.2411E-03   0.5415E-02
         732   0.5641E-03   0.5391E-02
         733   0.1093E-02   0.5573E-02
         734   0.1819E-02   0.5800E-02
         735   0.2167E-02   0.5986E-02
         736   0.3321E-02   0.6250E-02
         737   0.3749E-02   0.6449E-02
         738   0.4564E-02   0.6557E-02
         739   0.4964E-02   0.6346E-02
         740   0.4464E-02   0.6253E-02
         741   0.4088E-02   0.6384E-02
         742   0.2851E-02   0.6537E-02
         743   0.2017E-02   0.6726E-02
         744   0.6578E-03   0.6975E-02
         745   0.2439E-03   0.6785E-02
         746  -0.5550E-03   0.6542E-02
         747  -0.3309E-03   0.6385E-02
         748   0.1242E-03   0.6270E-02
         749   0.1043E-02   0.6191E-02
         750   0.1567E-02   0.6142E-02
         751   0.2306E-02   0.6071E-02
         752   0.2063E-02   0.6085E-02
         753   0.2657E-02   0.6109E-02
         754   0.3361E-02   0.6427E-02
         755   0.4261E-02   0.6593E-02
         756   0.4313E-02   0.6655E-02
         757   0.4981E-02   0.6873E-02
         758   0.4666E-02   0.7205E-02
         759   0.4460E-02   0.7011E-02
         760   0.3594E-02   0.6957E-02
         761   0.3026E-02   0.6878E-02
         762   0.1765E-02   0.6964E-02
         763   0.8337E-03   0.7059E-02
         764  -0.2189E-04   0.7220E-02
         765   0.2593E-03   0.7089E-02
         766   0.6329E-03   0.6808E-02
         767   0.9567E-03   0.6929E-02
         768   0.1416E-02   0.6932E-02
         769   0.1779E-02   0.7014E-02
         770   0.1722E-02   0.7033E-02
         771   0.2051E-02   0.7095E-02
         772   0.2281E-02   0.7150E-02
         773   0.2299E-02   0.6983E-02
         774   0.2163E-02   0.6748E-02
         775   0.2292E-02   0.6797E-02
         776   0.2409E-02   0.6591E-02
         777   0.2029E-02   0.6647E-02
         778   0.1394E-02   0.6629E-02
         779   0.4470E-03   0.6552E-02
         780  -0.1726E-03   0.6370E-02
         781  -0.6850E-03   0.6237E-02
         782  -0.5209E-03   0.6098E-02
         783  -0.2975E-03   0.6137E-02
         784   0.3564E-03   0.6114E-02
         785   0.6845E-03   0.6099E-02
         786   0.7884E-03   0.5843E-02
         787   0.1150E-02   0.5501E-02
         788   0.1357E-02   0.5277E-02
         789   0.2064E-02   0.5147E-02
         790   0.2770E-02   0.5109E-02
         791   0.2798E-02   0.5286E-02
         792   0.2934E-02   0.5228E-02
         793   0.2836E-02   0.5241E-02
         794   0.3373E-02   0.5276E-02
         795   0.3352E-02   0.4925E-02
         796   0.2639E-02   0.4637E-02
         797   0.2382E-02   0.4392E-02
         798   0.1864E-02   0.4143E-02
         799   0.1262E-02   0.3839E-02
         800   0.4227E-03   0.3713E-02
         801   0.9660E-03   0.3704E-02
         802   0.1422E-02   0.3689E-02
         803   0.1390E-02   0.3386E-02
         804   0.2020E-02   0.3029E-02
         805   0.2274E-02   0.3055E-02
         806   0.2496E-02   0.2985E-02
         807   0.2685E-02   0.2771E-02
         808   0.3062E-02   0.2546E-02
         809   0.2621E-02   0.2372E-02
         810   0.3161E-02   0.2410E-02
         811   0.3265E-02   0.2153E-02
         812   0.2986E-02   0.1848E-02
         813   0.2847E-02   0.1581E-02
         814   0.2357E-02   0.1299E-02
         815   0.1752E-02   0.1043E-02
         816   0.6131E-03   0.9542E-03
         817  -0.1170E-03   0.1037E-02
         818  -0.7643E-03   0.1252E-02
         819  -0.4665E-03   0.1247E-02
         820  -0.5374E-03   0.1279E-02
         821  -0.3041E-03   0.1322E-02
         822  -0.6262E-04   0.1277E-02
         823   0.5203E-03   0.1496E-02
         824   0.5751E-03   0.1541E-02
         825   0.1171E-02   0.1704E-02
         826   0.1489E-02   0.1890E-02
         827   0.1568E-02   0.1908E-02
         828   0.2090E-02   0.1886E-02
         829   0.1512E-02   0.1565E-02
         830   0.1232E-02   0.1396E-02
         831   0.1091E-02   0.1286E-02
         832   0.6653E-03   0.1179E-02
         833  -0.2915E-03   0.1134E-02
         834   0.2281E-03   0.1119E-02
         835  -0.5668E-03   0.1095E-02
         836  -0.9279E-03   0.8905E-03
         837  -0.2171E-03   0.9152E-03
         838   0.1038E-03   0.8787E-03
         839  -0.2585E-03   0.6084E-03
         840   0.1224E-03   0.6275E-03
         841   0.2348E-03   0.6135E-03
         842   0.9138E-03   0.6977E-03
         843   0.1732E-02   0.6835E-03
         844   0.1915E-02   0.8200E-03
         845   0.1750E-02   0.1119E-02
         846   0.1641E-02   0.1527E-02
         847   0.1740E-02   0.1701E-02
         848   0.1088E-02   0.1885E-02
         849   0.1198E-02   0.2156E-02
         850   0.3518E-03   0.2394E-02
         851  -0.4113E-03   0.2264E-02
         852  -0.7593E-03   0.2572E-02
         853  -0.1336E-02   0.2693E-02
         854  -0.1390E-02   0.2747E-02
         855  -0.1364E-02   0.2892E-02
         856  -0.1318E-02   0.3090E-02
         857  -0.1074E-02   0.3169E-02
         858  -0.5901E-03   0.3209E-02
         859  -0.1953E-04   0.3275E-02
         860   0.4291E-03   0.3327E-02
         861   0.1038E-02   0.3125E-02
         862   0.1210E-02   0.2850E-02
         863   0.1280E-02   0.2857E-02
         864   0.1344E-02   0.2610E-02
         865   0.1598E-02   0.2405E-02
         866   0.1434E-02   0.2134E-02
         867   0.1220E-02   0.2097E-02
         868   0.1127E-02   0.2169E-02
         869   0.8000E-03   0.2272E-02
         870  -0.6271E-03   0.2224E-02
         871  -0.9504E-03   0.2398E-02
         872  -0.1047E-02   0.2432E-02
         873  -0.9745E-03   0.2743E-02
         874  -0.1117E-02   0.2745E-02
         875  -0.9898E-03   0.2885E-02
         876  -0.1771E-03   0.3422E-02
         877   0.4180E-03   0.3625E-02
         878   0.7357E-03   0.3924E-02
         879   0.1294E-02   0.4026E-02
         880   0.1727E-02   0.4146E-02
         881   0.2233E-02   0.4489E-02
         882   0.2565E-02   0.4694E-02
         883   0.2568E-02   0.4728E-02
         884   0.2087E-02   0.4529E-02
         885   0.1616E-02   0.4349E-02
         886   0.1293E-02   0.3944E-02
         887   0.2799E-03   0.3731E-02
         888  -0.1010E-02   0.3408E-02
         889  -0.1192E-02   0.2962E-02
         890  -0.1598E-02   0.2662E-02
         891  -0.1675E-02   0.2481E-02
         892  -0.1652E-02   0.2131E-02
         893  -0.1382E-02   0.1985E-02
         894  -0.1542E-02   0.1852E-02
         895  -0.1021E-02   0.1837E-02
         896  -0.4377E-03   0.1781E-02
         897  -0.1794E-03   0.1749E-02
         898  -0.4825E-03   0.1685E-02
         899  -0.7561E-03   0.1629E-02
         900  -0.1031E-02   0.1435E-02
         901  -0.2866E-03   0.1512E-02
         902  -0.1477E-04   0.1310E-02
         903   0.1071E-03   0.9606E-03
         904  -0.2952E-03   0.8151E-03
         905  -0.8936E-03   0.3853E-03
         906  -0.1602E-02   0.1134E-03
         907  -0.2431E-02  -0.2353E-03
         908  -0.2774E-02  -0.5057E-03
         909  -0.2266E-02  -0.7662E-03
         910  -0.2211E-02  -0.8506E-03
         911  -0.1566E-02  -0.9691E-03
         912  -0.1085E-02  -0.8238E-03
         913  -0.7144E-03  -0.6682E-03
         914  -0.2917E-03  -0.4613E-03
         915  -0.3130E-03  -0.1437E-05
         916  -0.4906E-04   0.3014E-04
         917   0.1001E-04  -0.7967E-04
         918   0.9772E-03  -0.5550E-04
         919   0.7627E-03  -0.2081E-03
         920   0.9143E-03  -0.2732E-03
         921   0.1108E-02  -0.1592E-03
         922   0.1116E-02  -0.1737E-03
         923   0.7658E-03  -0.2362E-03
         924   0.1434E-03  -0.4004E-03
         925  -0.5734E-03  -0.6044E-03
         926  -0.8281E-03  -0.5600E-03
         927  -0.8695E-03  -0.5989E-03
         928  -0.7571E-03  -0.7365E-03
         929  -0.9203E-03  -0.7562E-03
         930  -0.9544E-03  -0.8687E-03
         931  -0.3036E-03  -0.1057E-02
         932   0.7741E-04  -0.1114E-02
         933  -0.4394E-05  -0.1327E-02
         934   0.5049E-04  -0.1267E-02
         935   0.2714E-03  -0.1300E-02
         936   0.4239E-03  -0.1226E-02
         937   0.5311E-03  -0.1118E-02
         938   0.5738E-03  -0.8725E-03
         939   0.3517E-03  -0.8005E-03
         940  -0.4000E-03  -0.8732E-03
         941  -0.9734E-03  -0.8448E-03
         942  -0.1524E-02  -0.8108E-03
         943  -0.2248E-02  -0.8832E-03
         944  -0.2633E-02  -0.7628E-03
         945  -0.2237E-02  -0.1028E-02
         946  -0.2161E-02  -0.9745E-03
         947  -0.2412E-02  -0.6339E-03
         948  -0.1775E-02  -0.5590E-03
         949  -0.1258E-02  -0.2773E-03
         950  -0.7013E-03  -0.2310E-03
         951  -0.4930E-03  -0.3943E-04
         952   0.2608E-03  -0.7614E-04
         953   0.8032E-03  -0.1269E-03
         954   0.1193E-02   0.1447E-03
         955   0.1680E-02   0.1099E-03
         956   0.1892E-02   0.1265E-03
         957   0.2095E-02   0.1269E-03
         958   0.1968E-02   0.2721E-03
         959   0.1752E-02   0.2608E-03
         960   0.1640E-02   0.4384E-03
         961   0.1331E-02   0.4625E-03
         962   0.1148E-02   0.5919E-03
         963   0.8461E-03   0.5374E-03
         964   0.7158E-03   0.8916E-03
         965   0.8472E-03   0.1230E-02
         966   0.1032E-02   0.1098E-02
         967   0.1125E-02   0.1248E-02
         968   0.1053E-02   0.1586E-02
         969   0.1687E-02   0.1607E-02
         970   0.2146E-02   0.1730E-02
         971   0.2909E-02   0.2163E-02
         972   0.2971E-02   0.2519E-02
         973   0.2690E-02   0.2806E-02
         974   0.2306E-02   0.2956E-02
         975   0.2594E-02   0.3015E-02
         976   0.2388E-02   0.3237E-02
         977   0.1246E-02   0.3089E-02
         978   0.4639E-03   0.3028E-02
         979  -0.8952E-04   0.2741E-02
         980  -0.6733E-03   0.2506E-02
         981  -0.9224E-03   0.2692E-02
         982  -0.6173E-03   0.2787E-02
         983  -0.3558E-03   0.3175E-02
         984   0.1857E-03   0.3379E-02
         985   0.4030E-03   0.3546E-02
         986   0.8856E-03   0.3772E-02
         987   0.1470E-02   0.4080E-02
         988   0.1335E-02   0.4043E-02
         989   0.1355E-02   0.4243E-02
         990   0.1607E-02   0.4554E-02
         991   0.1969E-02   0.4812E-02
         992   0.1892E-02   0.5023E-02
         993   0.1708E-02   0.5125E-02
         994   0.1441E-02   0.5164E-02
         995   0.1633E-02   0.5266E-02
         996   0.9847E-03   0.5541E-02
         997   0.1221E-02   0.5607E-02
         998   0.8616E-03   0.5908E-02
         999   0.1007E-02   0.6080E-02
        1000   0.6478E-03   0.6141E-02
