  0.5000E-02   0.0000E+00
  0.1000E-01   0.5935E+01
  0.1500E-01   0.4030E+01
  0.2000E-01   0.6019E+01
  0.2500E-01   0.4880E+01
  0.3000E-01   0.6073E+01
  0.3500E-01   0.5256E+01
  0.4000E-01   0.6106E+01
  0.4500E-01   0.5470E+01
  0.5000E-01   0.6138E+01
  0.5500E-01   0.5621E+01
  0.6000E-01   0.6162E+01
  0.6500E-01   0.5723E+01
  0.7000E-01   0.6182E+01
  0.7500E-01   0.5801E+01
  0.8000E-01   0.6202E+01
  0.8500E-01   0.5869E+01
  0.9000E-01   0.6224E+01
  0.9500E-01   0.5927E+01
  0.1000E+00   0.6244E+01
  0.1050E+00   0.5972E+01
  0.1100E+00   0.6257E+01
  0.1150E+00   0.6009E+01
  0.1200E+00   0.6270E+01
  0.1250E+00   0.6042E+01
  0.1300E+00   0.6283E+01
  0.1350E+00   0.6075E+01
  0.1400E+00   0.6298E+01
  0.1450E+00   0.6103E+01
  0.1500E+00   0.6312E+01
  0.1550E+00   0.6130E+01
  0.1600E+00   0.6325E+01
  0.1650E+00   0.6155E+01
  0.1700E+00   0.6339E+01
  0.1750E+00   0.6177E+01
  0.1800E+00   0.6350E+01
  0.1850E+00   0.6197E+01
  0.1900E+00   0.6360E+01
  0.1950E+00   0.6213E+01
  0.2000E+00   0.6368E+01
  0.2050E+00   0.6230E+01
  0.2100E+00   0.6377E+01
  0.2150E+00   0.6246E+01
  0.2200E+00   0.6387E+01
  0.2250E+00   0.6262E+01
  0.2300E+00   0.6397E+01
  0.2350E+00   0.6277E+01
  0.2400E+00   0.6406E+01
  0.2450E+00   0.6290E+01
  0.2500E+00   0.6414E+01
  0.2550E+00   0.6303E+01
  0.2600E+00   0.6422E+01
  0.2650E+00   0.6316E+01
  0.2700E+00   0.6431E+01
  0.2750E+00   0.6329E+01
  0.2800E+00   0.6440E+01
  0.2850E+00   0.6343E+01
  0.2900E+00   0.6449E+01
  0.2950E+00   0.6353E+01
  0.3000E+00   0.6457E+01
  0.3050E+00   0.6364E+01
  0.3100E+00   0.6463E+01
  0.3150E+00   0.6374E+01
  0.3200E+00   0.6471E+01
  0.3250E+00   0.6385E+01
  0.3300E+00   0.6480E+01
  0.3350E+00   0.6397E+01
  0.3400E+00   0.6488E+01
  0.3450E+00   0.6407E+01
  0.3500E+00   0.6495E+01
  0.3550E+00   0.6416E+01
  0.3600E+00   0.6501E+01
  0.3650E+00   0.6424E+01
  0.3700E+00   0.6508E+01
  0.3750E+00   0.6434E+01
  0.3800E+00   0.6515E+01
  0.3850E+00   0.6443E+01
  0.3900E+00   0.6523E+01
  0.3950E+00   0.6452E+01
  0.4000E+00   0.6530E+01
  0.4050E+00   0.6461E+01
  0.4100E+00   0.6537E+01
  0.4150E+00   0.6470E+01
  0.4200E+00   0.6544E+01
  0.4250E+00   0.6479E+01
  0.4300E+00   0.6552E+01
  0.4350E+00   0.6489E+01
  0.4400E+00   0.6560E+01
  0.4450E+00   0.6498E+01
  0.4500E+00   0.6567E+01
  0.4550E+00   0.6507E+01
  0.4600E+00   0.6574E+01
  0.4650E+00   0.6515E+01
  0.4700E+00   0.6582E+01
  0.4750E+00   0.6524E+01
  0.4800E+00   0.6589E+01
  0.4850E+00   0.6532E+01
  0.4900E+00   0.6596E+01
  0.4950E+00   0.6541E+01
  0.5000E+00   0.6603E+01
  0.5050E+00   0.6548E+01
  0.5100E+00   0.6609E+01
  0.5150E+00   0.6556E+01
  0.5200E+00   0.6616E+01
  0.5250E+00   0.6564E+01
  0.5300E+00   0.6623E+01
  0.5350E+00   0.6572E+01
  0.5400E+00   0.6630E+01
  0.5450E+00   0.6580E+01
  0.5500E+00   0.6637E+01
  0.5550E+00   0.6587E+01
  0.5600E+00   0.6643E+01
  0.5650E+00   0.6594E+01
  0.5700E+00   0.6649E+01
  0.5750E+00   0.6602E+01
  0.5800E+00   0.6655E+01
  0.5850E+00   0.6608E+01
  0.5900E+00   0.6661E+01
  0.5950E+00   0.6615E+01
  0.6000E+00   0.6667E+01
  0.6050E+00   0.6621E+01
  0.6100E+00   0.6672E+01
  0.6150E+00   0.6627E+01
  0.6200E+00   0.6678E+01
  0.6250E+00   0.6633E+01
  0.6300E+00   0.6683E+01
  0.6350E+00   0.6639E+01
  0.6400E+00   0.6688E+01
  0.6450E+00   0.6645E+01
  0.6500E+00   0.6692E+01
  0.6550E+00   0.6650E+01
  0.6600E+00   0.6697E+01
  0.6650E+00   0.6655E+01
  0.6700E+00   0.6702E+01
  0.6750E+00   0.6661E+01
  0.6800E+00   0.6707E+01
  0.6850E+00   0.6666E+01
  0.6900E+00   0.6712E+01
  0.6950E+00   0.6672E+01
  0.7000E+00   0.6716E+01
  0.7050E+00   0.6677E+01
  0.7100E+00   0.6720E+01
  0.7150E+00   0.6682E+01
  0.7200E+00   0.6725E+01
  0.7250E+00   0.6687E+01
  0.7300E+00   0.6730E+01
  0.7350E+00   0.6692E+01
  0.7400E+00   0.6734E+01
  0.7450E+00   0.6697E+01
  0.7500E+00   0.6739E+01
  0.7550E+00   0.6702E+01
  0.7600E+00   0.6743E+01
  0.7650E+00   0.6707E+01
  0.7700E+00   0.6748E+01
  0.7750E+00   0.6712E+01
  0.7800E+00   0.6752E+01
  0.7850E+00   0.6717E+01
  0.7900E+00   0.6756E+01
  0.7950E+00   0.6722E+01
  0.8000E+00   0.6761E+01
  0.8050E+00   0.6726E+01
  0.8100E+00   0.6764E+01
  0.8150E+00   0.6730E+01
  0.8200E+00   0.6768E+01
  0.8250E+00   0.6735E+01
  0.8300E+00   0.6772E+01
  0.8350E+00   0.6739E+01
  0.8400E+00   0.6776E+01
  0.8450E+00   0.6743E+01
  0.8500E+00   0.6780E+01
  0.8550E+00   0.6747E+01
  0.8600E+00   0.6784E+01
  0.8650E+00   0.6752E+01
  0.8700E+00   0.6788E+01
  0.8750E+00   0.6756E+01
  0.8800E+00   0.6791E+01
  0.8850E+00   0.6760E+01
  0.8900E+00   0.6795E+01
  0.8950E+00   0.6764E+01
  0.9000E+00   0.6799E+01
  0.9050E+00   0.6768E+01
  0.9100E+00   0.6802E+01
  0.9150E+00   0.6772E+01
  0.9200E+00   0.6806E+01
  0.9250E+00   0.6776E+01
  0.9300E+00   0.6810E+01
  0.9350E+00   0.6780E+01
  0.9400E+00   0.6814E+01
  0.9450E+00   0.6785E+01
  0.9500E+00   0.6817E+01
  0.9550E+00   0.6788E+01
  0.9600E+00   0.6821E+01
  0.9650E+00   0.6792E+01
  0.9700E+00   0.6825E+01
  0.9750E+00   0.6796E+01
  0.9800E+00   0.6828E+01
  0.9850E+00   0.6800E+01
  0.9900E+00   0.6831E+01
  0.9950E+00   0.6804E+01
  0.1000E+01   0.6835E+01
  0.1005E+01   0.6807E+01
  0.1010E+01   0.6838E+01
  0.1015E+01   0.6811E+01
  0.1020E+01   0.6841E+01
  0.1025E+01   0.6814E+01
  0.1030E+01   0.6844E+01
  0.1035E+01   0.6817E+01
  0.1040E+01   0.6847E+01
  0.1045E+01   0.6820E+01
  0.1050E+01   0.6850E+01
  0.1055E+01   0.6824E+01
  0.1060E+01   0.6853E+01
  0.1065E+01   0.6827E+01
  0.1070E+01   0.6856E+01
  0.1075E+01   0.6830E+01
  0.1080E+01   0.6859E+01
  0.1085E+01   0.6833E+01
  0.1090E+01   0.6861E+01
  0.1095E+01   0.6836E+01
  0.1100E+01   0.6864E+01
  0.1105E+01   0.6839E+01
  0.1110E+01   0.6867E+01
  0.1115E+01   0.6842E+01
  0.1120E+01   0.6870E+01
  0.1125E+01   0.6846E+01
  0.1130E+01   0.6873E+01
  0.1135E+01   0.6849E+01
  0.1140E+01   0.6876E+01
  0.1145E+01   0.6852E+01
  0.1150E+01   0.6879E+01
  0.1155E+01   0.6855E+01
  0.1160E+01   0.6882E+01
  0.1165E+01   0.6858E+01
  0.1170E+01   0.6884E+01
  0.1175E+01   0.6861E+01
  0.1180E+01   0.6887E+01
  0.1185E+01   0.6864E+01
  0.1190E+01   0.6890E+01
  0.1195E+01   0.6867E+01
  0.1200E+01   0.6893E+01
  0.1205E+01   0.6870E+01
  0.1210E+01   0.6896E+01
  0.1215E+01   0.6873E+01
  0.1220E+01   0.6899E+01
  0.1225E+01   0.6876E+01
  0.1230E+01   0.6902E+01
  0.1235E+01   0.6879E+01
  0.1240E+01   0.6904E+01
  0.1245E+01   0.6882E+01
  0.1250E+01   0.6907E+01
  0.1255E+01   0.6885E+01
  0.1260E+01   0.6910E+01
  0.1265E+01   0.6888E+01
  0.1270E+01   0.6913E+01
  0.1275E+01   0.6891E+01
  0.1280E+01   0.6915E+01
  0.1285E+01   0.6894E+01
  0.1290E+01   0.6918E+01
  0.1295E+01   0.6896E+01
  0.1300E+01   0.6920E+01
  0.1305E+01   0.6899E+01
  0.1310E+01   0.6923E+01
  0.1315E+01   0.6902E+01
  0.1320E+01   0.6925E+01
  0.1325E+01   0.6905E+01
  0.1330E+01   0.6928E+01
  0.1335E+01   0.6907E+01
  0.1340E+01   0.6930E+01
  0.1345E+01   0.6910E+01
  0.1350E+01   0.6933E+01
  0.1355E+01   0.6912E+01
  0.1360E+01   0.6935E+01
  0.1365E+01   0.6915E+01
  0.1370E+01   0.6938E+01
  0.1375E+01   0.6918E+01
  0.1380E+01   0.6941E+01
  0.1385E+01   0.6921E+01
  0.1390E+01   0.6943E+01
  0.1395E+01   0.6924E+01
  0.1400E+01   0.6946E+01
  0.1405E+01   0.6926E+01
  0.1410E+01   0.6949E+01
  0.1415E+01   0.6929E+01
  0.1420E+01   0.6952E+01
  0.1425E+01   0.6932E+01
  0.1430E+01   0.6954E+01
  0.1435E+01   0.6935E+01
  0.1440E+01   0.6957E+01
  0.1445E+01   0.6938E+01
  0.1450E+01   0.6960E+01
  0.1455E+01   0.6941E+01
  0.1460E+01   0.6962E+01
  0.1465E+01   0.6944E+01
  0.1470E+01   0.6965E+01
  0.1475E+01   0.6947E+01
  0.1480E+01   0.6968E+01
  0.1485E+01   0.6950E+01
  0.1490E+01   0.6971E+01
  0.1495E+01   0.6952E+01
  0.1500E+01   0.6973E+01
  0.1505E+01   0.6955E+01
  0.1510E+01   0.6976E+01
  0.1515E+01   0.6958E+01
  0.1520E+01   0.6979E+01
  0.1525E+01   0.6961E+01
  0.1530E+01   0.6981E+01
  0.1535E+01   0.6964E+01
  0.1540E+01   0.6984E+01
  0.1545E+01   0.6966E+01
  0.1550E+01   0.6987E+01
  0.1555E+01   0.6969E+01
  0.1560E+01   0.6989E+01
  0.1565E+01   0.6972E+01
  0.1570E+01   0.6992E+01
  0.1575E+01   0.6975E+01
  0.1580E+01   0.6995E+01
  0.1585E+01   0.6977E+01
  0.1590E+01   0.6997E+01
  0.1595E+01   0.6980E+01
  0.1600E+01   0.7000E+01
  0.1605E+01   0.6983E+01
  0.1610E+01   0.7002E+01
  0.1615E+01   0.6985E+01
  0.1620E+01   0.7005E+01
  0.1625E+01   0.6988E+01
  0.1630E+01   0.7007E+01
  0.1635E+01   0.6991E+01
  0.1640E+01   0.7010E+01
  0.1645E+01   0.6994E+01
  0.1650E+01   0.7012E+01
  0.1655E+01   0.6996E+01
  0.1660E+01   0.7015E+01
  0.1665E+01   0.6999E+01
  0.1670E+01   0.7018E+01
  0.1675E+01   0.7002E+01
  0.1680E+01   0.7020E+01
  0.1685E+01   0.7004E+01
  0.1690E+01   0.7023E+01
  0.1695E+01   0.7007E+01
  0.1700E+01   0.7025E+01
  0.1705E+01   0.7009E+01
  0.1710E+01   0.7028E+01
  0.1715E+01   0.7012E+01
  0.1720E+01   0.7030E+01
  0.1725E+01   0.7015E+01
  0.1730E+01   0.7033E+01
  0.1735E+01   0.7017E+01
  0.1740E+01   0.7035E+01
  0.1745E+01   0.7020E+01
  0.1750E+01   0.7038E+01
  0.1755E+01   0.7022E+01
  0.1760E+01   0.7040E+01
  0.1765E+01   0.7025E+01
  0.1770E+01   0.7043E+01
  0.1775E+01   0.7028E+01
  0.1780E+01   0.7045E+01
  0.1785E+01   0.7030E+01
  0.1790E+01   0.7048E+01
  0.1795E+01   0.7033E+01
  0.1800E+01   0.7050E+01
  0.1805E+01   0.7035E+01
  0.1810E+01   0.7052E+01
  0.1815E+01   0.7038E+01
  0.1820E+01   0.7055E+01
  0.1825E+01   0.7040E+01
  0.1830E+01   0.7057E+01
  0.1835E+01   0.7043E+01
  0.1840E+01   0.7060E+01
  0.1845E+01   0.7045E+01
  0.1850E+01   0.7062E+01
  0.1855E+01   0.7047E+01
  0.1860E+01   0.7064E+01
  0.1865E+01   0.7050E+01
  0.1870E+01   0.7067E+01
  0.1875E+01   0.7052E+01
  0.1880E+01   0.7069E+01
  0.1885E+01   0.7055E+01
  0.1890E+01   0.7072E+01
  0.1895E+01   0.7058E+01
  0.1900E+01   0.7074E+01
  0.1905E+01   0.7060E+01
  0.1910E+01   0.7077E+01
  0.1915E+01   0.7062E+01
  0.1920E+01   0.7079E+01
  0.1925E+01   0.7065E+01
  0.1930E+01   0.7081E+01
  0.1935E+01   0.7067E+01
  0.1940E+01   0.7084E+01
  0.1945E+01   0.7070E+01
  0.1950E+01   0.7086E+01
  0.1955E+01   0.7072E+01
  0.1960E+01   0.7088E+01
  0.1965E+01   0.7074E+01
  0.1970E+01   0.7090E+01
  0.1975E+01   0.7076E+01
  0.1980E+01   0.7092E+01
  0.1985E+01   0.7079E+01
  0.1990E+01   0.7095E+01
  0.1995E+01   0.7081E+01
  0.2000E+01   0.7097E+01
  0.2005E+01   0.7083E+01
  0.2010E+01   0.7099E+01
  0.2015E+01   0.7086E+01
  0.2020E+01   0.7101E+01
  0.2025E+01   0.7088E+01
  0.2030E+01   0.7104E+01
  0.2035E+01   0.7090E+01
  0.2040E+01   0.7106E+01
  0.2045E+01   0.7092E+01
  0.2050E+01   0.7108E+01
  0.2055E+01   0.7094E+01
  0.2060E+01   0.7110E+01
  0.2065E+01   0.7097E+01
  0.2070E+01   0.7112E+01
  0.2075E+01   0.7099E+01
  0.2080E+01   0.7114E+01
  0.2085E+01   0.7101E+01
  0.2090E+01   0.7116E+01
  0.2095E+01   0.7103E+01
  0.2100E+01   0.7118E+01
  0.2105E+01   0.7105E+01
  0.2110E+01   0.7120E+01
  0.2115E+01   0.7107E+01
  0.2120E+01   0.7122E+01
  0.2125E+01   0.7110E+01
  0.2130E+01   0.7124E+01
  0.2135E+01   0.7112E+01
  0.2140E+01   0.7126E+01
  0.2145E+01   0.7114E+01
  0.2150E+01   0.7128E+01
  0.2155E+01   0.7116E+01
  0.2160E+01   0.7130E+01
  0.2165E+01   0.7118E+01
  0.2170E+01   0.7133E+01
  0.2175E+01   0.7120E+01
  0.2180E+01   0.7135E+01
  0.2185E+01   0.7122E+01
  0.2190E+01   0.7137E+01
  0.2195E+01   0.7125E+01
  0.2200E+01   0.7139E+01
  0.2205E+01   0.7127E+01
  0.2210E+01   0.7141E+01
  0.2215E+01   0.7129E+01
  0.2220E+01   0.7143E+01
  0.2225E+01   0.7131E+01
  0.2230E+01   0.7145E+01
  0.2235E+01   0.7133E+01
  0.2240E+01   0.7148E+01
  0.2245E+01   0.7136E+01
  0.2250E+01   0.7150E+01
  0.2255E+01   0.7138E+01
  0.2260E+01   0.7152E+01
  0.2265E+01   0.7140E+01
  0.2270E+01   0.7154E+01
  0.2275E+01   0.7142E+01
  0.2280E+01   0.7156E+01
  0.2285E+01   0.7145E+01
  0.2290E+01   0.7159E+01
  0.2295E+01   0.7147E+01
  0.2300E+01   0.7161E+01
  0.2305E+01   0.7149E+01
  0.2310E+01   0.7163E+01
  0.2315E+01   0.7151E+01
  0.2320E+01   0.7165E+01
  0.2325E+01   0.7154E+01
  0.2330E+01   0.7167E+01
  0.2335E+01   0.7156E+01
  0.2340E+01   0.7169E+01
  0.2345E+01   0.7158E+01
  0.2350E+01   0.7171E+01
  0.2355E+01   0.7160E+01
  0.2360E+01   0.7173E+01
  0.2365E+01   0.7162E+01
  0.2370E+01   0.7175E+01
  0.2375E+01   0.7164E+01
  0.2380E+01   0.7178E+01
  0.2385E+01   0.7166E+01
  0.2390E+01   0.7180E+01
  0.2395E+01   0.7168E+01
  0.2400E+01   0.7182E+01
  0.2405E+01   0.7171E+01
  0.2410E+01   0.7184E+01
  0.2415E+01   0.7173E+01
  0.2420E+01   0.7186E+01
  0.2425E+01   0.7175E+01
  0.2430E+01   0.7188E+01
  0.2435E+01   0.7177E+01
  0.2440E+01   0.7190E+01
  0.2445E+01   0.7179E+01
  0.2450E+01   0.7192E+01
  0.2455E+01   0.7182E+01
  0.2460E+01   0.7195E+01
  0.2465E+01   0.7184E+01
  0.2470E+01   0.7197E+01
  0.2475E+01   0.7186E+01
  0.2480E+01   0.7199E+01
  0.2485E+01   0.7189E+01
  0.2490E+01   0.7202E+01
  0.2495E+01   0.7191E+01
  0.2500E+01   0.7204E+01
  0.2505E+01   0.7193E+01
  0.2510E+01   0.7206E+01
  0.2515E+01   0.7196E+01
  0.2520E+01   0.7209E+01
  0.2525E+01   0.7198E+01
  0.2530E+01   0.7211E+01
  0.2535E+01   0.7201E+01
  0.2540E+01   0.7214E+01
  0.2545E+01   0.7203E+01
  0.2550E+01   0.7216E+01
  0.2555E+01   0.7206E+01
  0.2560E+01   0.7218E+01
  0.2565E+01   0.7208E+01
  0.2570E+01   0.7221E+01
  0.2575E+01   0.7211E+01
  0.2580E+01   0.7223E+01
  0.2585E+01   0.7213E+01
  0.2590E+01   0.7226E+01
  0.2595E+01   0.7216E+01
  0.2600E+01   0.7228E+01
  0.2605E+01   0.7218E+01
  0.2610E+01   0.7230E+01
  0.2615E+01   0.7221E+01
  0.2620E+01   0.7233E+01
  0.2625E+01   0.7223E+01
  0.2630E+01   0.7235E+01
  0.2635E+01   0.7225E+01
  0.2640E+01   0.7238E+01
  0.2645E+01   0.7228E+01
  0.2650E+01   0.7240E+01
  0.2655E+01   0.7230E+01
  0.2660E+01   0.7242E+01
  0.2665E+01   0.7232E+01
  0.2670E+01   0.7245E+01
  0.2675E+01   0.7235E+01
  0.2680E+01   0.7247E+01
  0.2685E+01   0.7237E+01
  0.2690E+01   0.7249E+01
  0.2695E+01   0.7240E+01
  0.2700E+01   0.7252E+01
  0.2705E+01   0.7242E+01
  0.2710E+01   0.7254E+01
  0.2715E+01   0.7244E+01
  0.2720E+01   0.7256E+01
  0.2725E+01   0.7247E+01
  0.2730E+01   0.7259E+01
  0.2735E+01   0.7249E+01
  0.2740E+01   0.7261E+01
  0.2745E+01   0.7251E+01
  0.2750E+01   0.7263E+01
  0.2755E+01   0.7254E+01
  0.2760E+01   0.7265E+01
  0.2765E+01   0.7256E+01
  0.2770E+01   0.7268E+01
  0.2775E+01   0.7258E+01
  0.2780E+01   0.7270E+01
  0.2785E+01   0.7261E+01
  0.2790E+01   0.7272E+01
  0.2795E+01   0.7263E+01
  0.2800E+01   0.7274E+01
  0.2805E+01   0.7265E+01
  0.2810E+01   0.7276E+01
  0.2815E+01   0.7267E+01
  0.2820E+01   0.7279E+01
  0.2825E+01   0.7270E+01
  0.2830E+01   0.7281E+01
  0.2835E+01   0.7272E+01
  0.2840E+01   0.7283E+01
  0.2845E+01   0.7274E+01
  0.2850E+01   0.7285E+01
  0.2855E+01   0.7276E+01
  0.2860E+01   0.7287E+01
  0.2865E+01   0.7278E+01
  0.2870E+01   0.7290E+01
  0.2875E+01   0.7281E+01
  0.2880E+01   0.7292E+01
  0.2885E+01   0.7283E+01
  0.2890E+01   0.7294E+01
  0.2895E+01   0.7285E+01
  0.2900E+01   0.7296E+01
  0.2905E+01   0.7287E+01
  0.2910E+01   0.7298E+01
  0.2915E+01   0.7289E+01
  0.2920E+01   0.7300E+01
  0.2925E+01   0.7291E+01
  0.2930E+01   0.7302E+01
  0.2935E+01   0.7293E+01
  0.2940E+01   0.7304E+01
  0.2945E+01   0.7295E+01
  0.2950E+01   0.7306E+01
  0.2955E+01   0.7298E+01
  0.2960E+01   0.7309E+01
  0.2965E+01   0.7300E+01
  0.2970E+01   0.7311E+01
  0.2975E+01   0.7302E+01
  0.2980E+01   0.7313E+01
  0.2985E+01   0.7304E+01
  0.2990E+01   0.7315E+01
  0.2995E+01   0.7306E+01
  0.3000E+01   0.7317E+01
  0.3005E+01   0.7308E+01
  0.3010E+01   0.7319E+01
  0.3015E+01   0.7310E+01
  0.3020E+01   0.7321E+01
  0.3025E+01   0.7313E+01
  0.3030E+01   0.7323E+01
  0.3035E+01   0.7315E+01
  0.3040E+01   0.7325E+01
  0.3045E+01   0.7317E+01
  0.3050E+01   0.7328E+01
  0.3055E+01   0.7319E+01
  0.3060E+01   0.7330E+01
  0.3065E+01   0.7321E+01
  0.3070E+01   0.7332E+01
  0.3075E+01   0.7324E+01
  0.3080E+01   0.7334E+01
  0.3085E+01   0.7326E+01
  0.3090E+01   0.7336E+01
  0.3095E+01   0.7328E+01
  0.3100E+01   0.7338E+01
  0.3105E+01   0.7330E+01
  0.3110E+01   0.7340E+01
  0.3115E+01   0.7332E+01
  0.3120E+01   0.7343E+01
  0.3125E+01   0.7334E+01
  0.3130E+01   0.7345E+01
  0.3135E+01   0.7337E+01
  0.3140E+01   0.7347E+01
  0.3145E+01   0.7339E+01
  0.3150E+01   0.7349E+01
  0.3155E+01   0.7341E+01
  0.3160E+01   0.7351E+01
  0.3165E+01   0.7343E+01
  0.3170E+01   0.7353E+01
  0.3175E+01   0.7345E+01
  0.3180E+01   0.7356E+01
  0.3185E+01   0.7348E+01
  0.3190E+01   0.7358E+01
  0.3195E+01   0.7350E+01
  0.3200E+01   0.7360E+01
  0.3205E+01   0.7352E+01
  0.3210E+01   0.7362E+01
  0.3215E+01   0.7354E+01
  0.3220E+01   0.7364E+01
  0.3225E+01   0.7356E+01
  0.3230E+01   0.7367E+01
  0.3235E+01   0.7359E+01
  0.3240E+01   0.7369E+01
  0.3245E+01   0.7361E+01
  0.3250E+01   0.7371E+01
  0.3255E+01   0.7363E+01
  0.3260E+01   0.7373E+01
  0.3265E+01   0.7365E+01
  0.3270E+01   0.7375E+01
  0.3275E+01   0.7368E+01
  0.3280E+01   0.7378E+01
  0.3285E+01   0.7370E+01
  0.3290E+01   0.7380E+01
  0.3295E+01   0.7372E+01
  0.3300E+01   0.7382E+01
  0.3305E+01   0.7374E+01
  0.3310E+01   0.7384E+01
  0.3315E+01   0.7376E+01
  0.3320E+01   0.7386E+01
  0.3325E+01   0.7379E+01
  0.3330E+01   0.7389E+01
  0.3335E+01   0.7381E+01
  0.3340E+01   0.7391E+01
  0.3345E+01   0.7383E+01
  0.3350E+01   0.7393E+01
  0.3355E+01   0.7385E+01
  0.3360E+01   0.7395E+01
  0.3365E+01   0.7388E+01
  0.3370E+01   0.7397E+01
  0.3375E+01   0.7390E+01
  0.3380E+01   0.7400E+01
  0.3385E+01   0.7392E+01
  0.3390E+01   0.7402E+01
  0.3395E+01   0.7394E+01
  0.3400E+01   0.7404E+01
  0.3405E+01   0.7397E+01
  0.3410E+01   0.7406E+01
  0.3415E+01   0.7399E+01
  0.3420E+01   0.7409E+01
  0.3425E+01   0.7401E+01
  0.3430E+01   0.7411E+01
  0.3435E+01   0.7404E+01
  0.3440E+01   0.7413E+01
  0.3445E+01   0.7406E+01
  0.3450E+01   0.7415E+01
  0.3455E+01   0.7408E+01
  0.3460E+01   0.7417E+01
  0.3465E+01   0.7410E+01
  0.3470E+01   0.7420E+01
  0.3475E+01   0.7413E+01
  0.3480E+01   0.7422E+01
  0.3485E+01   0.7415E+01
  0.3490E+01   0.7424E+01
  0.3495E+01   0.7417E+01
  0.3500E+01   0.7426E+01
  0.3505E+01   0.7419E+01
  0.3510E+01   0.7429E+01
  0.3515E+01   0.7422E+01
  0.3520E+01   0.7431E+01
  0.3525E+01   0.7424E+01
  0.3530E+01   0.7433E+01
  0.3535E+01   0.7426E+01
  0.3540E+01   0.7436E+01
  0.3545E+01   0.7428E+01
  0.3550E+01   0.7438E+01
  0.3555E+01   0.7431E+01
  0.3560E+01   0.7440E+01
  0.3565E+01   0.7433E+01
  0.3570E+01   0.7442E+01
  0.3575E+01   0.7435E+01
  0.3580E+01   0.7445E+01
  0.3585E+01   0.7438E+01
  0.3590E+01   0.7447E+01
  0.3595E+01   0.7440E+01
  0.3600E+01   0.7449E+01
  0.3605E+01   0.7442E+01
  0.3610E+01   0.7451E+01
  0.3615E+01   0.7444E+01
  0.3620E+01   0.7454E+01
  0.3625E+01   0.7447E+01
  0.3630E+01   0.7456E+01
  0.3635E+01   0.7449E+01
  0.3640E+01   0.7458E+01
  0.3645E+01   0.7451E+01
  0.3650E+01   0.7460E+01
  0.3655E+01   0.7453E+01
  0.3660E+01   0.7463E+01
  0.3665E+01   0.7456E+01
  0.3670E+01   0.7465E+01
  0.3675E+01   0.7458E+01
  0.3680E+01   0.7467E+01
  0.3685E+01   0.7460E+01
  0.3690E+01   0.7469E+01
  0.3695E+01   0.7463E+01
  0.3700E+01   0.7472E+01
  0.3705E+01   0.7465E+01
  0.3710E+01   0.7474E+01
  0.3715E+01   0.7467E+01
  0.3720E+01   0.7476E+01
  0.3725E+01   0.7470E+01
  0.3730E+01   0.7479E+01
  0.3735E+01   0.7472E+01
  0.3740E+01   0.7481E+01
  0.3745E+01   0.7474E+01
  0.3750E+01   0.7483E+01
  0.3755E+01   0.7476E+01
  0.3760E+01   0.7485E+01
  0.3765E+01   0.7479E+01
  0.3770E+01   0.7488E+01
  0.3775E+01   0.7481E+01
  0.3780E+01   0.7490E+01
  0.3785E+01   0.7483E+01
  0.3790E+01   0.7492E+01
  0.3795E+01   0.7486E+01
  0.3800E+01   0.7495E+01
  0.3805E+01   0.7488E+01
  0.3810E+01   0.7497E+01
  0.3815E+01   0.7490E+01
  0.3820E+01   0.7499E+01
  0.3825E+01   0.7493E+01
  0.3830E+01   0.7502E+01
  0.3835E+01   0.7495E+01
  0.3840E+01   0.7504E+01
  0.3845E+01   0.7497E+01
  0.3850E+01   0.7506E+01
  0.3855E+01   0.7500E+01
  0.3860E+01   0.7508E+01
  0.3865E+01   0.7502E+01
  0.3870E+01   0.7511E+01
  0.3875E+01   0.7504E+01
  0.3880E+01   0.7513E+01
  0.3885E+01   0.7507E+01
  0.3890E+01   0.7515E+01
  0.3895E+01   0.7509E+01
  0.3900E+01   0.7518E+01
  0.3905E+01   0.7511E+01
  0.3910E+01   0.7520E+01
  0.3915E+01   0.7514E+01
  0.3920E+01   0.7522E+01
  0.3925E+01   0.7516E+01
  0.3930E+01   0.7525E+01
  0.3935E+01   0.7518E+01
  0.3940E+01   0.7527E+01
  0.3945E+01   0.7521E+01
  0.3950E+01   0.7529E+01
  0.3955E+01   0.7523E+01
  0.3960E+01   0.7531E+01
  0.3965E+01   0.7525E+01
  0.3970E+01   0.7534E+01
  0.3975E+01   0.7528E+01
  0.3980E+01   0.7536E+01
  0.3985E+01   0.7530E+01
  0.3990E+01   0.7539E+01
  0.3995E+01   0.7532E+01
  0.4000E+01   0.7541E+01
  0.4005E+01   0.7535E+01
  0.4010E+01   0.7543E+01
  0.4015E+01   0.7537E+01
  0.4020E+01   0.7546E+01
  0.4025E+01   0.7540E+01
  0.4030E+01   0.7548E+01
  0.4035E+01   0.7542E+01
  0.4040E+01   0.7550E+01
  0.4045E+01   0.7544E+01
  0.4050E+01   0.7553E+01
  0.4055E+01   0.7547E+01
  0.4060E+01   0.7555E+01
  0.4065E+01   0.7549E+01
  0.4070E+01   0.7557E+01
  0.4075E+01   0.7552E+01
  0.4080E+01   0.7560E+01
  0.4085E+01   0.7554E+01
  0.4090E+01   0.7562E+01
  0.4095E+01   0.7556E+01
  0.4100E+01   0.7565E+01
  0.4105E+01   0.7559E+01
  0.4110E+01   0.7567E+01
  0.4115E+01   0.7561E+01
  0.4120E+01   0.7569E+01
  0.4125E+01   0.7563E+01
  0.4130E+01   0.7572E+01
  0.4135E+01   0.7566E+01
  0.4140E+01   0.7574E+01
  0.4145E+01   0.7568E+01
  0.4150E+01   0.7576E+01
  0.4155E+01   0.7571E+01
  0.4160E+01   0.7579E+01
  0.4165E+01   0.7573E+01
  0.4170E+01   0.7581E+01
  0.4175E+01   0.7576E+01
  0.4180E+01   0.7584E+01
  0.4185E+01   0.7578E+01
  0.4190E+01   0.7586E+01
  0.4195E+01   0.7580E+01
  0.4200E+01   0.7589E+01
  0.4205E+01   0.7583E+01
  0.4210E+01   0.7591E+01
  0.4215E+01   0.7585E+01
  0.4220E+01   0.7594E+01
  0.4225E+01   0.7588E+01
  0.4230E+01   0.7596E+01
  0.4235E+01   0.7590E+01
  0.4240E+01   0.7598E+01
  0.4245E+01   0.7593E+01
  0.4250E+01   0.7601E+01
  0.4255E+01   0.7595E+01
  0.4260E+01   0.7603E+01
  0.4265E+01   0.7598E+01
  0.4270E+01   0.7606E+01
  0.4275E+01   0.7600E+01
  0.4280E+01   0.7608E+01
  0.4285E+01   0.7603E+01
  0.4290E+01   0.7611E+01
  0.4295E+01   0.7605E+01
  0.4300E+01   0.7613E+01
  0.4305E+01   0.7608E+01
  0.4310E+01   0.7616E+01
  0.4315E+01   0.7610E+01
  0.4320E+01   0.7618E+01
  0.4325E+01   0.7613E+01
  0.4330E+01   0.7621E+01
  0.4335E+01   0.7615E+01
  0.4340E+01   0.7623E+01
  0.4345E+01   0.7618E+01
  0.4350E+01   0.7626E+01
  0.4355E+01   0.7620E+01
  0.4360E+01   0.7628E+01
  0.4365E+01   0.7623E+01
  0.4370E+01   0.7631E+01
  0.4375E+01   0.7626E+01
  0.4380E+01   0.7633E+01
  0.4385E+01   0.7628E+01
  0.4390E+01   0.7636E+01
  0.4395E+01   0.7631E+01
  0.4400E+01   0.7639E+01
  0.4405E+01   0.7633E+01
  0.4410E+01   0.7641E+01
  0.4415E+01   0.7636E+01
  0.4420E+01   0.7644E+01
  0.4425E+01   0.7638E+01
  0.4430E+01   0.7646E+01
  0.4435E+01   0.7641E+01
  0.4440E+01   0.7649E+01
  0.4445E+01   0.7644E+01
  0.4450E+01   0.7651E+01
  0.4455E+01   0.7646E+01
  0.4460E+01   0.7654E+01
  0.4465E+01   0.7649E+01
  0.4470E+01   0.7657E+01
  0.4475E+01   0.7652E+01
  0.4480E+01   0.7659E+01
  0.4485E+01   0.7654E+01
  0.4490E+01   0.7662E+01
  0.4495E+01   0.7657E+01
  0.4500E+01   0.7665E+01
  0.4505E+01   0.7659E+01
  0.4510E+01   0.7667E+01
  0.4515E+01   0.7662E+01
  0.4520E+01   0.7670E+01
  0.4525E+01   0.7665E+01
  0.4530E+01   0.7673E+01
  0.4535E+01   0.7667E+01
  0.4540E+01   0.7675E+01
  0.4545E+01   0.7670E+01
  0.4550E+01   0.7678E+01
  0.4555E+01   0.7673E+01
  0.4560E+01   0.7680E+01
  0.4565E+01   0.7675E+01
  0.4570E+01   0.7683E+01
  0.4575E+01   0.7678E+01
  0.4580E+01   0.7686E+01
  0.4585E+01   0.7681E+01
  0.4590E+01   0.7688E+01
  0.4595E+01   0.7683E+01
  0.4600E+01   0.7691E+01
  0.4605E+01   0.7686E+01
  0.4610E+01   0.7694E+01
  0.4615E+01   0.7689E+01
  0.4620E+01   0.7697E+01
  0.4625E+01   0.7692E+01
  0.4630E+01   0.7699E+01
  0.4635E+01   0.7694E+01
  0.4640E+01   0.7702E+01
  0.4645E+01   0.7697E+01
  0.4650E+01   0.7705E+01
  0.4655E+01   0.7700E+01
  0.4660E+01   0.7707E+01
  0.4665E+01   0.7702E+01
  0.4670E+01   0.7710E+01
  0.4675E+01   0.7705E+01
  0.4680E+01   0.7713E+01
  0.4685E+01   0.7708E+01
  0.4690E+01   0.7715E+01
  0.4695E+01   0.7710E+01
  0.4700E+01   0.7718E+01
  0.4705E+01   0.7713E+01
  0.4710E+01   0.7721E+01
  0.4715E+01   0.7716E+01
  0.4720E+01   0.7723E+01
  0.4725E+01   0.7719E+01
  0.4730E+01   0.7726E+01
  0.4735E+01   0.7721E+01
  0.4740E+01   0.7729E+01
  0.4745E+01   0.7724E+01
  0.4750E+01   0.7732E+01
  0.4755E+01   0.7727E+01
  0.4760E+01   0.7734E+01
  0.4765E+01   0.7729E+01
  0.4770E+01   0.7737E+01
  0.4775E+01   0.7732E+01
  0.4780E+01   0.7740E+01
  0.4785E+01   0.7735E+01
  0.4790E+01   0.7742E+01
  0.4795E+01   0.7738E+01
  0.4800E+01   0.7745E+01
  0.4805E+01   0.7740E+01
  0.4810E+01   0.7748E+01
  0.4815E+01   0.7743E+01
  0.4820E+01   0.7750E+01
  0.4825E+01   0.7746E+01
  0.4830E+01   0.7753E+01
  0.4835E+01   0.7748E+01
  0.4840E+01   0.7756E+01
  0.4845E+01   0.7751E+01
  0.4850E+01   0.7759E+01
  0.4855E+01   0.7754E+01
  0.4860E+01   0.7761E+01
  0.4865E+01   0.7757E+01
  0.4870E+01   0.7764E+01
  0.4875E+01   0.7759E+01
  0.4880E+01   0.7767E+01
  0.4885E+01   0.7762E+01
  0.4890E+01   0.7769E+01
  0.4895E+01   0.7765E+01
  0.4900E+01   0.7772E+01
  0.4905E+01   0.7767E+01
  0.4910E+01   0.7775E+01
  0.4915E+01   0.7770E+01
  0.4920E+01   0.7777E+01
  0.4925E+01   0.7773E+01
  0.4930E+01   0.7780E+01
  0.4935E+01   0.7776E+01
  0.4940E+01   0.7783E+01
  0.4945E+01   0.7778E+01
  0.4950E+01   0.7785E+01
  0.4955E+01   0.7781E+01
  0.4960E+01   0.7788E+01
  0.4965E+01   0.7784E+01
  0.4970E+01   0.7791E+01
  0.4975E+01   0.7786E+01
  0.4980E+01   0.7794E+01
  0.4985E+01   0.7789E+01
  0.4990E+01   0.7796E+01
  0.4995E+01   0.7792E+01
  0.5000E+01   0.7799E+01
