      rx_fcc       ry_fcc       rz_fcc
 -0.3351E+01  -0.3420E+01  -0.3420E+01
  0.7165E+00  -0.2565E+01  -0.3420E+01
 -0.2671E+01  -0.3420E+01  -0.2565E+01
  0.2849E-01  -0.2565E+01  -0.2565E+01
 -0.3347E+01  -0.3420E+01  -0.1710E+01
  0.7174E+00  -0.2565E+01  -0.1710E+01
 -0.2718E+01  -0.3420E+01  -0.8550E+00
  0.2227E-01  -0.2565E+01  -0.8550E+00
 -0.3359E+01  -0.3420E+01   0.0000E+00
  0.7081E+00  -0.2565E+01   0.0000E+00
 -0.2747E+01  -0.3420E+01   0.8550E+00
  0.1554E-01  -0.2565E+01   0.8550E+00
 -0.3363E+01  -0.3420E+01   0.1710E+01
  0.7654E+00  -0.2565E+01   0.1710E+01
 -0.2740E+01  -0.3420E+01   0.2565E+01
  0.2175E-01  -0.2565E+01   0.2565E+01
 -0.3415E+01  -0.1710E+01  -0.3420E+01
  0.7354E+00  -0.8550E+00  -0.3420E+01
 -0.2738E+01  -0.1710E+01  -0.2565E+01
 -0.1864E-01  -0.8550E+00  -0.2565E+01
 -0.3410E+01  -0.1710E+01  -0.1710E+01
  0.7330E+00  -0.8550E+00  -0.1710E+01
 -0.2785E+01  -0.1710E+01  -0.8550E+00
 -0.2261E-01  -0.8550E+00  -0.8550E+00
 -0.3420E+01  -0.1710E+01   0.0000E+00
  0.7319E+00  -0.8550E+00   0.0000E+00
 -0.2814E+01  -0.1710E+01   0.8550E+00
 -0.1087E-01  -0.8550E+00   0.8550E+00
  0.3414E+01  -0.1710E+01   0.1710E+01
  0.7853E+00  -0.8550E+00   0.1710E+01
 -0.2810E+01  -0.1710E+01   0.2565E+01
 -0.7572E-02  -0.8550E+00   0.2565E+01
  0.3371E+01   0.0000E+00  -0.3420E+01
  0.7969E+00   0.8550E+00  -0.3420E+01
 -0.2865E+01   0.0000E+00  -0.2565E+01
 -0.2234E-02   0.8550E+00  -0.2565E+01
  0.3373E+01   0.0000E+00  -0.1710E+01
  0.8001E+00   0.8550E+00  -0.1710E+01
 -0.2868E+01   0.0000E+00  -0.8550E+00
 -0.3631E-03   0.8550E+00  -0.8550E+00
  0.3369E+01   0.0000E+00   0.0000E+00
  0.8015E+00   0.8550E+00   0.0000E+00
 -0.2871E+01   0.0000E+00   0.8550E+00
 -0.1796E-02   0.8550E+00   0.8550E+00
  0.3367E+01   0.0000E+00   0.1710E+01
  0.7891E+00   0.8550E+00   0.1710E+01
 -0.2869E+01   0.0000E+00   0.2565E+01
 -0.3682E-02   0.8550E+00   0.2565E+01
  0.3381E+01   0.1710E+01  -0.3420E+01
  0.6881E+00   0.2565E+01  -0.3420E+01
 -0.2869E+01   0.1710E+01  -0.2565E+01
 -0.5235E-01   0.2565E+01  -0.2565E+01
  0.3381E+01   0.1710E+01  -0.1710E+01
  0.6833E+00   0.2565E+01  -0.1710E+01
 -0.2870E+01   0.1710E+01  -0.8550E+00
 -0.4941E-01   0.2565E+01  -0.8550E+00
  0.3379E+01   0.1710E+01   0.0000E+00
  0.6911E+00   0.2565E+01   0.0000E+00
 -0.2867E+01   0.1710E+01   0.8550E+00
 -0.4108E-01   0.2565E+01   0.8550E+00
  0.3380E+01   0.1710E+01   0.1710E+01
  0.6961E+00   0.2565E+01   0.1710E+01
 -0.2866E+01   0.1710E+01   0.2565E+01
 -0.4373E-01   0.2565E+01   0.2565E+01
 -0.2041E+01  -0.3420E+01  -0.3420E+01
  0.2178E+01  -0.2565E+01  -0.3420E+01
 -0.1337E+01  -0.3420E+01  -0.2565E+01
  0.1484E+01  -0.2565E+01  -0.2565E+01
 -0.2037E+01  -0.3420E+01  -0.1710E+01
  0.2179E+01  -0.2565E+01  -0.1710E+01
 -0.1338E+01  -0.3420E+01  -0.8550E+00
  0.1478E+01  -0.2565E+01  -0.8550E+00
 -0.2050E+01  -0.3420E+01   0.0000E+00
  0.2168E+01  -0.2565E+01   0.0000E+00
 -0.1331E+01  -0.3420E+01   0.8550E+00
  0.1476E+01  -0.2565E+01   0.8550E+00
 -0.2053E+01  -0.3420E+01   0.1710E+01
  0.2163E+01  -0.2565E+01   0.1710E+01
 -0.1337E+01  -0.3420E+01   0.2565E+01
  0.1482E+01  -0.2565E+01   0.2565E+01
 -0.2102E+01  -0.1710E+01  -0.3420E+01
  0.2125E+01  -0.8550E+00  -0.3420E+01
 -0.1368E+01  -0.1710E+01  -0.2565E+01
  0.1446E+01  -0.8550E+00  -0.2565E+01
 -0.2085E+01  -0.1710E+01  -0.1710E+01
  0.2123E+01  -0.8550E+00  -0.1710E+01
 -0.1367E+01  -0.1710E+01  -0.8550E+00
  0.1442E+01  -0.8550E+00  -0.8550E+00
 -0.2114E+01  -0.1710E+01   0.0000E+00
  0.2117E+01  -0.8550E+00   0.0000E+00
 -0.1412E+01  -0.1710E+01   0.8550E+00
  0.1445E+01  -0.8550E+00   0.8550E+00
 -0.2128E+01  -0.1710E+01   0.1710E+01
  0.2125E+01  -0.8550E+00   0.1710E+01
 -0.1409E+01  -0.1710E+01   0.2565E+01
  0.1448E+01  -0.8550E+00   0.2565E+01
 -0.2174E+01   0.0000E+00  -0.3420E+01
  0.2111E+01   0.8550E+00  -0.3420E+01
 -0.1456E+01   0.0000E+00  -0.2565E+01
  0.1448E+01   0.8550E+00  -0.2565E+01
 -0.2173E+01   0.0000E+00  -0.1710E+01
  0.2114E+01   0.8550E+00  -0.1710E+01
 -0.1465E+01   0.0000E+00  -0.8550E+00
  0.1449E+01   0.8550E+00  -0.8550E+00
 -0.2179E+01   0.0000E+00   0.0000E+00
  0.2112E+01   0.8550E+00   0.0000E+00
 -0.1471E+01   0.0000E+00   0.8550E+00
  0.1445E+01   0.8550E+00   0.8550E+00
 -0.2177E+01   0.0000E+00   0.1710E+01
  0.2109E+01   0.8550E+00   0.1710E+01
 -0.1468E+01   0.0000E+00   0.2565E+01
  0.1443E+01   0.8550E+00   0.2565E+01
 -0.2178E+01   0.1710E+01  -0.3420E+01
  0.2066E+01   0.2565E+01  -0.3420E+01
 -0.1470E+01   0.1710E+01  -0.2565E+01
  0.1396E+01   0.2565E+01  -0.2565E+01
 -0.2181E+01   0.1710E+01  -0.1710E+01
  0.2058E+01   0.2565E+01  -0.1710E+01
 -0.1472E+01   0.1710E+01  -0.8550E+00
  0.1399E+01   0.2565E+01  -0.8550E+00
 -0.2178E+01   0.1710E+01   0.0000E+00
  0.2073E+01   0.2565E+01   0.0000E+00
 -0.1468E+01   0.1710E+01   0.8550E+00
  0.1410E+01   0.2565E+01   0.8550E+00
 -0.2175E+01   0.1710E+01   0.1710E+01
  0.2081E+01   0.2565E+01   0.1710E+01
 -0.1468E+01   0.1710E+01   0.2565E+01
  0.1407E+01   0.2565E+01   0.2565E+01
 -0.5701E+00  -0.3420E+01  -0.3420E+01
 -0.2127E+01  -0.2565E+01  -0.3420E+01
  0.1230E+01  -0.3420E+01  -0.2565E+01
 -0.3156E+01  -0.2565E+01  -0.2565E+01
 -0.5613E+00  -0.3420E+01  -0.1710E+01
 -0.2155E+01  -0.2565E+01  -0.1710E+01
  0.1229E+01  -0.3420E+01  -0.8550E+00
 -0.2970E+01  -0.2565E+01  -0.8550E+00
 -0.4255E+00  -0.3420E+01   0.0000E+00
 -0.2154E+01  -0.2565E+01   0.0000E+00
  0.1232E+01  -0.3420E+01   0.8550E+00
 -0.2880E+01  -0.2565E+01   0.8550E+00
 -0.3598E+00  -0.3420E+01   0.1710E+01
 -0.2148E+01  -0.2565E+01   0.1710E+01
  0.1235E+01  -0.3420E+01   0.2565E+01
 -0.2882E+01  -0.2565E+01   0.2565E+01
 -0.5980E+00  -0.1710E+01  -0.3420E+01
 -0.2107E+01  -0.8550E+00  -0.3420E+01
  0.1213E+01  -0.1710E+01  -0.2565E+01
 -0.2874E+01  -0.8550E+00  -0.2565E+01
 -0.5678E+00  -0.1710E+01  -0.1710E+01
 -0.2114E+01  -0.8550E+00  -0.1710E+01
  0.1206E+01  -0.1710E+01  -0.8550E+00
 -0.2834E+01  -0.8550E+00  -0.8550E+00
 -0.2428E-01  -0.1710E+01   0.0000E+00
 -0.2104E+01  -0.8550E+00   0.0000E+00
  0.1219E+01  -0.1710E+01   0.8550E+00
 -0.2809E+01  -0.8550E+00   0.8550E+00
  0.5575E+00  -0.1710E+01   0.1710E+01
 -0.2078E+01  -0.8550E+00   0.1710E+01
  0.1225E+01  -0.1710E+01   0.2565E+01
 -0.2809E+01  -0.8550E+00   0.2565E+01
  0.5760E+00   0.0000E+00  -0.3420E+01
 -0.2045E+01   0.8550E+00  -0.3420E+01
  0.1239E+01   0.0000E+00  -0.2565E+01
 -0.2767E+01   0.8550E+00  -0.2565E+01
  0.5859E+00   0.0000E+00  -0.1710E+01
 -0.2047E+01   0.8550E+00  -0.1710E+01
  0.1244E+01   0.0000E+00  -0.8550E+00
 -0.2757E+01   0.8550E+00  -0.8550E+00
  0.5926E+00   0.0000E+00   0.0000E+00
 -0.2040E+01   0.8550E+00   0.0000E+00
  0.1233E+01   0.0000E+00   0.8550E+00
 -0.2746E+01   0.8550E+00   0.8550E+00
  0.5450E+00   0.0000E+00   0.1710E+01
 -0.2037E+01   0.8550E+00   0.1710E+01
  0.1227E+01   0.0000E+00   0.2565E+01
 -0.2749E+01   0.8550E+00   0.2565E+01
  0.6037E+00   0.1710E+01  -0.3420E+01
 -0.2073E+01   0.2565E+01  -0.3420E+01
  0.1250E+01   0.1710E+01  -0.2565E+01
 -0.2860E+01   0.2565E+01  -0.2565E+01
  0.6028E+00   0.1710E+01  -0.1710E+01
 -0.2089E+01   0.2565E+01  -0.1710E+01
  0.1250E+01   0.1710E+01  -0.8550E+00
 -0.2806E+01   0.2565E+01  -0.8550E+00
  0.6042E+00   0.1710E+01   0.0000E+00
 -0.2065E+01   0.2565E+01   0.0000E+00
  0.1253E+01   0.1710E+01   0.8550E+00
 -0.2768E+01   0.2565E+01   0.8550E+00
  0.6073E+00   0.1710E+01   0.1710E+01
 -0.2054E+01   0.2565E+01   0.1710E+01
  0.1253E+01   0.1710E+01   0.2565E+01
 -0.2770E+01   0.2565E+01   0.2565E+01
  0.1935E+01  -0.3420E+01  -0.3420E+01
 -0.6063E+00  -0.2565E+01  -0.3420E+01
  0.2778E+01  -0.3420E+01  -0.2565E+01
 -0.1347E+01  -0.2565E+01  -0.2565E+01
  0.1933E+01  -0.3420E+01  -0.1710E+01
 -0.6056E+00  -0.2565E+01  -0.1710E+01
  0.2774E+01  -0.3420E+01  -0.8550E+00
 -0.1359E+01  -0.2565E+01  -0.8550E+00
  0.1932E+01  -0.3420E+01   0.0000E+00
 -0.7166E+00  -0.2565E+01   0.0000E+00
  0.2769E+01  -0.3420E+01   0.8550E+00
 -0.1375E+01  -0.2565E+01   0.8550E+00
  0.1933E+01  -0.3420E+01   0.1710E+01
 -0.7337E+00  -0.2565E+01   0.1710E+01
  0.2771E+01  -0.3420E+01   0.2565E+01
 -0.1367E+01  -0.2565E+01   0.2565E+01
  0.1914E+01  -0.1710E+01  -0.3420E+01
 -0.7198E+00  -0.8550E+00  -0.3420E+01
  0.2721E+01  -0.1710E+01  -0.2565E+01
 -0.1369E+01  -0.8550E+00  -0.2565E+01
  0.1913E+01  -0.1710E+01  -0.1710E+01
 -0.7276E+00  -0.8550E+00  -0.1710E+01
  0.2718E+01  -0.1710E+01  -0.8550E+00
 -0.1374E+01  -0.8550E+00  -0.8550E+00
  0.1907E+01  -0.1710E+01   0.0000E+00
 -0.7691E+00  -0.8550E+00   0.0000E+00
  0.2707E+01  -0.1710E+01   0.8550E+00
 -0.1362E+01  -0.8550E+00   0.8550E+00
  0.1899E+01  -0.1710E+01   0.1710E+01
 -0.7140E+00  -0.8550E+00   0.1710E+01
  0.2709E+01  -0.1710E+01   0.2565E+01
 -0.1360E+01  -0.8550E+00   0.2565E+01
  0.1887E+01   0.0000E+00  -0.3420E+01
 -0.7094E+00   0.8550E+00  -0.3420E+01
  0.2678E+01   0.0000E+00  -0.2565E+01
 -0.1332E+01   0.8550E+00  -0.2565E+01
  0.1893E+01   0.0000E+00  -0.1710E+01
 -0.7079E+00   0.8550E+00  -0.1710E+01
  0.2678E+01   0.0000E+00  -0.8550E+00
 -0.1331E+01   0.8550E+00  -0.8550E+00
  0.1890E+01   0.0000E+00   0.0000E+00
 -0.7059E+00   0.8550E+00   0.0000E+00
  0.2673E+01   0.0000E+00   0.8550E+00
 -0.1329E+01   0.8550E+00   0.8550E+00
  0.1886E+01   0.0000E+00   0.1710E+01
 -0.7066E+00   0.8550E+00   0.1710E+01
  0.2673E+01   0.0000E+00   0.2565E+01
 -0.1331E+01   0.8550E+00   0.2565E+01
  0.1894E+01   0.1710E+01  -0.3420E+01
 -0.7218E+00   0.2565E+01  -0.3420E+01
  0.2691E+01   0.1710E+01  -0.2565E+01
 -0.1353E+01   0.2565E+01  -0.2565E+01
  0.1892E+01   0.1710E+01  -0.1710E+01
 -0.7269E+00   0.2565E+01  -0.1710E+01
  0.2690E+01   0.1710E+01  -0.8550E+00
 -0.1349E+01   0.2565E+01  -0.8550E+00
  0.1895E+01   0.1710E+01   0.0000E+00
 -0.7351E+00   0.2565E+01   0.0000E+00
  0.2691E+01   0.1710E+01   0.8550E+00
 -0.1339E+01   0.2565E+01   0.8550E+00
  0.1897E+01   0.1710E+01   0.1710E+01
 -0.7375E+00   0.2565E+01   0.1710E+01
  0.2691E+01   0.1710E+01   0.2565E+01
 -0.1342E+01   0.2565E+01   0.2565E+01
