      rx_fcc       ry_fcc       rz_fcc
  0.1986E+01  -0.3420E+01  -0.3420E+01
  0.1449E+01  -0.2565E+01  -0.3420E+01
  0.2668E+01  -0.3420E+01  -0.2565E+01
  0.7679E+00  -0.2565E+01  -0.2565E+01
  0.1981E+01  -0.3420E+01  -0.1710E+01
  0.1453E+01  -0.2565E+01  -0.1710E+01
  0.2663E+01  -0.3420E+01  -0.8550E+00
  0.7663E+00  -0.2565E+01  -0.8550E+00
  0.1991E+01  -0.3420E+01   0.0000E+00
  0.1450E+01  -0.2565E+01   0.0000E+00
  0.2663E+01  -0.3420E+01   0.8550E+00
  0.7726E+00  -0.2565E+01   0.8550E+00
  0.1992E+01  -0.3420E+01   0.1710E+01
  0.1447E+01  -0.2565E+01   0.1710E+01
  0.2663E+01  -0.3420E+01   0.2565E+01
  0.7711E+00  -0.2565E+01   0.2565E+01
  0.1969E+01  -0.1710E+01  -0.3420E+01
  0.1406E+01  -0.8550E+00  -0.3420E+01
  0.2658E+01  -0.1710E+01  -0.2565E+01
  0.7550E+00  -0.8550E+00  -0.2565E+01
  0.1966E+01  -0.1710E+01  -0.1710E+01
  0.1415E+01  -0.8550E+00  -0.1710E+01
  0.2651E+01  -0.1710E+01  -0.8550E+00
  0.7491E+00  -0.8550E+00  -0.8550E+00
  0.1964E+01  -0.1710E+01   0.0000E+00
  0.1396E+01  -0.8550E+00   0.0000E+00
  0.2639E+01  -0.1710E+01   0.8550E+00
  0.7334E+00  -0.8550E+00   0.8550E+00
  0.1958E+01  -0.1710E+01   0.1710E+01
  0.1387E+01  -0.8550E+00   0.1710E+01
  0.2640E+01  -0.1710E+01   0.2565E+01
  0.7324E+00  -0.8550E+00   0.2565E+01
  0.1927E+01   0.0000E+00  -0.3420E+01
  0.1362E+01   0.8550E+00  -0.3420E+01
  0.2610E+01   0.0000E+00  -0.2565E+01
  0.7162E+00   0.8550E+00  -0.2565E+01
  0.1929E+01   0.0000E+00  -0.1710E+01
  0.1374E+01   0.8550E+00  -0.1710E+01
  0.2594E+01   0.0000E+00  -0.8550E+00
  0.7292E+00   0.8550E+00  -0.8550E+00
  0.1918E+01   0.0000E+00   0.0000E+00
  0.1365E+01   0.8550E+00   0.0000E+00
  0.2583E+01   0.0000E+00   0.8550E+00
  0.7231E+00   0.8550E+00   0.8550E+00
  0.1909E+01   0.0000E+00   0.1710E+01
  0.1363E+01   0.8550E+00   0.1710E+01
  0.2586E+01   0.0000E+00   0.2565E+01
  0.7226E+00   0.8550E+00   0.2565E+01
  0.1912E+01   0.1710E+01  -0.3420E+01
  0.1383E+01   0.2565E+01  -0.3420E+01
  0.2570E+01   0.1710E+01  -0.2565E+01
  0.7512E+00   0.2565E+01  -0.2565E+01
  0.1906E+01   0.1710E+01  -0.1710E+01
  0.1373E+01   0.2565E+01  -0.1710E+01
  0.2569E+01   0.1710E+01  -0.8550E+00
  0.7400E+00   0.2565E+01  -0.8550E+00
  0.1917E+01   0.1710E+01   0.0000E+00
  0.1376E+01   0.2565E+01   0.0000E+00
  0.2583E+01   0.1710E+01   0.8550E+00
  0.7558E+00   0.2565E+01   0.8550E+00
  0.1933E+01   0.1710E+01   0.1710E+01
  0.1395E+01   0.2565E+01   0.1710E+01
  0.2587E+01   0.1710E+01   0.2565E+01
  0.7639E+00   0.2565E+01   0.2565E+01
  0.3343E+01  -0.3420E+01  -0.3420E+01
  0.2842E+01  -0.2565E+01  -0.3420E+01
 -0.2780E+01  -0.3420E+01  -0.2565E+01
  0.2140E+01  -0.2565E+01  -0.2565E+01
  0.3341E+01  -0.3420E+01  -0.1710E+01
  0.2867E+01  -0.2565E+01  -0.1710E+01
 -0.2762E+01  -0.3420E+01  -0.8550E+00
  0.2133E+01  -0.2565E+01  -0.8550E+00
  0.3317E+01  -0.3420E+01   0.0000E+00
  0.2842E+01  -0.2565E+01   0.0000E+00
 -0.2760E+01  -0.3420E+01   0.8550E+00
  0.2115E+01  -0.2565E+01   0.8550E+00
  0.3327E+01  -0.3420E+01   0.1710E+01
  0.2818E+01  -0.2565E+01   0.1710E+01
 -0.2728E+01  -0.3420E+01   0.2565E+01
  0.2105E+01  -0.2565E+01   0.2565E+01
  0.3318E+01  -0.1710E+01  -0.3420E+01
  0.2751E+01  -0.8550E+00  -0.3420E+01
 -0.2748E+01  -0.1710E+01  -0.2565E+01
  0.2062E+01  -0.8550E+00  -0.2565E+01
  0.3340E+01  -0.1710E+01  -0.1710E+01
  0.2750E+01  -0.8550E+00  -0.1710E+01
 -0.2739E+01  -0.1710E+01  -0.8550E+00
  0.2039E+01  -0.8550E+00  -0.8550E+00
  0.3308E+01  -0.1710E+01   0.0000E+00
  0.2718E+01  -0.8550E+00   0.0000E+00
 -0.2765E+01  -0.1710E+01   0.8550E+00
  0.2022E+01  -0.8550E+00   0.8550E+00
  0.3300E+01  -0.1710E+01   0.1710E+01
  0.2679E+01  -0.8550E+00   0.1710E+01
 -0.2757E+01  -0.1710E+01   0.2565E+01
  0.2027E+01  -0.8550E+00   0.2565E+01
  0.3271E+01   0.0000E+00  -0.3420E+01
  0.2657E+01   0.8550E+00  -0.3420E+01
 -0.2750E+01   0.0000E+00  -0.2565E+01
  0.1997E+01   0.8550E+00  -0.2565E+01
  0.3264E+01   0.0000E+00  -0.1710E+01
  0.2675E+01   0.8550E+00  -0.1710E+01
 -0.2809E+01   0.0000E+00  -0.8550E+00
  0.1985E+01   0.8550E+00  -0.8550E+00
  0.3247E+01   0.0000E+00   0.0000E+00
  0.2637E+01   0.8550E+00   0.0000E+00
 -0.2809E+01   0.0000E+00   0.8550E+00
  0.1969E+01   0.8550E+00   0.8550E+00
  0.3245E+01   0.0000E+00   0.1710E+01
  0.2616E+01   0.8550E+00   0.1710E+01
 -0.2802E+01   0.0000E+00   0.2565E+01
  0.1973E+01   0.8550E+00   0.2565E+01
  0.3229E+01   0.1710E+01  -0.3420E+01
  0.2615E+01   0.2565E+01  -0.3420E+01
 -0.2840E+01   0.1710E+01  -0.2565E+01
  0.1972E+01   0.2565E+01  -0.2565E+01
  0.3222E+01   0.1710E+01  -0.1710E+01
  0.2610E+01   0.2565E+01  -0.1710E+01
 -0.2839E+01   0.1710E+01  -0.8550E+00
  0.1972E+01   0.2565E+01  -0.8550E+00
  0.3231E+01   0.1710E+01   0.0000E+00
  0.2639E+01   0.2565E+01   0.0000E+00
 -0.2810E+01   0.1710E+01   0.8550E+00
  0.1996E+01   0.2565E+01   0.8550E+00
  0.3245E+01   0.1710E+01   0.1710E+01
  0.2655E+01   0.2565E+01   0.1710E+01
 -0.2809E+01   0.1710E+01   0.2565E+01
  0.1991E+01   0.2565E+01   0.2565E+01
 -0.1994E+01  -0.3420E+01  -0.3420E+01
 -0.1650E+01  -0.2565E+01  -0.3420E+01
 -0.2301E+00  -0.3420E+01  -0.2565E+01
 -0.2521E+01  -0.2565E+01  -0.2565E+01
 -0.1979E+01  -0.3420E+01  -0.1710E+01
 -0.1644E+01  -0.2565E+01  -0.1710E+01
 -0.1972E+00  -0.3420E+01  -0.8550E+00
 -0.2462E+01  -0.2565E+01  -0.8550E+00
 -0.1979E+01  -0.3420E+01   0.0000E+00
 -0.1575E+01  -0.2565E+01   0.0000E+00
 -0.1730E+00  -0.3420E+01   0.8550E+00
 -0.2387E+01  -0.2565E+01   0.8550E+00
 -0.1939E+01  -0.3420E+01   0.1710E+01
 -0.1578E+01  -0.2565E+01   0.1710E+01
 -0.1556E+00  -0.3420E+01   0.2565E+01
 -0.2388E+01  -0.2565E+01   0.2565E+01
 -0.1985E+01  -0.1710E+01  -0.3420E+01
 -0.1561E+01  -0.8550E+00  -0.3420E+01
 -0.2570E+00  -0.1710E+01  -0.2565E+01
 -0.2349E+01  -0.8550E+00  -0.2565E+01
 -0.1962E+01  -0.1710E+01  -0.1710E+01
 -0.1548E+01  -0.8550E+00  -0.1710E+01
 -0.2337E+00  -0.1710E+01  -0.8550E+00
 -0.2333E+01  -0.8550E+00  -0.8550E+00
 -0.1756E+01  -0.1710E+01   0.0000E+00
 -0.1512E+01  -0.8550E+00   0.0000E+00
 -0.2178E+00  -0.1710E+01   0.8550E+00
 -0.2333E+01  -0.8550E+00   0.8550E+00
 -0.9666E+00  -0.1710E+01   0.1710E+01
 -0.1472E+01  -0.8550E+00   0.1710E+01
 -0.2161E+00  -0.1710E+01   0.2565E+01
 -0.2340E+01  -0.8550E+00   0.2565E+01
 -0.9401E+00   0.0000E+00  -0.3420E+01
 -0.1430E+01   0.8550E+00  -0.3420E+01
 -0.1976E+00   0.0000E+00  -0.2565E+01
 -0.2280E+01   0.8550E+00  -0.2565E+01
 -0.9143E+00   0.0000E+00  -0.1710E+01
 -0.1432E+01   0.8550E+00  -0.1710E+01
 -0.1634E+00   0.0000E+00  -0.8550E+00
 -0.2261E+01   0.8550E+00  -0.8550E+00
 -0.8364E+00   0.0000E+00   0.0000E+00
 -0.1414E+01   0.8550E+00   0.0000E+00
 -0.1632E+00   0.0000E+00   0.8550E+00
 -0.2237E+01   0.8550E+00   0.8550E+00
 -0.8973E+00   0.0000E+00   0.1710E+01
 -0.1406E+01   0.8550E+00   0.1710E+01
 -0.1829E+00   0.0000E+00   0.2565E+01
 -0.2244E+01   0.8550E+00   0.2565E+01
 -0.8322E+00   0.1710E+01  -0.3420E+01
 -0.1491E+01   0.2565E+01  -0.3420E+01
 -0.1559E+00   0.1710E+01  -0.2565E+01
 -0.2322E+01   0.2565E+01  -0.2565E+01
 -0.8343E+00   0.1710E+01  -0.1710E+01
 -0.1510E+01   0.2565E+01  -0.1710E+01
 -0.1475E+00   0.1710E+01  -0.8550E+00
 -0.2284E+01   0.2565E+01  -0.8550E+00
 -0.8276E+00   0.1710E+01   0.0000E+00
 -0.1478E+01   0.2565E+01   0.0000E+00
 -0.1304E+00   0.1710E+01   0.8550E+00
 -0.2256E+01   0.2565E+01   0.8550E+00
 -0.8057E+00   0.1710E+01   0.1710E+01
 -0.1460E+01   0.2565E+01   0.1710E+01
 -0.1277E+00   0.1710E+01   0.2565E+01
 -0.2227E+01   0.2565E+01   0.2565E+01
  0.5368E+00  -0.3420E+01  -0.3420E+01
  0.1962E-01  -0.2565E+01  -0.3420E+01
  0.1248E+01  -0.3420E+01  -0.2565E+01
 -0.7262E+00  -0.2565E+01  -0.2565E+01
  0.5274E+00  -0.3420E+01  -0.1710E+01
  0.1464E-01  -0.2565E+01  -0.1710E+01
  0.1258E+01  -0.3420E+01  -0.8550E+00
 -0.7274E+00  -0.2565E+01  -0.8550E+00
  0.5531E+00  -0.3420E+01   0.0000E+00
  0.1748E-01  -0.2565E+01   0.0000E+00
  0.1275E+01  -0.3420E+01   0.8550E+00
 -0.7295E+00  -0.2565E+01   0.8550E+00
  0.5659E+00  -0.3420E+01   0.1710E+01
  0.1095E-01  -0.2565E+01   0.1710E+01
  0.1269E+01  -0.3420E+01   0.2565E+01
 -0.7310E+00  -0.2565E+01   0.2565E+01
  0.5162E+00  -0.1710E+01  -0.3420E+01
 -0.1984E-03  -0.8550E+00  -0.3420E+01
  0.1238E+01  -0.1710E+01  -0.2565E+01
 -0.7271E+00  -0.8550E+00  -0.2565E+01
  0.5140E+00  -0.1710E+01  -0.1710E+01
  0.1300E-01  -0.8550E+00  -0.1710E+01
  0.1240E+01  -0.1710E+01  -0.8550E+00
 -0.7172E+00  -0.8550E+00  -0.8550E+00
  0.5191E+00  -0.1710E+01   0.0000E+00
 -0.4501E-02  -0.8550E+00   0.0000E+00
  0.1236E+01  -0.1710E+01   0.8550E+00
 -0.7419E+00  -0.8550E+00   0.8550E+00
  0.5132E+00  -0.1710E+01   0.1710E+01
 -0.2191E-01  -0.8550E+00   0.1710E+01
  0.1236E+01  -0.1710E+01   0.2565E+01
 -0.7450E+00  -0.8550E+00   0.2565E+01
  0.5216E+00   0.0000E+00  -0.3420E+01
 -0.2381E-01   0.8550E+00  -0.3420E+01
  0.1225E+01   0.0000E+00  -0.2565E+01
 -0.7316E+00   0.8550E+00  -0.2565E+01
  0.5224E+00   0.0000E+00  -0.1710E+01
 -0.2035E-01   0.8550E+00  -0.1710E+01
  0.1219E+01   0.0000E+00  -0.8550E+00
 -0.7222E+00   0.8550E+00  -0.8550E+00
  0.5215E+00   0.0000E+00   0.0000E+00
 -0.1882E-01   0.8550E+00   0.0000E+00
  0.1202E+01   0.0000E+00   0.8550E+00
 -0.7212E+00   0.8550E+00   0.8550E+00
  0.5028E+00   0.0000E+00   0.1710E+01
 -0.2639E-01   0.8550E+00   0.1710E+01
  0.1201E+01   0.0000E+00   0.2565E+01
 -0.7236E+00   0.8550E+00   0.2565E+01
  0.5273E+00   0.1710E+01  -0.3420E+01
  0.1549E-01   0.2565E+01  -0.3420E+01
  0.1203E+01   0.1710E+01  -0.2565E+01
 -0.7128E+00   0.2565E+01  -0.2565E+01
  0.5137E+00   0.1710E+01  -0.1710E+01
  0.2688E-01   0.2565E+01  -0.1710E+01
  0.1211E+01   0.1710E+01  -0.8550E+00
 -0.6730E+00   0.2565E+01  -0.8550E+00
  0.5370E+00   0.1710E+01   0.0000E+00
  0.5245E-01   0.2565E+01   0.0000E+00
  0.1223E+01   0.1710E+01   0.8550E+00
 -0.6535E+00   0.2565E+01   0.8550E+00
  0.5406E+00   0.1710E+01   0.1710E+01
  0.6363E-01   0.2565E+01   0.1710E+01
  0.1229E+01   0.1710E+01   0.2565E+01
 -0.6581E+00   0.2565E+01   0.2565E+01
