      rx_fcc       ry_fcc       rz_fcc
  0.1835E+01  -0.3420E+01  -0.3420E+01
  0.2350E+01  -0.2565E+01  -0.3420E+01
  0.2562E+01  -0.3420E+01  -0.2565E+01
  0.1676E+01  -0.2565E+01  -0.2565E+01
  0.1841E+01  -0.3420E+01  -0.1710E+01
  0.2362E+01  -0.2565E+01  -0.1710E+01
  0.2574E+01  -0.3420E+01  -0.8550E+00
  0.1677E+01  -0.2565E+01  -0.8550E+00
  0.1851E+01  -0.3420E+01   0.0000E+00
  0.2369E+01  -0.2565E+01   0.0000E+00
  0.2578E+01  -0.3420E+01   0.8550E+00
  0.1700E+01  -0.2565E+01   0.8550E+00
  0.1842E+01  -0.3420E+01   0.1710E+01
  0.2408E+01  -0.2565E+01   0.1710E+01
  0.2534E+01  -0.3420E+01   0.2565E+01
  0.1711E+01  -0.2565E+01   0.2565E+01
  0.1792E+01  -0.1710E+01  -0.3420E+01
  0.2369E+01  -0.8550E+00  -0.3420E+01
  0.2480E+01  -0.1710E+01  -0.2565E+01
  0.1708E+01  -0.8550E+00  -0.2565E+01
  0.1789E+01  -0.1710E+01  -0.1710E+01
  0.2377E+01  -0.8550E+00  -0.1710E+01
  0.2500E+01  -0.1710E+01  -0.8550E+00
  0.1707E+01  -0.8550E+00  -0.8550E+00
  0.1805E+01  -0.1710E+01   0.0000E+00
  0.2387E+01  -0.8550E+00   0.0000E+00
  0.2501E+01  -0.1710E+01   0.8550E+00
  0.1721E+01  -0.8550E+00   0.8550E+00
  0.1797E+01  -0.1710E+01   0.1710E+01
  0.2402E+01  -0.8550E+00   0.1710E+01
  0.2482E+01  -0.1710E+01   0.2565E+01
  0.1729E+01  -0.8550E+00   0.2565E+01
  0.1781E+01   0.0000E+00  -0.3420E+01
  0.2404E+01   0.8550E+00  -0.3420E+01
  0.2477E+01   0.0000E+00  -0.2565E+01
  0.1747E+01   0.8550E+00  -0.2565E+01
  0.1798E+01   0.0000E+00  -0.1710E+01
  0.2430E+01   0.8550E+00  -0.1710E+01
  0.2491E+01   0.0000E+00  -0.8550E+00
  0.1751E+01   0.8550E+00  -0.8550E+00
  0.1813E+01   0.0000E+00   0.0000E+00
  0.2416E+01   0.8550E+00   0.0000E+00
  0.2513E+01   0.0000E+00   0.8550E+00
  0.1736E+01   0.8550E+00   0.8550E+00
  0.1808E+01   0.0000E+00   0.1710E+01
  0.2406E+01   0.8550E+00   0.1710E+01
  0.2492E+01   0.0000E+00   0.2565E+01
  0.1724E+01   0.8550E+00   0.2565E+01
  0.1816E+01   0.1710E+01  -0.3420E+01
  0.2425E+01   0.2565E+01  -0.3420E+01
  0.2541E+01   0.1710E+01  -0.2565E+01
  0.1715E+01   0.2565E+01  -0.2565E+01
  0.1819E+01   0.1710E+01  -0.1710E+01
  0.2419E+01   0.2565E+01  -0.1710E+01
  0.2555E+01   0.1710E+01  -0.8550E+00
  0.1712E+01   0.2565E+01  -0.8550E+00
  0.1848E+01   0.1710E+01   0.0000E+00
  0.2428E+01   0.2565E+01   0.0000E+00
  0.2569E+01   0.1710E+01   0.8550E+00
  0.1753E+01   0.2565E+01   0.8550E+00
  0.1853E+01   0.1710E+01   0.1710E+01
  0.2473E+01   0.2565E+01   0.1710E+01
  0.2592E+01   0.1710E+01   0.2565E+01
  0.1790E+01   0.2565E+01   0.2565E+01
  0.3378E+01  -0.3420E+01  -0.3420E+01
 -0.2803E+01  -0.2565E+01  -0.3420E+01
 -0.2654E+01  -0.3420E+01  -0.2565E+01
  0.3223E+01  -0.2565E+01  -0.2565E+01
  0.3384E+01  -0.3420E+01  -0.1710E+01
 -0.2806E+01  -0.2565E+01  -0.1710E+01
 -0.2665E+01  -0.3420E+01  -0.8550E+00
  0.3203E+01  -0.2565E+01  -0.8550E+00
  0.3357E+01  -0.3420E+01   0.0000E+00
 -0.2834E+01  -0.2565E+01   0.0000E+00
 -0.2691E+01  -0.3420E+01   0.8550E+00
  0.3208E+01  -0.2565E+01   0.8550E+00
  0.3357E+01  -0.3420E+01   0.1710E+01
 -0.2867E+01  -0.2565E+01   0.1710E+01
 -0.2687E+01  -0.3420E+01   0.2565E+01
  0.3189E+01  -0.2565E+01   0.2565E+01
  0.3259E+01  -0.1710E+01  -0.3420E+01
 -0.2890E+01  -0.8550E+00  -0.3420E+01
 -0.2782E+01  -0.1710E+01  -0.2565E+01
  0.3205E+01  -0.8550E+00  -0.2565E+01
  0.3265E+01  -0.1710E+01  -0.1710E+01
 -0.2760E+01  -0.8550E+00  -0.1710E+01
 -0.2821E+01  -0.1710E+01  -0.8550E+00
  0.3240E+01  -0.8550E+00  -0.8550E+00
  0.3242E+01  -0.1710E+01   0.0000E+00
 -0.2739E+01  -0.8550E+00   0.0000E+00
 -0.2865E+01  -0.1710E+01   0.8550E+00
  0.3224E+01  -0.8550E+00   0.8550E+00
  0.3242E+01  -0.1710E+01   0.1710E+01
 -0.2886E+01  -0.8550E+00   0.1710E+01
 -0.2849E+01  -0.1710E+01   0.2565E+01
  0.3216E+01  -0.8550E+00   0.2565E+01
  0.3215E+01   0.0000E+00  -0.3420E+01
 -0.2868E+01   0.8550E+00  -0.3420E+01
 -0.2882E+01   0.0000E+00  -0.2565E+01
  0.3230E+01   0.8550E+00  -0.2565E+01
  0.3250E+01   0.0000E+00  -0.1710E+01
 -0.2805E+01   0.8550E+00  -0.1710E+01
 -0.2870E+01   0.0000E+00  -0.8550E+00
  0.3281E+01   0.8550E+00  -0.8550E+00
  0.3233E+01   0.0000E+00   0.0000E+00
 -0.2783E+01   0.8550E+00   0.0000E+00
 -0.2887E+01   0.0000E+00   0.8550E+00
  0.3278E+01   0.8550E+00   0.8550E+00
  0.3210E+01   0.0000E+00   0.1710E+01
 -0.2798E+01   0.8550E+00   0.1710E+01
 -0.2909E+01   0.0000E+00   0.2565E+01
  0.3255E+01   0.8550E+00   0.2565E+01
  0.3246E+01   0.1710E+01  -0.3420E+01
 -0.2624E+01   0.2565E+01  -0.3420E+01
 -0.2855E+01   0.1710E+01  -0.2565E+01
  0.3368E+01   0.2565E+01  -0.2565E+01
  0.3250E+01   0.1710E+01  -0.1710E+01
 -0.2590E+01   0.2565E+01  -0.1710E+01
 -0.2809E+01   0.1710E+01  -0.8550E+00
  0.3385E+01   0.2565E+01  -0.8550E+00
  0.3263E+01   0.1710E+01   0.0000E+00
 -0.2573E+01   0.2565E+01   0.0000E+00
 -0.2798E+01   0.1710E+01   0.8550E+00
  0.3403E+01   0.2565E+01   0.8550E+00
  0.3269E+01   0.1710E+01   0.1710E+01
 -0.2541E+01   0.2565E+01   0.1710E+01
 -0.2803E+01   0.1710E+01   0.2565E+01
  0.3418E+01   0.2565E+01   0.2565E+01
 -0.1918E+01  -0.3420E+01  -0.3420E+01
 -0.3061E+00  -0.2565E+01  -0.3420E+01
 -0.6571E+00  -0.3420E+01  -0.2565E+01
 -0.1387E+01  -0.2565E+01  -0.2565E+01
 -0.1890E+01  -0.3420E+01  -0.1710E+01
 -0.4155E+00  -0.2565E+01  -0.1710E+01
 -0.6870E+00  -0.3420E+01  -0.8550E+00
 -0.1393E+01  -0.2565E+01  -0.8550E+00
 -0.1915E+01  -0.3420E+01   0.0000E+00
 -0.2976E+00  -0.2565E+01   0.0000E+00
 -0.5782E+00  -0.3420E+01   0.8550E+00
 -0.1266E+01  -0.2565E+01   0.8550E+00
 -0.1915E+01  -0.3420E+01   0.1710E+01
 -0.3150E+00  -0.2565E+01   0.1710E+01
 -0.4525E+00  -0.3420E+01   0.2565E+01
 -0.1204E+01  -0.2565E+01   0.2565E+01
 -0.2030E+01  -0.1710E+01  -0.3420E+01
 -0.2564E+00  -0.8550E+00  -0.3420E+01
 -0.6399E+00  -0.1710E+01  -0.2565E+01
 -0.1290E+01  -0.8550E+00  -0.2565E+01
 -0.1871E+01  -0.1710E+01  -0.1710E+01
 -0.2806E+00  -0.8550E+00  -0.1710E+01
 -0.3887E+00  -0.1710E+01  -0.8550E+00
 -0.1023E+01  -0.8550E+00  -0.8550E+00
 -0.1708E+01  -0.1710E+01   0.0000E+00
 -0.2333E+00  -0.8550E+00   0.0000E+00
 -0.2843E+00  -0.1710E+01   0.8550E+00
 -0.9256E+00  -0.8550E+00   0.8550E+00
 -0.1295E+01  -0.1710E+01   0.1710E+01
 -0.2192E+00  -0.8550E+00   0.1710E+01
 -0.2967E+00  -0.1710E+01   0.2565E+01
 -0.9250E+00  -0.8550E+00   0.2565E+01
 -0.1163E+01   0.0000E+00  -0.3420E+01
 -0.2197E+00   0.8550E+00  -0.3420E+01
 -0.3142E+00   0.0000E+00  -0.2565E+01
 -0.9355E+00   0.8550E+00  -0.2565E+01
 -0.1201E+01   0.0000E+00  -0.1710E+01
 -0.2421E+00   0.8550E+00  -0.1710E+01
 -0.2704E+00   0.0000E+00  -0.8550E+00
 -0.9403E+00   0.8550E+00  -0.8550E+00
 -0.1100E+01   0.0000E+00   0.0000E+00
 -0.2277E+00   0.8550E+00   0.0000E+00
 -0.2155E+00   0.0000E+00   0.8550E+00
 -0.9052E+00   0.8550E+00   0.8550E+00
 -0.9944E+00   0.0000E+00   0.1710E+01
 -0.2269E+00   0.8550E+00   0.1710E+01
 -0.2099E+00   0.0000E+00   0.2565E+01
 -0.8877E+00   0.8550E+00   0.2565E+01
 -0.1037E+01   0.1710E+01  -0.3420E+01
 -0.2544E+00   0.2565E+01  -0.3420E+01
 -0.2708E+00   0.1710E+01  -0.2565E+01
 -0.1268E+01   0.2565E+01  -0.2565E+01
 -0.1157E+01   0.1710E+01  -0.1710E+01
 -0.2875E+00   0.2565E+01  -0.1710E+01
 -0.2642E+00   0.1710E+01  -0.8550E+00
 -0.1292E+01   0.2565E+01  -0.8550E+00
 -0.1070E+01   0.1710E+01   0.0000E+00
 -0.2378E+00   0.2565E+01   0.0000E+00
 -0.2527E+00   0.1710E+01   0.8550E+00
 -0.1221E+01   0.2565E+01   0.8550E+00
 -0.1026E+01   0.1710E+01   0.1710E+01
 -0.2499E+00   0.2565E+01   0.1710E+01
 -0.2621E+00   0.1710E+01   0.2565E+01
 -0.1059E+01   0.2565E+01   0.2565E+01
  0.4121E+00  -0.3420E+01  -0.3420E+01
  0.1148E+01  -0.2565E+01  -0.3420E+01
  0.1103E+01  -0.3420E+01  -0.2565E+01
  0.4606E+00  -0.2565E+01  -0.2565E+01
  0.3531E+00  -0.3420E+01  -0.1710E+01
  0.1134E+01  -0.2565E+01  -0.1710E+01
  0.1112E+01  -0.3420E+01  -0.8550E+00
  0.4716E+00  -0.2565E+01  -0.8550E+00
  0.4079E+00  -0.3420E+01   0.0000E+00
  0.1154E+01  -0.2565E+01   0.0000E+00
  0.1123E+01  -0.3420E+01   0.8550E+00
  0.4843E+00  -0.2565E+01   0.8550E+00
  0.4064E+00  -0.3420E+01   0.1710E+01
  0.1161E+01  -0.2565E+01   0.1710E+01
  0.1139E+01  -0.3420E+01   0.2565E+01
  0.4945E+00  -0.2565E+01   0.2565E+01
  0.4148E+00  -0.1710E+01  -0.3420E+01
  0.1167E+01  -0.8550E+00  -0.3420E+01
  0.1125E+01  -0.1710E+01  -0.2565E+01
  0.4981E+00  -0.8550E+00  -0.2565E+01
  0.3890E+00  -0.1710E+01  -0.1710E+01
  0.1149E+01  -0.8550E+00  -0.1710E+01
  0.1117E+01  -0.1710E+01  -0.8550E+00
  0.4907E+00  -0.8550E+00  -0.8550E+00
  0.4526E+00  -0.1710E+01   0.0000E+00
  0.1154E+01  -0.8550E+00   0.0000E+00
  0.1151E+01  -0.1710E+01   0.8550E+00
  0.4921E+00  -0.8550E+00   0.8550E+00
  0.5002E+00  -0.1710E+01   0.1710E+01
  0.1147E+01  -0.8550E+00   0.1710E+01
  0.1181E+01  -0.1710E+01   0.2565E+01
  0.4812E+00  -0.8550E+00   0.2565E+01
  0.4964E+00   0.0000E+00  -0.3420E+01
  0.1131E+01   0.8550E+00  -0.3420E+01
  0.1169E+01   0.0000E+00  -0.2565E+01
  0.4625E+00   0.8550E+00  -0.2565E+01
  0.4796E+00   0.0000E+00  -0.1710E+01
  0.1139E+01   0.8550E+00  -0.1710E+01
  0.1173E+01   0.0000E+00  -0.8550E+00
  0.4626E+00   0.8550E+00  -0.8550E+00
  0.4939E+00   0.0000E+00   0.0000E+00
  0.1136E+01   0.8550E+00   0.0000E+00
  0.1164E+01   0.0000E+00   0.8550E+00
  0.4719E+00   0.8550E+00   0.8550E+00
  0.4828E+00   0.0000E+00   0.1710E+01
  0.1145E+01   0.8550E+00   0.1710E+01
  0.1135E+01   0.0000E+00   0.2565E+01
  0.4498E+00   0.8550E+00   0.2565E+01
  0.4379E+00   0.1710E+01  -0.3420E+01
  0.1122E+01   0.2565E+01  -0.3420E+01
  0.1125E+01   0.1710E+01  -0.2565E+01
  0.4172E+00   0.2565E+01  -0.2565E+01
  0.4287E+00   0.1710E+01  -0.1710E+01
  0.1108E+01   0.2565E+01  -0.1710E+01
  0.1107E+01   0.1710E+01  -0.8550E+00
  0.4460E+00   0.2565E+01  -0.8550E+00
  0.4269E+00   0.1710E+01   0.0000E+00
  0.1170E+01   0.2565E+01   0.0000E+00
  0.1098E+01   0.1710E+01   0.8550E+00
  0.4636E+00   0.2565E+01   0.8550E+00
  0.4022E+00   0.1710E+01   0.1710E+01
  0.1160E+01   0.2565E+01   0.1710E+01
  0.1089E+01   0.1710E+01   0.2565E+01
  0.4540E+00   0.2565E+01   0.2565E+01
