      rx_fcc       ry_fcc       rz_fcc
 -0.4016E+00  -0.3420E+01  -0.3420E+01
 -0.7139E+00  -0.2565E+01  -0.3420E+01
  0.3420E+00  -0.3420E+01  -0.2565E+01
 -0.1343E+01  -0.2565E+01  -0.2565E+01
 -0.3988E+00  -0.3420E+01  -0.1710E+01
 -0.7149E+00  -0.2565E+01  -0.1710E+01
  0.3170E+00  -0.3420E+01  -0.8550E+00
 -0.1351E+01  -0.2565E+01  -0.8550E+00
 -0.4268E+00  -0.3420E+01   0.0000E+00
 -0.7263E+00  -0.2565E+01   0.0000E+00
  0.2906E+00  -0.3420E+01   0.8550E+00
 -0.1359E+01  -0.2565E+01   0.8550E+00
 -0.4296E+00  -0.3420E+01   0.1710E+01
 -0.7256E+00  -0.2565E+01   0.1710E+01
  0.3135E+00  -0.3420E+01   0.2565E+01
 -0.1350E+01  -0.2565E+01   0.2565E+01
 -0.6369E+00  -0.1710E+01  -0.3420E+01
 -0.6380E+00  -0.8550E+00  -0.3420E+01
  0.7820E-01  -0.1710E+01  -0.2565E+01
 -0.1296E+01  -0.8550E+00  -0.2565E+01
 -0.6354E+00  -0.1710E+01  -0.1710E+01
 -0.6463E+00  -0.8550E+00  -0.1710E+01
  0.6240E-01  -0.1710E+01  -0.8550E+00
 -0.1294E+01  -0.8550E+00  -0.8550E+00
 -0.6477E+00  -0.1710E+01   0.0000E+00
 -0.6322E+00  -0.8550E+00   0.0000E+00
  0.4812E-01  -0.1710E+01   0.8550E+00
 -0.1280E+01  -0.8550E+00   0.8550E+00
 -0.6479E+00  -0.1710E+01   0.1710E+01
 -0.6241E+00  -0.8550E+00   0.1710E+01
  0.5822E-01  -0.1710E+01   0.2565E+01
 -0.1282E+01  -0.8550E+00   0.2565E+01
 -0.6905E+00   0.0000E+00  -0.3420E+01
 -0.6754E+00   0.8550E+00  -0.3420E+01
 -0.3555E-01   0.0000E+00  -0.2565E+01
 -0.1313E+01   0.8550E+00  -0.2565E+01
 -0.6886E+00   0.0000E+00  -0.1710E+01
 -0.6748E+00   0.8550E+00  -0.1710E+01
 -0.3819E-01   0.0000E+00  -0.8550E+00
 -0.1312E+01   0.8550E+00  -0.8550E+00
 -0.6922E+00   0.0000E+00   0.0000E+00
 -0.6722E+00   0.8550E+00   0.0000E+00
 -0.4207E-01   0.0000E+00   0.8550E+00
 -0.1311E+01   0.8550E+00   0.8550E+00
 -0.6938E+00   0.0000E+00   0.1710E+01
 -0.6730E+00   0.8550E+00   0.1710E+01
 -0.4034E-01   0.0000E+00   0.2565E+01
 -0.1312E+01   0.8550E+00   0.2565E+01
 -0.5018E+00   0.1710E+01  -0.3420E+01
 -0.9670E+00   0.2565E+01  -0.3420E+01
  0.1701E+00   0.1710E+01  -0.2565E+01
 -0.1573E+01   0.2565E+01  -0.2565E+01
 -0.5006E+00   0.1710E+01  -0.1710E+01
 -0.9687E+00   0.2565E+01  -0.1710E+01
  0.1621E+00   0.1710E+01  -0.8550E+00
 -0.1567E+01   0.2565E+01  -0.8550E+00
 -0.5091E+00   0.1710E+01   0.0000E+00
 -0.9583E+00   0.2565E+01   0.0000E+00
  0.1520E+00   0.1710E+01   0.8550E+00
 -0.1560E+01   0.2565E+01   0.8550E+00
 -0.5103E+00   0.1710E+01   0.1710E+01
 -0.9565E+00   0.2565E+01   0.1710E+01
  0.1593E+00   0.1710E+01   0.2565E+01
 -0.1565E+01   0.2565E+01   0.2565E+01
  0.1084E+01  -0.3420E+01  -0.3420E+01
  0.5746E+00  -0.2565E+01  -0.3420E+01
  0.1938E+01  -0.3420E+01  -0.2565E+01
 -0.8787E-01  -0.2565E+01  -0.2565E+01
  0.1085E+01  -0.3420E+01  -0.1710E+01
  0.5726E+00  -0.2565E+01  -0.1710E+01
  0.1937E+01  -0.3420E+01  -0.8550E+00
 -0.1009E+00  -0.2565E+01  -0.8550E+00
  0.1045E+01  -0.3420E+01   0.0000E+00
  0.5393E+00  -0.2565E+01   0.0000E+00
  0.1959E+01  -0.3420E+01   0.8550E+00
 -0.1129E+00  -0.2565E+01   0.8550E+00
  0.1042E+01  -0.3420E+01   0.1710E+01
  0.5405E+00  -0.2565E+01   0.1710E+01
  0.1936E+01  -0.3420E+01   0.2565E+01
 -0.9922E-01  -0.2565E+01   0.2565E+01
  0.8064E+00  -0.1710E+01  -0.3420E+01
  0.6654E+00  -0.8550E+00  -0.3420E+01
  0.1763E+01  -0.1710E+01  -0.2565E+01
 -0.6405E-02  -0.8550E+00  -0.2565E+01
  0.8144E+00  -0.1710E+01  -0.1710E+01
  0.6508E+00  -0.8550E+00  -0.1710E+01
  0.1737E+01  -0.1710E+01  -0.8550E+00
  0.1945E-02  -0.8550E+00  -0.8550E+00
  0.7728E+00  -0.1710E+01   0.0000E+00
  0.6908E+00  -0.8550E+00   0.0000E+00
  0.1700E+01  -0.1710E+01   0.8550E+00
  0.2464E-01  -0.8550E+00   0.8550E+00
  0.7690E+00  -0.1710E+01   0.1710E+01
  0.7124E+00  -0.8550E+00   0.1710E+01
  0.1725E+01  -0.1710E+01   0.2565E+01
  0.1793E-01  -0.8550E+00   0.2565E+01
  0.6408E+00   0.0000E+00  -0.3420E+01
  0.6194E+00   0.8550E+00  -0.3420E+01
  0.1576E+01   0.0000E+00  -0.2565E+01
 -0.4574E-01   0.8550E+00  -0.2565E+01
  0.6441E+00   0.0000E+00  -0.1710E+01
  0.6199E+00   0.8550E+00  -0.1710E+01
  0.1572E+01   0.0000E+00  -0.8550E+00
 -0.4220E-01   0.8550E+00  -0.8550E+00
  0.6364E+00   0.0000E+00   0.0000E+00
  0.6261E+00   0.8550E+00   0.0000E+00
  0.1563E+01   0.0000E+00   0.8550E+00
 -0.4088E-01   0.8550E+00   0.8550E+00
  0.6360E+00   0.0000E+00   0.1710E+01
  0.6225E+00   0.8550E+00   0.1710E+01
  0.1564E+01   0.0000E+00   0.2565E+01
 -0.4373E-01   0.8550E+00   0.2565E+01
  0.8635E+00   0.1710E+01  -0.3420E+01
  0.2877E+00   0.2565E+01  -0.3420E+01
  0.1710E+01   0.1710E+01  -0.2565E+01
 -0.3631E+00   0.2565E+01  -0.2565E+01
  0.8657E+00   0.1710E+01  -0.1710E+01
  0.2845E+00   0.2565E+01  -0.1710E+01
  0.1711E+01   0.1710E+01  -0.8550E+00
 -0.3560E+00   0.2565E+01  -0.8550E+00
  0.8518E+00   0.1710E+01   0.0000E+00
  0.3019E+00   0.2565E+01   0.0000E+00
  0.1718E+01   0.1710E+01   0.8550E+00
 -0.3462E+00   0.2565E+01   0.8550E+00
  0.8488E+00   0.1710E+01   0.1710E+01
  0.3053E+00   0.2565E+01   0.1710E+01
  0.1709E+01   0.1710E+01   0.2565E+01
 -0.3528E+00   0.2565E+01   0.2565E+01
  0.2751E+01  -0.3420E+01  -0.3420E+01
  0.3266E+01  -0.2565E+01  -0.3420E+01
 -0.2502E+01  -0.3420E+01  -0.2565E+01
  0.2445E+01  -0.2565E+01  -0.2565E+01
  0.2751E+01  -0.3420E+01  -0.1710E+01
  0.3257E+01  -0.2565E+01  -0.1710E+01
 -0.2530E+01  -0.3420E+01  -0.8550E+00
  0.2528E+01  -0.2565E+01  -0.8550E+00
  0.3124E+01  -0.3420E+01   0.0000E+00
  0.3384E+01  -0.2565E+01   0.0000E+00
 -0.2567E+01  -0.3420E+01   0.8550E+00
  0.2539E+01  -0.2565E+01   0.8550E+00
  0.3163E+01  -0.3420E+01   0.1710E+01
  0.3387E+01  -0.2565E+01   0.1710E+01
 -0.2544E+01  -0.3420E+01   0.2565E+01
  0.2544E+01  -0.2565E+01   0.2565E+01
  0.2577E+01  -0.1710E+01  -0.3420E+01
  0.3354E+01  -0.8550E+00  -0.3420E+01
 -0.2664E+01  -0.1710E+01  -0.2565E+01
  0.2541E+01  -0.8550E+00  -0.2565E+01
  0.2593E+01  -0.1710E+01  -0.1710E+01
  0.3333E+01  -0.8550E+00  -0.1710E+01
 -0.2670E+01  -0.1710E+01  -0.8550E+00
  0.2566E+01  -0.8550E+00  -0.8550E+00
 -0.3310E+01  -0.1710E+01   0.0000E+00
 -0.3329E+01  -0.8550E+00   0.0000E+00
 -0.2635E+01  -0.1710E+01   0.8550E+00
  0.2600E+01  -0.8550E+00   0.8550E+00
 -0.3234E+01  -0.1710E+01   0.1710E+01
 -0.3304E+01  -0.8550E+00   0.1710E+01
 -0.2631E+01  -0.1710E+01   0.2565E+01
  0.2595E+01  -0.8550E+00   0.2565E+01
 -0.3127E+01   0.0000E+00  -0.3420E+01
 -0.3345E+01   0.8550E+00  -0.3420E+01
 -0.2532E+01   0.0000E+00  -0.2565E+01
  0.2616E+01   0.8550E+00  -0.2565E+01
 -0.3111E+01   0.0000E+00  -0.1710E+01
 -0.3349E+01   0.8550E+00  -0.1710E+01
 -0.2542E+01   0.0000E+00  -0.8550E+00
  0.2627E+01   0.8550E+00  -0.8550E+00
 -0.3203E+01   0.0000E+00   0.0000E+00
 -0.3332E+01   0.8550E+00   0.0000E+00
 -0.2573E+01   0.0000E+00   0.8550E+00
  0.2635E+01   0.8550E+00   0.8550E+00
 -0.3235E+01   0.0000E+00   0.1710E+01
 -0.3330E+01   0.8550E+00   0.1710E+01
 -0.2563E+01   0.0000E+00   0.2565E+01
  0.2633E+01   0.8550E+00   0.2565E+01
 -0.2943E+01   0.1710E+01  -0.3420E+01
  0.3274E+01   0.2565E+01  -0.3420E+01
 -0.2337E+01   0.1710E+01  -0.2565E+01
  0.2510E+01   0.2565E+01  -0.2565E+01
 -0.2944E+01   0.1710E+01  -0.1710E+01
  0.3271E+01   0.2565E+01  -0.1710E+01
 -0.2335E+01   0.1710E+01  -0.8550E+00
  0.2531E+01   0.2565E+01  -0.8550E+00
 -0.2936E+01   0.1710E+01   0.0000E+00
  0.3324E+01   0.2565E+01   0.0000E+00
 -0.2329E+01   0.1710E+01   0.8550E+00
  0.2539E+01   0.2565E+01   0.8550E+00
 -0.2933E+01   0.1710E+01   0.1710E+01
  0.3333E+01   0.2565E+01   0.1710E+01
 -0.2332E+01   0.1710E+01   0.2565E+01
  0.2537E+01   0.2565E+01   0.2565E+01
 -0.1808E+01  -0.3420E+01  -0.3420E+01
 -0.1991E+01  -0.2565E+01  -0.3420E+01
 -0.1110E+01  -0.3420E+01  -0.2565E+01
 -0.2663E+01  -0.2565E+01  -0.2565E+01
 -0.1803E+01  -0.3420E+01  -0.1710E+01
 -0.1994E+01  -0.2565E+01  -0.1710E+01
 -0.1125E+01  -0.3420E+01  -0.8550E+00
 -0.2676E+01  -0.2565E+01  -0.8550E+00
 -0.1831E+01  -0.3420E+01   0.0000E+00
 -0.2007E+01  -0.2565E+01   0.0000E+00
 -0.1143E+01  -0.3420E+01   0.8550E+00
 -0.2677E+01  -0.2565E+01   0.8550E+00
 -0.1837E+01  -0.3420E+01   0.1710E+01
 -0.2005E+01  -0.2565E+01   0.1710E+01
 -0.1130E+01  -0.3420E+01   0.2565E+01
 -0.2668E+01  -0.2565E+01   0.2565E+01
 -0.1972E+01  -0.1710E+01  -0.3420E+01
 -0.1952E+01  -0.8550E+00  -0.3420E+01
 -0.1314E+01  -0.1710E+01  -0.2565E+01
 -0.2651E+01  -0.8550E+00  -0.2565E+01
 -0.1983E+01  -0.1710E+01  -0.1710E+01
 -0.1963E+01  -0.8550E+00  -0.1710E+01
 -0.1324E+01  -0.1710E+01  -0.8550E+00
 -0.2645E+01  -0.8550E+00  -0.8550E+00
 -0.1996E+01  -0.1710E+01   0.0000E+00
 -0.1951E+01  -0.8550E+00   0.0000E+00
 -0.1330E+01  -0.1710E+01   0.8550E+00
 -0.2615E+01  -0.8550E+00   0.8550E+00
 -0.1988E+01  -0.1710E+01   0.1710E+01
 -0.1940E+01  -0.8550E+00   0.1710E+01
 -0.1321E+01  -0.1710E+01   0.2565E+01
 -0.2620E+01  -0.8550E+00   0.2565E+01
 -0.1947E+01   0.0000E+00  -0.3420E+01
 -0.1964E+01   0.8550E+00  -0.3420E+01
 -0.1325E+01   0.0000E+00  -0.2565E+01
 -0.2635E+01   0.8550E+00  -0.2565E+01
 -0.1940E+01   0.0000E+00  -0.1710E+01
 -0.1964E+01   0.8550E+00  -0.1710E+01
 -0.1326E+01   0.0000E+00  -0.8550E+00
 -0.2634E+01   0.8550E+00  -0.8550E+00
 -0.1951E+01   0.0000E+00   0.0000E+00
 -0.1963E+01   0.8550E+00   0.0000E+00
 -0.1331E+01   0.0000E+00   0.8550E+00
 -0.2631E+01   0.8550E+00   0.8550E+00
 -0.1957E+01   0.0000E+00   0.1710E+01
 -0.1963E+01   0.8550E+00   0.1710E+01
 -0.1330E+01   0.0000E+00   0.2565E+01
 -0.2632E+01   0.8550E+00   0.2565E+01
 -0.1751E+01   0.1710E+01  -0.3420E+01
 -0.2181E+01   0.2565E+01  -0.3420E+01
 -0.1141E+01   0.1710E+01  -0.2565E+01
 -0.2820E+01   0.2565E+01  -0.2565E+01
 -0.1751E+01   0.1710E+01  -0.1710E+01
 -0.2182E+01   0.2565E+01  -0.1710E+01
 -0.1144E+01   0.1710E+01  -0.8550E+00
 -0.2816E+01   0.2565E+01  -0.8550E+00
 -0.1750E+01   0.1710E+01   0.0000E+00
 -0.2175E+01   0.2565E+01   0.0000E+00
 -0.1146E+01   0.1710E+01   0.8550E+00
 -0.2810E+01   0.2565E+01   0.8550E+00
 -0.1749E+01   0.1710E+01   0.1710E+01
 -0.2174E+01   0.2565E+01   0.1710E+01
 -0.1144E+01   0.1710E+01   0.2565E+01
 -0.2814E+01   0.2565E+01   0.2565E+01
