      rx_fcc       ry_fcc       rz_fcc
  0.2903E+01  -0.3420E+01  -0.3420E+01
  0.3076E+01  -0.2565E+01  -0.3420E+01
 -0.3251E+01  -0.3420E+01  -0.2565E+01
  0.2392E+01  -0.2565E+01  -0.2565E+01
  0.2904E+01  -0.3420E+01  -0.1710E+01
  0.3078E+01  -0.2565E+01  -0.1710E+01
 -0.3258E+01  -0.3420E+01  -0.8550E+00
  0.2386E+01  -0.2565E+01  -0.8550E+00
  0.2899E+01  -0.3420E+01   0.0000E+00
  0.3068E+01  -0.2565E+01   0.0000E+00
 -0.3266E+01  -0.3420E+01   0.8550E+00
  0.2379E+01  -0.2565E+01   0.8550E+00
  0.2897E+01  -0.3420E+01   0.1710E+01
  0.3065E+01  -0.2565E+01   0.1710E+01
 -0.3261E+01  -0.3420E+01   0.2565E+01
  0.2383E+01  -0.2565E+01   0.2565E+01
  0.2880E+01  -0.1710E+01  -0.3420E+01
  0.3023E+01  -0.8550E+00  -0.3420E+01
 -0.3271E+01  -0.1710E+01  -0.2565E+01
  0.2347E+01  -0.8550E+00  -0.2565E+01
  0.2883E+01  -0.1710E+01  -0.1710E+01
  0.3022E+01  -0.8550E+00  -0.1710E+01
 -0.3279E+01  -0.1710E+01  -0.8550E+00
  0.2343E+01  -0.8550E+00  -0.8550E+00
  0.2874E+01  -0.1710E+01   0.0000E+00
  0.3016E+01  -0.8550E+00   0.0000E+00
 -0.3292E+01  -0.1710E+01   0.8550E+00
  0.2342E+01  -0.8550E+00   0.8550E+00
  0.2872E+01  -0.1710E+01   0.1710E+01
  0.3021E+01  -0.8550E+00   0.1710E+01
 -0.3286E+01  -0.1710E+01   0.2565E+01
  0.2345E+01  -0.8550E+00   0.2565E+01
  0.2834E+01   0.0000E+00  -0.3420E+01
  0.3002E+01   0.8550E+00  -0.3420E+01
 -0.3335E+01   0.0000E+00  -0.2565E+01
  0.2337E+01   0.8550E+00  -0.2565E+01
  0.2836E+01   0.0000E+00  -0.1710E+01
  0.3003E+01   0.8550E+00  -0.1710E+01
 -0.3341E+01   0.0000E+00  -0.8550E+00
  0.2339E+01   0.8550E+00  -0.8550E+00
  0.2830E+01   0.0000E+00   0.0000E+00
  0.3001E+01   0.8550E+00   0.0000E+00
 -0.3347E+01   0.0000E+00   0.8550E+00
  0.2338E+01   0.8550E+00   0.8550E+00
  0.2829E+01   0.0000E+00   0.1710E+01
  0.3000E+01   0.8550E+00   0.1710E+01
 -0.3342E+01   0.0000E+00   0.2565E+01
  0.2337E+01   0.8550E+00   0.2565E+01
  0.2825E+01   0.1710E+01  -0.3420E+01
  0.2991E+01   0.2565E+01  -0.3420E+01
 -0.3358E+01   0.1710E+01  -0.2565E+01
  0.2335E+01   0.2565E+01  -0.2565E+01
  0.2823E+01   0.1710E+01  -0.1710E+01
  0.2986E+01   0.2565E+01  -0.1710E+01
 -0.3359E+01   0.1710E+01  -0.8550E+00
  0.2337E+01   0.2565E+01  -0.8550E+00
  0.2825E+01   0.1710E+01   0.0000E+00
  0.2993E+01   0.2565E+01   0.0000E+00
 -0.3357E+01   0.1710E+01   0.8550E+00
  0.2344E+01   0.2565E+01   0.8550E+00
  0.2827E+01   0.1710E+01   0.1710E+01
  0.2998E+01   0.2565E+01   0.1710E+01
 -0.3356E+01   0.1710E+01   0.2565E+01
  0.2342E+01   0.2565E+01   0.2565E+01
 -0.2562E+01  -0.3420E+01  -0.3420E+01
 -0.2399E+01  -0.2565E+01  -0.3420E+01
 -0.1675E+01  -0.3420E+01  -0.2565E+01
 -0.3085E+01  -0.2565E+01  -0.2565E+01
 -0.2559E+01  -0.3420E+01  -0.1710E+01
 -0.2392E+01  -0.2565E+01  -0.1710E+01
 -0.1672E+01  -0.3420E+01  -0.8550E+00
 -0.3094E+01  -0.2565E+01  -0.8550E+00
 -0.2578E+01  -0.3420E+01   0.0000E+00
 -0.2421E+01  -0.2565E+01   0.0000E+00
 -0.1671E+01  -0.3420E+01   0.8550E+00
 -0.3108E+01  -0.2565E+01   0.8550E+00
 -0.2582E+01  -0.3420E+01   0.1710E+01
 -0.2432E+01  -0.2565E+01   0.1710E+01
 -0.1670E+01  -0.3420E+01   0.2565E+01
 -0.3101E+01  -0.2565E+01   0.2565E+01
 -0.2589E+01  -0.1710E+01  -0.3420E+01
 -0.2479E+01  -0.8550E+00  -0.3420E+01
 -0.1689E+01  -0.1710E+01  -0.2565E+01
 -0.3152E+01  -0.8550E+00  -0.2565E+01
 -0.2577E+01  -0.1710E+01  -0.1710E+01
 -0.2478E+01  -0.8550E+00  -0.1710E+01
 -0.1676E+01  -0.1710E+01  -0.8550E+00
 -0.3162E+01  -0.8550E+00  -0.8550E+00
 -0.2604E+01  -0.1710E+01   0.0000E+00
 -0.2496E+01  -0.8550E+00   0.0000E+00
 -0.1724E+01  -0.1710E+01   0.8550E+00
 -0.3164E+01  -0.8550E+00   0.8550E+00
 -0.2614E+01  -0.1710E+01   0.1710E+01
 -0.2479E+01  -0.8550E+00   0.1710E+01
 -0.1722E+01  -0.1710E+01   0.2565E+01
 -0.3156E+01  -0.8550E+00   0.2565E+01
 -0.2663E+01   0.0000E+00  -0.3420E+01
 -0.2511E+01   0.8550E+00  -0.3420E+01
 -0.1777E+01   0.0000E+00  -0.2565E+01
 -0.3183E+01   0.8550E+00  -0.2565E+01
 -0.2661E+01   0.0000E+00  -0.1710E+01
 -0.2507E+01   0.8550E+00  -0.1710E+01
 -0.1795E+01   0.0000E+00  -0.8550E+00
 -0.3185E+01   0.8550E+00  -0.8550E+00
 -0.2674E+01   0.0000E+00   0.0000E+00
 -0.2515E+01   0.8550E+00   0.0000E+00
 -0.1806E+01   0.0000E+00   0.8550E+00
 -0.3189E+01   0.8550E+00   0.8550E+00
 -0.2673E+01   0.0000E+00   0.1710E+01
 -0.2520E+01   0.8550E+00   0.1710E+01
 -0.1799E+01   0.0000E+00   0.2565E+01
 -0.3188E+01   0.8550E+00   0.2565E+01
 -0.2689E+01   0.1710E+01  -0.3420E+01
 -0.2558E+01   0.2565E+01  -0.3420E+01
 -0.1816E+01   0.1710E+01  -0.2565E+01
 -0.3218E+01   0.2565E+01  -0.2565E+01
 -0.2691E+01   0.1710E+01  -0.1710E+01
 -0.2567E+01   0.2565E+01  -0.1710E+01
 -0.1819E+01   0.1710E+01  -0.8550E+00
 -0.3216E+01   0.2565E+01  -0.8550E+00
 -0.2691E+01   0.1710E+01   0.0000E+00
 -0.2550E+01   0.2565E+01   0.0000E+00
 -0.1813E+01   0.1710E+01   0.8550E+00
 -0.3204E+01   0.2565E+01   0.8550E+00
 -0.2688E+01   0.1710E+01   0.1710E+01
 -0.2539E+01   0.2565E+01   0.1710E+01
 -0.1811E+01   0.1710E+01   0.2565E+01
 -0.3206E+01   0.2565E+01   0.2565E+01
 -0.9047E+00  -0.3420E+01  -0.3420E+01
 -0.1742E-01  -0.2565E+01  -0.3420E+01
  0.8054E+00  -0.3420E+01  -0.2565E+01
 -0.9804E+00  -0.2565E+01  -0.2565E+01
 -0.8946E+00  -0.3420E+01  -0.1710E+01
 -0.3910E-01  -0.2565E+01  -0.1710E+01
  0.8064E+00  -0.3420E+01  -0.8550E+00
 -0.8522E+00  -0.2565E+01  -0.8550E+00
 -0.8373E+00  -0.3420E+01   0.0000E+00
 -0.9901E-02  -0.2565E+01   0.0000E+00
  0.8123E+00  -0.3420E+01   0.8550E+00
 -0.7573E+00  -0.2565E+01   0.8550E+00
 -0.7938E+00  -0.3420E+01   0.1710E+01
  0.9083E-01  -0.2565E+01   0.1710E+01
  0.8147E+00  -0.3420E+01   0.2565E+01
 -0.7653E+00  -0.2565E+01   0.2565E+01
 -0.9207E+00  -0.1710E+01  -0.3420E+01
  0.1253E+00  -0.8550E+00  -0.3420E+01
  0.7720E+00  -0.1710E+01  -0.2565E+01
 -0.7414E+00  -0.8550E+00  -0.2565E+01
 -0.8940E+00  -0.1710E+01  -0.1710E+01
  0.1230E+00  -0.8550E+00  -0.1710E+01
  0.7664E+00  -0.1710E+01  -0.8550E+00
 -0.7085E+00  -0.8550E+00  -0.8550E+00
 -0.5107E+00  -0.1710E+01   0.0000E+00
  0.1316E+00  -0.8550E+00   0.0000E+00
  0.7712E+00  -0.1710E+01   0.8550E+00
 -0.6849E+00  -0.8550E+00   0.8550E+00
  0.7957E-01  -0.1710E+01   0.1710E+01
  0.2354E+00  -0.8550E+00   0.1710E+01
  0.7739E+00  -0.1710E+01   0.2565E+01
 -0.6896E+00  -0.8550E+00   0.2565E+01
  0.1200E+00   0.0000E+00  -0.3420E+01
  0.2877E+00   0.8550E+00  -0.3420E+01
  0.8031E+00   0.0000E+00  -0.2565E+01
 -0.6329E+00   0.8550E+00  -0.2565E+01
  0.1325E+00   0.0000E+00  -0.1710E+01
  0.2880E+00   0.8550E+00  -0.1710E+01
  0.8141E+00   0.0000E+00  -0.8550E+00
 -0.6166E+00   0.8550E+00  -0.8550E+00
  0.1536E+00   0.0000E+00   0.0000E+00
  0.3003E+00   0.8550E+00   0.0000E+00
  0.8075E+00   0.0000E+00   0.8550E+00
 -0.6003E+00   0.8550E+00   0.8550E+00
  0.9560E-01   0.0000E+00   0.1710E+01
  0.2926E+00   0.8550E+00   0.1710E+01
  0.7953E+00   0.0000E+00   0.2565E+01
 -0.6071E+00   0.8550E+00   0.2565E+01
  0.1720E+00   0.1710E+01  -0.3420E+01
  0.1782E+00   0.2565E+01  -0.3420E+01
  0.8349E+00   0.1710E+01  -0.2565E+01
 -0.7090E+00   0.2565E+01  -0.2565E+01
  0.1703E+00   0.1710E+01  -0.1710E+01
  0.1598E+00   0.2565E+01  -0.1710E+01
  0.8363E+00   0.1710E+01  -0.8550E+00
 -0.6659E+00   0.2565E+01  -0.8550E+00
  0.1733E+00   0.1710E+01   0.0000E+00
  0.1879E+00   0.2565E+01   0.0000E+00
  0.8430E+00   0.1710E+01   0.8550E+00
 -0.6231E+00   0.2565E+01   0.8550E+00
  0.1797E+00   0.1710E+01   0.1710E+01
  0.2008E+00   0.2565E+01   0.1710E+01
  0.8414E+00   0.1710E+01   0.2565E+01
 -0.6227E+00   0.2565E+01   0.2565E+01
  0.1522E+01  -0.3420E+01  -0.3420E+01
  0.1682E+01  -0.2565E+01  -0.3420E+01
  0.2216E+01  -0.3420E+01  -0.2565E+01
  0.9497E+00  -0.2565E+01  -0.2565E+01
  0.1518E+01  -0.3420E+01  -0.1710E+01
  0.1682E+01  -0.2565E+01  -0.1710E+01
  0.2213E+01  -0.3420E+01  -0.8550E+00
  0.9432E+00  -0.2565E+01  -0.8550E+00
  0.1522E+01  -0.3420E+01   0.0000E+00
  0.1673E+01  -0.2565E+01   0.0000E+00
  0.2214E+01  -0.3420E+01   0.8550E+00
  0.9382E+00  -0.2565E+01   0.8550E+00
  0.1525E+01  -0.3420E+01   0.1710E+01
  0.1667E+01  -0.2565E+01   0.1710E+01
  0.2214E+01  -0.3420E+01   0.2565E+01
  0.9425E+00  -0.2565E+01   0.2565E+01
  0.1488E+01  -0.1710E+01  -0.3420E+01
  0.1650E+01  -0.8550E+00  -0.3420E+01
  0.2192E+01  -0.1710E+01  -0.2565E+01
  0.9429E+00  -0.8550E+00  -0.2565E+01
  0.1489E+01  -0.1710E+01  -0.1710E+01
  0.1651E+01  -0.8550E+00  -0.1710E+01
  0.2187E+01  -0.1710E+01  -0.8550E+00
  0.9436E+00  -0.8550E+00  -0.8550E+00
  0.1485E+01  -0.1710E+01   0.0000E+00
  0.1649E+01  -0.8550E+00   0.0000E+00
  0.2180E+01  -0.1710E+01   0.8550E+00
  0.9459E+00  -0.8550E+00   0.8550E+00
  0.1475E+01  -0.1710E+01   0.1710E+01
  0.1650E+01  -0.8550E+00   0.1710E+01
  0.2182E+01  -0.1710E+01   0.2565E+01
  0.9440E+00  -0.8550E+00   0.2565E+01
  0.1474E+01   0.0000E+00  -0.3420E+01
  0.1660E+01   0.8550E+00  -0.3420E+01
  0.2159E+01   0.0000E+00  -0.2565E+01
  0.9799E+00   0.8550E+00  -0.2565E+01
  0.1480E+01   0.0000E+00  -0.1710E+01
  0.1662E+01   0.8550E+00  -0.1710E+01
  0.2158E+01   0.0000E+00  -0.8550E+00
  0.9853E+00   0.8550E+00  -0.8550E+00
  0.1479E+01   0.0000E+00   0.0000E+00
  0.1664E+01   0.8550E+00   0.0000E+00
  0.2154E+01   0.0000E+00   0.8550E+00
  0.9870E+00   0.8550E+00   0.8550E+00
  0.1475E+01   0.0000E+00   0.1710E+01
  0.1663E+01   0.8550E+00   0.1710E+01
  0.2155E+01   0.0000E+00   0.2565E+01
  0.9815E+00   0.8550E+00   0.2565E+01
  0.1495E+01   0.1710E+01  -0.3420E+01
  0.1667E+01   0.2565E+01  -0.3420E+01
  0.2158E+01   0.1710E+01  -0.2565E+01
  0.9727E+00   0.2565E+01  -0.2565E+01
  0.1492E+01   0.1710E+01  -0.1710E+01
  0.1663E+01   0.2565E+01  -0.1710E+01
  0.2159E+01   0.1710E+01  -0.8550E+00
  0.9781E+00   0.2565E+01  -0.8550E+00
  0.1497E+01   0.1710E+01   0.0000E+00
  0.1672E+01   0.2565E+01   0.0000E+00
  0.2163E+01   0.1710E+01   0.8550E+00
  0.9897E+00   0.2565E+01   0.8550E+00
  0.1500E+01   0.1710E+01   0.1710E+01
  0.1677E+01   0.2565E+01   0.1710E+01
  0.2162E+01   0.1710E+01   0.2565E+01
  0.9861E+00   0.2565E+01   0.2565E+01
