      rx_fcc       ry_fcc       rz_fcc
  0.2443E+01  -0.3420E+01  -0.3420E+01
 -0.2495E+01  -0.2565E+01  -0.3420E+01
  0.3043E+01  -0.3420E+01  -0.2565E+01
 -0.3154E+01  -0.2565E+01  -0.2565E+01
  0.2456E+01  -0.3420E+01  -0.1710E+01
 -0.2485E+01  -0.2565E+01  -0.1710E+01
  0.3065E+01  -0.3420E+01  -0.8550E+00
 -0.3141E+01  -0.2565E+01  -0.8550E+00
  0.2457E+01  -0.3420E+01   0.0000E+00
 -0.2482E+01  -0.2565E+01   0.0000E+00
  0.3059E+01  -0.3420E+01   0.8550E+00
 -0.3151E+01  -0.2565E+01   0.8550E+00
  0.2441E+01  -0.3420E+01   0.1710E+01
 -0.2490E+01  -0.2565E+01   0.1710E+01
  0.3039E+01  -0.3420E+01   0.2565E+01
 -0.3159E+01  -0.2565E+01   0.2565E+01
  0.2454E+01  -0.1710E+01  -0.3420E+01
 -0.2487E+01  -0.8550E+00  -0.3420E+01
  0.3054E+01  -0.1710E+01  -0.2565E+01
 -0.3147E+01  -0.8550E+00  -0.2565E+01
  0.2460E+01  -0.1710E+01  -0.1710E+01
 -0.2487E+01  -0.8550E+00  -0.1710E+01
  0.3061E+01  -0.1710E+01  -0.8550E+00
 -0.3144E+01  -0.8550E+00  -0.8550E+00
  0.2459E+01  -0.1710E+01   0.0000E+00
 -0.2476E+01  -0.8550E+00   0.0000E+00
  0.3053E+01  -0.1710E+01   0.8550E+00
 -0.3143E+01  -0.8550E+00   0.8550E+00
  0.2462E+01  -0.1710E+01   0.1710E+01
 -0.2449E+01  -0.8550E+00   0.1710E+01
  0.3058E+01  -0.1710E+01   0.2565E+01
 -0.3127E+01  -0.8550E+00   0.2565E+01
  0.2468E+01   0.0000E+00  -0.3420E+01
 -0.2460E+01   0.8550E+00  -0.3420E+01
  0.3063E+01   0.0000E+00  -0.2565E+01
 -0.3137E+01   0.8550E+00  -0.2565E+01
  0.2464E+01   0.0000E+00  -0.1710E+01
 -0.2447E+01   0.8550E+00  -0.1710E+01
  0.3055E+01   0.0000E+00  -0.8550E+00
 -0.3129E+01   0.8550E+00  -0.8550E+00
  0.2458E+01   0.0000E+00   0.0000E+00
 -0.2463E+01   0.8550E+00   0.0000E+00
  0.3052E+01   0.0000E+00   0.8550E+00
 -0.3141E+01   0.8550E+00   0.8550E+00
  0.2456E+01   0.0000E+00   0.1710E+01
 -0.2435E+01   0.8550E+00   0.1710E+01
  0.3055E+01   0.0000E+00   0.2565E+01
 -0.3103E+01   0.8550E+00   0.2565E+01
  0.2461E+01   0.1710E+01  -0.3420E+01
 -0.2465E+01   0.2565E+01  -0.3420E+01
  0.3059E+01   0.1710E+01  -0.2565E+01
 -0.3119E+01   0.2565E+01  -0.2565E+01
  0.2469E+01   0.1710E+01  -0.1710E+01
 -0.2455E+01   0.2565E+01  -0.1710E+01
  0.3057E+01   0.1710E+01  -0.8550E+00
 -0.3119E+01   0.2565E+01  -0.8550E+00
  0.2452E+01   0.1710E+01   0.0000E+00
 -0.2430E+01   0.2565E+01   0.0000E+00
  0.3053E+01   0.1710E+01   0.8550E+00
 -0.3108E+01   0.2565E+01   0.8550E+00
  0.2456E+01   0.1710E+01   0.1710E+01
 -0.2437E+01   0.2565E+01   0.1710E+01
  0.3046E+01   0.1710E+01   0.2565E+01
 -0.3113E+01   0.2565E+01   0.2565E+01
 -0.3195E+01  -0.3420E+01  -0.3420E+01
 -0.1112E+01  -0.2565E+01  -0.3420E+01
 -0.2556E+01  -0.3420E+01  -0.2565E+01
 -0.1788E+01  -0.2565E+01  -0.2565E+01
 -0.3198E+01  -0.3420E+01  -0.1710E+01
 -0.1105E+01  -0.2565E+01  -0.1710E+01
 -0.2555E+01  -0.3420E+01  -0.8550E+00
 -0.1795E+01  -0.2565E+01  -0.8550E+00
 -0.3199E+01  -0.3420E+01   0.0000E+00
 -0.1169E+01  -0.2565E+01   0.0000E+00
 -0.2548E+01  -0.3420E+01   0.8550E+00
 -0.1807E+01  -0.2565E+01   0.8550E+00
 -0.3194E+01  -0.3420E+01   0.1710E+01
 -0.1174E+01  -0.2565E+01   0.1710E+01
 -0.2547E+01  -0.3420E+01   0.2565E+01
 -0.1796E+01  -0.2565E+01   0.2565E+01
 -0.3169E+01  -0.1710E+01  -0.3420E+01
 -0.1098E+01  -0.8550E+00  -0.3420E+01
 -0.2506E+01  -0.1710E+01  -0.2565E+01
 -0.1778E+01  -0.8550E+00  -0.2565E+01
 -0.3160E+01  -0.1710E+01  -0.1710E+01
 -0.1088E+01  -0.8550E+00  -0.1710E+01
 -0.2508E+01  -0.1710E+01  -0.8550E+00
 -0.1760E+01  -0.8550E+00  -0.8550E+00
 -0.3159E+01  -0.1710E+01   0.0000E+00
 -0.1061E+01  -0.8550E+00   0.0000E+00
 -0.2509E+01  -0.1710E+01   0.8550E+00
 -0.1735E+01  -0.8550E+00   0.8550E+00
 -0.3157E+01  -0.1710E+01   0.1710E+01
 -0.1045E+01  -0.8550E+00   0.1710E+01
 -0.2503E+01  -0.1710E+01   0.2565E+01
 -0.1736E+01  -0.8550E+00   0.2565E+01
 -0.3150E+01   0.0000E+00  -0.3420E+01
 -0.9984E+00   0.8550E+00  -0.3420E+01
 -0.2491E+01   0.0000E+00  -0.2565E+01
 -0.1727E+01   0.8550E+00  -0.2565E+01
 -0.3145E+01   0.0000E+00  -0.1710E+01
 -0.9984E+00   0.8550E+00  -0.1710E+01
 -0.2470E+01   0.0000E+00  -0.8550E+00
 -0.1725E+01   0.8550E+00  -0.8550E+00
 -0.3153E+01   0.0000E+00   0.0000E+00
 -0.1008E+01   0.8550E+00   0.0000E+00
 -0.2482E+01   0.0000E+00   0.8550E+00
 -0.1725E+01   0.8550E+00   0.8550E+00
 -0.3147E+01   0.0000E+00   0.1710E+01
 -0.9626E+00   0.8550E+00   0.1710E+01
 -0.2476E+01   0.0000E+00   0.2565E+01
 -0.1709E+01   0.8550E+00   0.2565E+01
 -0.3162E+01   0.1710E+01  -0.3420E+01
 -0.1009E+01   0.2565E+01  -0.3420E+01
 -0.2497E+01   0.1710E+01  -0.2565E+01
 -0.1728E+01   0.2565E+01  -0.2565E+01
 -0.3162E+01   0.1710E+01  -0.1710E+01
 -0.9243E+00   0.2565E+01  -0.1710E+01
 -0.2486E+01   0.1710E+01  -0.8550E+00
 -0.1718E+01   0.2565E+01  -0.8550E+00
 -0.3148E+01   0.1710E+01   0.0000E+00
 -0.9446E+00   0.2565E+01   0.0000E+00
 -0.2480E+01   0.1710E+01   0.8550E+00
 -0.1720E+01   0.2565E+01   0.8550E+00
 -0.3147E+01   0.1710E+01   0.1710E+01
 -0.9421E+00   0.2565E+01   0.1710E+01
 -0.2470E+01   0.1710E+01   0.2565E+01
 -0.1736E+01   0.2565E+01   0.2565E+01
 -0.1831E+01  -0.3420E+01  -0.3420E+01
  0.1872E+01  -0.2565E+01  -0.3420E+01
  0.4485E+00  -0.3420E+01  -0.2565E+01
  0.1224E+01  -0.2565E+01  -0.2565E+01
 -0.1803E+01  -0.3420E+01  -0.1710E+01
  0.1877E+01  -0.2565E+01  -0.1710E+01
  0.5005E+00  -0.3420E+01  -0.8550E+00
  0.1227E+01  -0.2565E+01  -0.8550E+00
 -0.2027E+00  -0.3420E+01   0.0000E+00
  0.1874E+01  -0.2565E+01   0.0000E+00
  0.5208E+00  -0.3420E+01   0.8550E+00
  0.1233E+01  -0.2565E+01   0.8550E+00
 -0.1983E+00  -0.3420E+01   0.1710E+01
  0.1891E+01  -0.2565E+01   0.1710E+01
  0.5061E+00  -0.3420E+01   0.2565E+01
  0.1243E+01  -0.2565E+01   0.2565E+01
 -0.1784E+01  -0.1710E+01  -0.3420E+01
  0.1900E+01  -0.8550E+00  -0.3420E+01
  0.5116E+00  -0.1710E+01  -0.2565E+01
  0.1247E+01  -0.8550E+00  -0.2565E+01
 -0.1777E+01  -0.1710E+01  -0.1710E+01
  0.1905E+01  -0.8550E+00  -0.1710E+01
  0.5486E+00  -0.1710E+01  -0.8550E+00
  0.1267E+01  -0.8550E+00  -0.8550E+00
 -0.1497E+00  -0.1710E+01   0.0000E+00
  0.1903E+01  -0.8550E+00   0.0000E+00
  0.5438E+00  -0.1710E+01   0.8550E+00
  0.1259E+01  -0.8550E+00   0.8550E+00
 -0.1612E+00  -0.1710E+01   0.1710E+01
  0.1900E+01  -0.8550E+00   0.1710E+01
  0.5286E+00  -0.1710E+01   0.2565E+01
  0.1252E+01  -0.8550E+00   0.2565E+01
 -0.1304E+00   0.0000E+00  -0.3420E+01
  0.1907E+01   0.8550E+00  -0.3420E+01
  0.5729E+00   0.0000E+00  -0.2565E+01
  0.1253E+01   0.8550E+00  -0.2565E+01
 -0.7958E-01   0.0000E+00  -0.1710E+01
  0.1897E+01   0.8550E+00  -0.1710E+01
  0.6128E+00   0.0000E+00  -0.8550E+00
  0.1266E+01   0.8550E+00  -0.8550E+00
 -0.6781E-01   0.0000E+00   0.0000E+00
  0.1893E+01   0.8550E+00   0.0000E+00
  0.6073E+00   0.0000E+00   0.8550E+00
  0.1241E+01   0.8550E+00   0.8550E+00
 -0.5248E-01   0.0000E+00   0.1710E+01
  0.1873E+01   0.8550E+00   0.1710E+01
  0.6162E+00   0.0000E+00   0.2565E+01
  0.1243E+01   0.8550E+00   0.2565E+01
 -0.7149E-01   0.1710E+01  -0.3420E+01
  0.1852E+01   0.2565E+01  -0.3420E+01
  0.5994E+00   0.1710E+01  -0.2565E+01
  0.1197E+01   0.2565E+01  -0.2565E+01
 -0.5788E-01   0.1710E+01  -0.1710E+01
  0.1846E+01   0.2565E+01  -0.1710E+01
  0.6245E+00   0.1710E+01  -0.8550E+00
  0.1198E+01   0.2565E+01  -0.8550E+00
 -0.4208E-01   0.1710E+01   0.0000E+00
  0.1848E+01   0.2565E+01   0.0000E+00
  0.6231E+00   0.1710E+01   0.8550E+00
  0.1184E+01   0.2565E+01   0.8550E+00
 -0.5845E-01   0.1710E+01   0.1710E+01
  0.1840E+01   0.2565E+01   0.1710E+01
  0.6085E+00   0.1710E+01   0.2565E+01
  0.1177E+01   0.2565E+01   0.2565E+01
  0.1210E+01  -0.3420E+01  -0.3420E+01
  0.3069E+01  -0.2565E+01  -0.3420E+01
  0.1889E+01  -0.3420E+01  -0.2565E+01
  0.2463E+01  -0.2565E+01  -0.2565E+01
  0.1235E+01  -0.3420E+01  -0.1710E+01
  0.3068E+01  -0.2565E+01  -0.1710E+01
  0.1891E+01  -0.3420E+01  -0.8550E+00
  0.2462E+01  -0.2565E+01  -0.8550E+00
  0.1239E+01  -0.3420E+01   0.0000E+00
  0.3071E+01  -0.2565E+01   0.0000E+00
  0.1898E+01  -0.3420E+01   0.8550E+00
  0.2466E+01  -0.2565E+01   0.8550E+00
  0.1285E+01  -0.3420E+01   0.1710E+01
  0.3086E+01  -0.2565E+01   0.1710E+01
  0.1928E+01  -0.3420E+01   0.2565E+01
  0.2477E+01  -0.2565E+01   0.2565E+01
  0.1306E+01  -0.1710E+01  -0.3420E+01
  0.3093E+01  -0.8550E+00  -0.3420E+01
  0.1938E+01  -0.1710E+01  -0.2565E+01
  0.2486E+01  -0.8550E+00  -0.2565E+01
  0.1310E+01  -0.1710E+01  -0.1710E+01
  0.3091E+01  -0.8550E+00  -0.1710E+01
  0.1940E+01  -0.1710E+01  -0.8550E+00
  0.2482E+01  -0.8550E+00  -0.8550E+00
  0.1304E+01  -0.1710E+01   0.0000E+00
  0.3082E+01  -0.8550E+00   0.0000E+00
  0.1950E+01  -0.1710E+01   0.8550E+00
  0.2482E+01  -0.8550E+00   0.8550E+00
  0.1324E+01  -0.1710E+01   0.1710E+01
  0.3086E+01  -0.8550E+00   0.1710E+01
  0.1949E+01  -0.1710E+01   0.2565E+01
  0.2482E+01  -0.8550E+00   0.2565E+01
  0.1354E+01   0.0000E+00  -0.3420E+01
  0.3088E+01   0.8550E+00  -0.3420E+01
  0.1962E+01   0.0000E+00  -0.2565E+01
  0.2487E+01   0.8550E+00  -0.2565E+01
  0.1351E+01   0.0000E+00  -0.1710E+01
  0.3084E+01   0.8550E+00  -0.1710E+01
  0.1959E+01   0.0000E+00  -0.8550E+00
  0.2483E+01   0.8550E+00  -0.8550E+00
  0.1332E+01   0.0000E+00   0.0000E+00
  0.3081E+01   0.8550E+00   0.0000E+00
  0.1945E+01   0.0000E+00   0.8550E+00
  0.2482E+01   0.8550E+00   0.8550E+00
  0.1343E+01   0.0000E+00   0.1710E+01
  0.3068E+01   0.8550E+00   0.1710E+01
  0.1953E+01   0.0000E+00   0.2565E+01
  0.2467E+01   0.8550E+00   0.2565E+01
  0.1350E+01   0.1710E+01  -0.3420E+01
  0.3067E+01   0.2565E+01  -0.3420E+01
  0.1959E+01   0.1710E+01  -0.2565E+01
  0.2456E+01   0.2565E+01  -0.2565E+01
  0.1335E+01   0.1710E+01  -0.1710E+01
  0.3063E+01   0.2565E+01  -0.1710E+01
  0.1939E+01   0.1710E+01  -0.8550E+00
  0.2464E+01   0.2565E+01  -0.8550E+00
  0.1358E+01   0.1710E+01   0.0000E+00
  0.3074E+01   0.2565E+01   0.0000E+00
  0.1965E+01   0.1710E+01   0.8550E+00
  0.2480E+01   0.2565E+01   0.8550E+00
  0.1363E+01   0.1710E+01   0.1710E+01
  0.3084E+01   0.2565E+01   0.1710E+01
  0.1967E+01   0.1710E+01   0.2565E+01
  0.2484E+01   0.2565E+01   0.2565E+01
