      rx_fcc       ry_fcc       rz_fcc
  0.2514E+01  -0.3420E+01  -0.3420E+01
 -0.9021E+00  -0.2565E+01  -0.3420E+01
  0.3247E+01  -0.3420E+01  -0.2565E+01
 -0.1587E+01  -0.2565E+01  -0.2565E+01
  0.2514E+01  -0.3420E+01  -0.1710E+01
 -0.9031E+00  -0.2565E+01  -0.1710E+01
  0.3232E+01  -0.3420E+01  -0.8550E+00
 -0.1574E+01  -0.2565E+01  -0.8550E+00
  0.2503E+01  -0.3420E+01   0.0000E+00
 -0.8122E+00  -0.2565E+01   0.0000E+00
  0.3217E+01  -0.3420E+01   0.8550E+00
 -0.1557E+01  -0.2565E+01   0.8550E+00
  0.2502E+01  -0.3420E+01   0.1710E+01
 -0.8129E+00  -0.2565E+01   0.1710E+01
  0.3231E+01  -0.3420E+01   0.2565E+01
 -0.1573E+01  -0.2565E+01   0.2565E+01
  0.2309E+01  -0.1710E+01  -0.3420E+01
 -0.7300E+00  -0.8550E+00  -0.3420E+01
  0.2972E+01  -0.1710E+01  -0.2565E+01
 -0.1431E+01  -0.8550E+00  -0.2565E+01
  0.2309E+01  -0.1710E+01  -0.1710E+01
 -0.7306E+00  -0.8550E+00  -0.1710E+01
  0.2959E+01  -0.1710E+01  -0.8550E+00
 -0.1418E+01  -0.8550E+00  -0.8550E+00
  0.2305E+01  -0.1710E+01   0.0000E+00
 -0.6093E+00  -0.8550E+00   0.0000E+00
  0.2948E+01  -0.1710E+01   0.8550E+00
 -0.1404E+01  -0.8550E+00   0.8550E+00
  0.2305E+01  -0.1710E+01   0.1710E+01
 -0.6078E+00  -0.8550E+00   0.1710E+01
  0.2958E+01  -0.1710E+01   0.2565E+01
 -0.1417E+01  -0.8550E+00   0.2565E+01
  0.2324E+01   0.0000E+00  -0.3420E+01
 -0.9007E+00   0.8550E+00  -0.3420E+01
  0.2915E+01   0.0000E+00  -0.2565E+01
 -0.1596E+01   0.8550E+00  -0.2565E+01
  0.2323E+01   0.0000E+00  -0.1710E+01
 -0.9011E+00   0.8550E+00  -0.1710E+01
  0.2916E+01   0.0000E+00  -0.8550E+00
 -0.1599E+01   0.8550E+00  -0.8550E+00
  0.2327E+01   0.0000E+00   0.0000E+00
 -0.9020E+00   0.8550E+00   0.0000E+00
  0.2917E+01   0.0000E+00   0.8550E+00
 -0.1600E+01   0.8550E+00   0.8550E+00
  0.2327E+01   0.0000E+00   0.1710E+01
 -0.9009E+00   0.8550E+00   0.1710E+01
  0.2916E+01   0.0000E+00   0.2565E+01
 -0.1598E+01   0.8550E+00   0.2565E+01
  0.2559E+01   0.1710E+01  -0.3420E+01
 -0.1056E+01   0.2565E+01  -0.3420E+01
  0.3201E+01   0.1710E+01  -0.2565E+01
 -0.1738E+01   0.2565E+01  -0.2565E+01
  0.2559E+01   0.1710E+01  -0.1710E+01
 -0.1057E+01   0.2565E+01  -0.1710E+01
  0.3199E+01   0.1710E+01  -0.8550E+00
 -0.1740E+01   0.2565E+01  -0.8550E+00
  0.2559E+01   0.1710E+01   0.0000E+00
 -0.1084E+01   0.2565E+01   0.0000E+00
  0.3197E+01   0.1710E+01   0.8550E+00
 -0.1740E+01   0.2565E+01   0.8550E+00
  0.2558E+01   0.1710E+01   0.1710E+01
 -0.1081E+01   0.2565E+01   0.1710E+01
  0.3198E+01   0.1710E+01   0.2565E+01
 -0.1739E+01   0.2565E+01   0.2565E+01
 -0.2826E+01  -0.3420E+01  -0.3420E+01
  0.4845E+00  -0.2565E+01  -0.3420E+01
 -0.2046E+01  -0.3420E+01  -0.2565E+01
 -0.1970E+00  -0.2565E+01  -0.2565E+01
 -0.2825E+01  -0.3420E+01  -0.1710E+01
  0.4840E+00  -0.2565E+01  -0.1710E+01
 -0.2079E+01  -0.3420E+01  -0.8550E+00
 -0.1879E+00  -0.2565E+01  -0.8550E+00
 -0.2864E+01  -0.3420E+01   0.0000E+00
  0.4860E+00  -0.2565E+01   0.0000E+00
 -0.2113E+01  -0.3420E+01   0.8550E+00
 -0.1797E+00  -0.2565E+01   0.8550E+00
 -0.2864E+01  -0.3420E+01   0.1710E+01
  0.4873E+00  -0.2565E+01   0.1710E+01
 -0.2078E+01  -0.3420E+01   0.2565E+01
 -0.1874E+00  -0.2565E+01   0.2565E+01
 -0.3106E+01  -0.1710E+01  -0.3420E+01
  0.7122E+00  -0.8550E+00  -0.3420E+01
 -0.2286E+01  -0.1710E+01  -0.2565E+01
  0.1577E-01  -0.8550E+00  -0.2565E+01
 -0.3106E+01  -0.1710E+01  -0.1710E+01
  0.7112E+00  -0.8550E+00  -0.1710E+01
 -0.2332E+01  -0.1710E+01  -0.8550E+00
  0.2620E-01  -0.8550E+00  -0.8550E+00
 -0.3151E+01  -0.1710E+01   0.0000E+00
  0.7219E+00  -0.8550E+00   0.0000E+00
 -0.2385E+01  -0.1710E+01   0.8550E+00
  0.3767E-01  -0.8550E+00   0.8550E+00
 -0.3151E+01  -0.1710E+01   0.1710E+01
  0.7234E+00  -0.8550E+00   0.1710E+01
 -0.2332E+01  -0.1710E+01   0.2565E+01
  0.2764E-01  -0.8550E+00   0.2565E+01
 -0.3266E+01   0.0000E+00  -0.3420E+01
  0.4279E+00   0.8550E+00  -0.3420E+01
 -0.2517E+01   0.0000E+00  -0.2565E+01
 -0.2502E+00   0.8550E+00  -0.2565E+01
 -0.3266E+01   0.0000E+00  -0.1710E+01
  0.4276E+00   0.8550E+00  -0.1710E+01
 -0.2522E+01   0.0000E+00  -0.8550E+00
 -0.2530E+00   0.8550E+00  -0.8550E+00
 -0.3267E+01   0.0000E+00   0.0000E+00
  0.4220E+00   0.8550E+00   0.0000E+00
 -0.2525E+01   0.0000E+00   0.8550E+00
 -0.2549E+00   0.8550E+00   0.8550E+00
 -0.3267E+01   0.0000E+00   0.1710E+01
  0.4226E+00   0.8550E+00   0.1710E+01
 -0.2522E+01   0.0000E+00   0.2565E+01
 -0.2522E+00   0.8550E+00   0.2565E+01
 -0.2981E+01   0.1710E+01  -0.3420E+01
  0.2692E+00   0.2565E+01  -0.3420E+01
 -0.2256E+01   0.1710E+01  -0.2565E+01
 -0.4391E+00   0.2565E+01  -0.2565E+01
 -0.2980E+01   0.1710E+01  -0.1710E+01
  0.2683E+00   0.2565E+01  -0.1710E+01
 -0.2263E+01   0.1710E+01  -0.8550E+00
 -0.4377E+00   0.2565E+01  -0.8550E+00
 -0.2989E+01   0.1710E+01   0.0000E+00
  0.2618E+00   0.2565E+01   0.0000E+00
 -0.2270E+01   0.1710E+01   0.8550E+00
 -0.4335E+00   0.2565E+01   0.8550E+00
 -0.2990E+01   0.1710E+01   0.1710E+01
  0.2632E+00   0.2565E+01   0.1710E+01
 -0.2265E+01   0.1710E+01   0.2565E+01
 -0.4354E+00   0.2565E+01   0.2565E+01
 -0.1241E+01  -0.3420E+01  -0.3420E+01
  0.3313E+01  -0.2565E+01  -0.3420E+01
  0.3442E+00  -0.3420E+01  -0.2565E+01
  0.2635E+01  -0.2565E+01  -0.2565E+01
 -0.1245E+01  -0.3420E+01  -0.1710E+01
  0.3312E+01  -0.2565E+01  -0.1710E+01
  0.3439E+00  -0.3420E+01  -0.8550E+00
  0.2644E+01  -0.2565E+01  -0.8550E+00
 -0.3410E+00  -0.3420E+01   0.0000E+00
  0.3326E+01  -0.2565E+01   0.0000E+00
  0.3498E+00  -0.3420E+01   0.8550E+00
  0.2650E+01  -0.2565E+01   0.8550E+00
 -0.3337E+00  -0.3420E+01   0.1710E+01
  0.3327E+01  -0.2565E+01   0.1710E+01
  0.3467E+00  -0.3420E+01   0.2565E+01
  0.2646E+01  -0.2565E+01   0.2565E+01
 -0.1435E+01  -0.1710E+01  -0.3420E+01
 -0.3350E+01  -0.8550E+00  -0.3420E+01
  0.9585E-01  -0.1710E+01  -0.2565E+01
  0.2789E+01  -0.8550E+00  -0.2565E+01
 -0.1434E+01  -0.1710E+01  -0.1710E+01
 -0.3352E+01  -0.8550E+00  -0.1710E+01
  0.1121E+00  -0.1710E+01  -0.8550E+00
  0.2804E+01  -0.8550E+00  -0.8550E+00
 -0.5719E+00  -0.1710E+01   0.0000E+00
 -0.3320E+01  -0.8550E+00   0.0000E+00
  0.1218E+00  -0.1710E+01   0.8550E+00
  0.2823E+01  -0.8550E+00   0.8550E+00
 -0.5694E+00  -0.1710E+01   0.1710E+01
 -0.3318E+01  -0.8550E+00   0.1710E+01
  0.1136E+00  -0.1710E+01   0.2565E+01
  0.2810E+01  -0.8550E+00   0.2565E+01
 -0.2944E+00   0.0000E+00  -0.3420E+01
  0.3313E+01   0.8550E+00  -0.3420E+01
  0.3378E+00   0.0000E+00  -0.2565E+01
  0.2612E+01   0.8550E+00  -0.2565E+01
 -0.2939E+00   0.0000E+00  -0.1710E+01
  0.3313E+01   0.8550E+00  -0.1710E+01
  0.3303E+00   0.0000E+00  -0.8550E+00
  0.2610E+01   0.8550E+00  -0.8550E+00
 -0.3335E+00   0.0000E+00   0.0000E+00
  0.3311E+01   0.8550E+00   0.0000E+00
  0.3212E+00   0.0000E+00   0.8550E+00
  0.2608E+01   0.8550E+00   0.8550E+00
 -0.3359E+00   0.0000E+00   0.1710E+01
  0.3312E+01   0.8550E+00   0.1710E+01
  0.3291E+00   0.0000E+00   0.2565E+01
  0.2611E+01   0.8550E+00   0.2565E+01
 -0.3346E-01   0.1710E+01  -0.3420E+01
  0.3189E+01   0.2565E+01  -0.3420E+01
  0.6318E+00   0.1710E+01  -0.2565E+01
  0.2536E+01   0.2565E+01  -0.2565E+01
 -0.3272E-01   0.1710E+01  -0.1710E+01
  0.3189E+01   0.2565E+01  -0.1710E+01
  0.6304E+00   0.1710E+01  -0.8550E+00
  0.2533E+01   0.2565E+01  -0.8550E+00
 -0.4540E-01   0.1710E+01   0.0000E+00
  0.3189E+01   0.2565E+01   0.0000E+00
  0.6262E+00   0.1710E+01   0.8550E+00
  0.2531E+01   0.2565E+01   0.8550E+00
 -0.4870E-01   0.1710E+01   0.1710E+01
  0.3190E+01   0.2565E+01   0.1710E+01
  0.6281E+00   0.1710E+01   0.2565E+01
  0.2533E+01   0.2565E+01   0.2565E+01
  0.1036E+01  -0.3420E+01  -0.3420E+01
 -0.2243E+01  -0.2565E+01  -0.3420E+01
  0.1794E+01  -0.3420E+01  -0.2565E+01
 -0.2886E+01  -0.2565E+01  -0.2565E+01
  0.1036E+01  -0.3420E+01  -0.1710E+01
 -0.2243E+01  -0.2565E+01  -0.1710E+01
  0.1785E+01  -0.3420E+01  -0.8550E+00
 -0.2882E+01  -0.2565E+01  -0.8550E+00
  0.1015E+01  -0.3420E+01   0.0000E+00
 -0.2226E+01  -0.2565E+01   0.0000E+00
  0.1775E+01  -0.3420E+01   0.8550E+00
 -0.2877E+01  -0.2565E+01   0.8550E+00
  0.1015E+01  -0.3420E+01   0.1710E+01
 -0.2226E+01  -0.2565E+01   0.1710E+01
  0.1784E+01  -0.3420E+01   0.2565E+01
 -0.2882E+01  -0.2565E+01   0.2565E+01
  0.7886E+00  -0.1710E+01  -0.3420E+01
 -0.2104E+01  -0.8550E+00  -0.3420E+01
  0.1606E+01  -0.1710E+01  -0.2565E+01
 -0.2723E+01  -0.8550E+00  -0.2565E+01
  0.7881E+00  -0.1710E+01  -0.1710E+01
 -0.2105E+01  -0.8550E+00  -0.1710E+01
  0.1602E+01  -0.1710E+01  -0.8550E+00
 -0.2704E+01  -0.8550E+00  -0.8550E+00
  0.7729E+00  -0.1710E+01   0.0000E+00
 -0.2082E+01  -0.8550E+00   0.0000E+00
  0.1597E+01  -0.1710E+01   0.8550E+00
 -0.2682E+01  -0.8550E+00   0.8550E+00
  0.7731E+00  -0.1710E+01   0.1710E+01
 -0.2081E+01  -0.8550E+00   0.1710E+01
  0.1602E+01  -0.1710E+01   0.2565E+01
 -0.2702E+01  -0.8550E+00   0.2565E+01
  0.9438E+00   0.0000E+00  -0.3420E+01
 -0.2263E+01   0.8550E+00  -0.3420E+01
  0.1663E+01   0.0000E+00  -0.2565E+01
 -0.2899E+01   0.8550E+00  -0.2565E+01
  0.9443E+00   0.0000E+00  -0.1710E+01
 -0.2264E+01   0.8550E+00  -0.1710E+01
  0.1664E+01   0.0000E+00  -0.8550E+00
 -0.2901E+01   0.8550E+00  -0.8550E+00
  0.9425E+00   0.0000E+00   0.0000E+00
 -0.2266E+01   0.8550E+00   0.0000E+00
  0.1666E+01   0.0000E+00   0.8550E+00
 -0.2902E+01   0.8550E+00   0.8550E+00
  0.9419E+00   0.0000E+00   0.1710E+01
 -0.2266E+01   0.8550E+00   0.1710E+01
  0.1664E+01   0.0000E+00   0.2565E+01
 -0.2900E+01   0.8550E+00   0.2565E+01
  0.1247E+01   0.1710E+01  -0.3420E+01
 -0.2400E+01   0.2565E+01  -0.3420E+01
  0.1908E+01   0.1710E+01  -0.2565E+01
 -0.3033E+01   0.2565E+01  -0.2565E+01
  0.1248E+01   0.1710E+01  -0.1710E+01
 -0.2400E+01   0.2565E+01  -0.1710E+01
  0.1909E+01   0.1710E+01  -0.8550E+00
 -0.3034E+01   0.2565E+01  -0.8550E+00
  0.1249E+01   0.1710E+01   0.0000E+00
 -0.2401E+01   0.2565E+01   0.0000E+00
  0.1910E+01   0.1710E+01   0.8550E+00
 -0.3035E+01   0.2565E+01   0.8550E+00
  0.1247E+01   0.1710E+01   0.1710E+01
 -0.2400E+01   0.2565E+01   0.1710E+01
  0.1909E+01   0.1710E+01   0.2565E+01
 -0.3034E+01   0.2565E+01   0.2565E+01
