      rx_fcc       ry_fcc       rz_fcc
  0.1900E+01  -0.3420E+01  -0.3420E+01
  0.2768E+01  -0.2565E+01  -0.3420E+01
  0.2596E+01  -0.3420E+01  -0.2565E+01
  0.2046E+01  -0.2565E+01  -0.2565E+01
  0.1897E+01  -0.3420E+01  -0.1710E+01
  0.2784E+01  -0.2565E+01  -0.1710E+01
  0.2577E+01  -0.3420E+01  -0.8550E+00
  0.2033E+01  -0.2565E+01  -0.8550E+00
  0.1860E+01  -0.3420E+01   0.0000E+00
  0.2765E+01  -0.2565E+01   0.0000E+00
  0.2549E+01  -0.3420E+01   0.8550E+00
  0.2018E+01  -0.2565E+01   0.8550E+00
  0.1873E+01  -0.3420E+01   0.1710E+01
  0.2764E+01  -0.2565E+01   0.1710E+01
  0.2555E+01  -0.3420E+01   0.2565E+01
  0.1998E+01  -0.2565E+01   0.2565E+01
  0.1854E+01  -0.1710E+01  -0.3420E+01
  0.2731E+01  -0.8550E+00  -0.3420E+01
  0.2570E+01  -0.1710E+01  -0.2565E+01
  0.1995E+01  -0.8550E+00  -0.2565E+01
  0.1829E+01  -0.1710E+01  -0.1710E+01
  0.2713E+01  -0.8550E+00  -0.1710E+01
  0.2538E+01  -0.1710E+01  -0.8550E+00
  0.1984E+01  -0.8550E+00  -0.8550E+00
  0.1845E+01  -0.1710E+01   0.0000E+00
  0.2717E+01  -0.8550E+00   0.0000E+00
  0.2545E+01  -0.1710E+01   0.8550E+00
  0.1961E+01  -0.8550E+00   0.8550E+00
  0.1844E+01  -0.1710E+01   0.1710E+01
  0.2657E+01  -0.8550E+00   0.1710E+01
  0.2543E+01  -0.1710E+01   0.2565E+01
  0.1949E+01  -0.8550E+00   0.2565E+01
  0.1867E+01   0.0000E+00  -0.3420E+01
  0.2670E+01   0.8550E+00  -0.3420E+01
  0.2547E+01   0.0000E+00  -0.2565E+01
  0.1975E+01   0.8550E+00  -0.2565E+01
  0.1866E+01   0.0000E+00  -0.1710E+01
  0.2686E+01   0.8550E+00  -0.1710E+01
  0.2553E+01   0.0000E+00  -0.8550E+00
  0.1985E+01   0.8550E+00  -0.8550E+00
  0.1888E+01   0.0000E+00   0.0000E+00
  0.2693E+01   0.8550E+00   0.0000E+00
  0.2566E+01   0.0000E+00   0.8550E+00
  0.1998E+01   0.8550E+00   0.8550E+00
  0.1882E+01   0.0000E+00   0.1710E+01
  0.2676E+01   0.8550E+00   0.1710E+01
  0.2557E+01   0.0000E+00   0.2565E+01
  0.1985E+01   0.8550E+00   0.2565E+01
  0.1899E+01   0.1710E+01  -0.3420E+01
  0.2684E+01   0.2565E+01  -0.3420E+01
  0.2574E+01   0.1710E+01  -0.2565E+01
  0.1973E+01   0.2565E+01  -0.2565E+01
  0.1903E+01   0.1710E+01  -0.1710E+01
  0.2688E+01   0.2565E+01  -0.1710E+01
  0.2582E+01   0.1710E+01  -0.8550E+00
  0.1978E+01   0.2565E+01  -0.8550E+00
  0.1928E+01   0.1710E+01   0.0000E+00
  0.2726E+01   0.2565E+01   0.0000E+00
  0.2601E+01   0.1710E+01   0.8550E+00
  0.1986E+01   0.2565E+01   0.8550E+00
  0.1917E+01   0.1710E+01   0.1710E+01
  0.2701E+01   0.2565E+01   0.1710E+01
  0.2580E+01   0.1710E+01   0.2565E+01
  0.1964E+01   0.2565E+01   0.2565E+01
  0.3307E+01  -0.3420E+01  -0.3420E+01
 -0.2643E+01  -0.2565E+01  -0.3420E+01
 -0.2787E+01  -0.3420E+01  -0.2565E+01
 -0.3416E+01  -0.2565E+01  -0.2565E+01
  0.3311E+01  -0.3420E+01  -0.1710E+01
 -0.2594E+01  -0.2565E+01  -0.1710E+01
 -0.2763E+01  -0.3420E+01  -0.8550E+00
 -0.3398E+01  -0.2565E+01  -0.8550E+00
  0.3315E+01  -0.3420E+01   0.0000E+00
 -0.2618E+01  -0.2565E+01   0.0000E+00
 -0.2721E+01  -0.3420E+01   0.8550E+00
 -0.3401E+01  -0.2565E+01   0.8550E+00
  0.3342E+01  -0.3420E+01   0.1710E+01
 -0.2597E+01  -0.2565E+01   0.1710E+01
 -0.2693E+01  -0.3420E+01   0.2565E+01
 -0.3377E+01  -0.2565E+01   0.2565E+01
  0.3322E+01  -0.1710E+01  -0.3420E+01
 -0.2646E+01  -0.8550E+00  -0.3420E+01
 -0.2774E+01  -0.1710E+01  -0.2565E+01
 -0.3398E+01  -0.8550E+00  -0.2565E+01
  0.3320E+01  -0.1710E+01  -0.1710E+01
 -0.2606E+01  -0.8550E+00  -0.1710E+01
 -0.2765E+01  -0.1710E+01  -0.8550E+00
 -0.3400E+01  -0.8550E+00  -0.8550E+00
  0.3306E+01  -0.1710E+01   0.0000E+00
 -0.2649E+01  -0.8550E+00   0.0000E+00
 -0.2830E+01  -0.1710E+01   0.8550E+00
  0.3406E+01  -0.8550E+00   0.8550E+00
  0.3279E+01  -0.1710E+01   0.1710E+01
 -0.2666E+01  -0.8550E+00   0.1710E+01
 -0.2779E+01  -0.1710E+01   0.2565E+01
  0.3415E+01  -0.8550E+00   0.2565E+01
  0.3311E+01   0.0000E+00  -0.3420E+01
 -0.2633E+01   0.8550E+00  -0.3420E+01
 -0.2789E+01   0.0000E+00  -0.2565E+01
 -0.3401E+01   0.8550E+00  -0.2565E+01
  0.3314E+01   0.0000E+00  -0.1710E+01
 -0.2569E+01   0.8550E+00  -0.1710E+01
 -0.2791E+01   0.0000E+00  -0.8550E+00
 -0.3389E+01   0.8550E+00  -0.8550E+00
  0.3305E+01   0.0000E+00   0.0000E+00
 -0.2573E+01   0.8550E+00   0.0000E+00
 -0.2813E+01   0.0000E+00   0.8550E+00
  0.3415E+01   0.8550E+00   0.8550E+00
  0.3292E+01   0.0000E+00   0.1710E+01
 -0.2698E+01   0.8550E+00   0.1710E+01
 -0.2849E+01   0.0000E+00   0.2565E+01
  0.3389E+01   0.8550E+00   0.2565E+01
  0.3299E+01   0.1710E+01  -0.3420E+01
 -0.2627E+01   0.2565E+01  -0.3420E+01
 -0.2820E+01   0.1710E+01  -0.2565E+01
  0.3412E+01   0.2565E+01  -0.2565E+01
  0.3307E+01   0.1710E+01  -0.1710E+01
 -0.2613E+01   0.2565E+01  -0.1710E+01
 -0.2801E+01   0.1710E+01  -0.8550E+00
 -0.3415E+01   0.2565E+01  -0.8550E+00
  0.3319E+01   0.1710E+01   0.0000E+00
 -0.2580E+01   0.2565E+01   0.0000E+00
 -0.2817E+01   0.1710E+01   0.8550E+00
 -0.3401E+01   0.2565E+01   0.8550E+00
  0.3330E+01   0.1710E+01   0.1710E+01
 -0.2596E+01   0.2565E+01   0.1710E+01
 -0.2807E+01   0.1710E+01   0.2565E+01
  0.3408E+01   0.2565E+01   0.2565E+01
 -0.1914E+01  -0.3420E+01  -0.3420E+01
 -0.2168E+00  -0.2565E+01  -0.3420E+01
 -0.3027E+00  -0.3420E+01  -0.2565E+01
 -0.1157E+01  -0.2565E+01  -0.2565E+01
 -0.1846E+01  -0.3420E+01  -0.1710E+01
 -0.1939E+00  -0.2565E+01  -0.1710E+01
 -0.2781E+00  -0.3420E+01  -0.8550E+00
 -0.1120E+01  -0.2565E+01  -0.8550E+00
 -0.1824E+01  -0.3420E+01   0.0000E+00
 -0.1826E+00  -0.2565E+01   0.0000E+00
 -0.2456E+00  -0.3420E+01   0.8550E+00
 -0.9765E+00  -0.2565E+01   0.8550E+00
 -0.1821E+01  -0.3420E+01   0.1710E+01
 -0.1368E+00  -0.2565E+01   0.1710E+01
 -0.2173E+00  -0.3420E+01   0.2565E+01
 -0.9477E+00  -0.2565E+01   0.2565E+01
 -0.1966E+01  -0.1710E+01  -0.3420E+01
 -0.1522E+00  -0.8550E+00  -0.3420E+01
 -0.3522E+00  -0.1710E+01  -0.2565E+01
 -0.9828E+00  -0.8550E+00  -0.2565E+01
 -0.1892E+01  -0.1710E+01  -0.1710E+01
 -0.1356E+00  -0.8550E+00  -0.1710E+01
 -0.3006E+00  -0.1710E+01  -0.8550E+00
 -0.8765E+00  -0.8550E+00  -0.8550E+00
 -0.1640E+01  -0.1710E+01   0.0000E+00
 -0.1026E+00  -0.8550E+00   0.0000E+00
 -0.2903E+00  -0.1710E+01   0.8550E+00
 -0.8623E+00  -0.8550E+00   0.8550E+00
 -0.1120E+01  -0.1710E+01   0.1710E+01
 -0.1183E+00  -0.8550E+00   0.1710E+01
 -0.2874E+00  -0.1710E+01   0.2565E+01
 -0.8697E+00  -0.8550E+00   0.2565E+01
 -0.1084E+01   0.0000E+00  -0.3420E+01
 -0.7716E-01   0.8550E+00  -0.3420E+01
 -0.2782E+00   0.0000E+00  -0.2565E+01
 -0.8312E+00   0.8550E+00  -0.2565E+01
 -0.1100E+01   0.0000E+00  -0.1710E+01
 -0.7602E-01   0.8550E+00  -0.1710E+01
 -0.1863E+00   0.0000E+00  -0.8550E+00
 -0.8034E+00   0.8550E+00  -0.8550E+00
 -0.9608E+00   0.0000E+00   0.0000E+00
 -0.6167E-01   0.8550E+00   0.0000E+00
 -0.1592E+00   0.0000E+00   0.8550E+00
 -0.7850E+00   0.8550E+00   0.8550E+00
 -0.9434E+00   0.0000E+00   0.1710E+01
 -0.5673E-01   0.8550E+00   0.1710E+01
 -0.1469E+00   0.0000E+00   0.2565E+01
 -0.7867E+00   0.8550E+00   0.2565E+01
 -0.8924E+00   0.1710E+01  -0.3420E+01
 -0.1137E+00   0.2565E+01  -0.3420E+01
 -0.1089E+00   0.1710E+01  -0.2565E+01
 -0.9043E+00   0.2565E+01  -0.2565E+01
 -0.8426E+00   0.1710E+01  -0.1710E+01
 -0.1250E+00   0.2565E+01  -0.1710E+01
 -0.1098E+00   0.1710E+01  -0.8550E+00
 -0.8729E+00   0.2565E+01  -0.8550E+00
 -0.8561E+00   0.1710E+01   0.0000E+00
 -0.1119E+00   0.2565E+01   0.0000E+00
 -0.4994E-01   0.1710E+01   0.8550E+00
 -0.8526E+00   0.2565E+01   0.8550E+00
 -0.7869E+00   0.1710E+01   0.1710E+01
 -0.9626E-01   0.2565E+01   0.1710E+01
 -0.4641E-01   0.1710E+01   0.2565E+01
 -0.8478E+00   0.2565E+01   0.2565E+01
  0.5984E+00  -0.3420E+01  -0.3420E+01
  0.1220E+01  -0.2565E+01  -0.3420E+01
  0.1290E+01  -0.3420E+01  -0.2565E+01
  0.4986E+00  -0.2565E+01  -0.2565E+01
  0.5935E+00  -0.3420E+01  -0.1710E+01
  0.1218E+01  -0.2565E+01  -0.1710E+01
  0.1304E+01  -0.3420E+01  -0.8550E+00
  0.5277E+00  -0.2565E+01  -0.8550E+00
  0.6376E+00  -0.3420E+01   0.0000E+00
  0.1253E+01  -0.2565E+01   0.0000E+00
  0.1322E+01  -0.3420E+01   0.8550E+00
  0.6013E+00  -0.2565E+01   0.8550E+00
  0.6274E+00  -0.3420E+01   0.1710E+01
  0.1277E+01  -0.2565E+01   0.1710E+01
  0.1321E+01  -0.3420E+01   0.2565E+01
  0.5850E+00  -0.2565E+01   0.2565E+01
  0.5703E+00  -0.1710E+01  -0.3420E+01
  0.1269E+01  -0.8550E+00  -0.3420E+01
  0.1272E+01  -0.1710E+01  -0.2565E+01
  0.5915E+00  -0.8550E+00  -0.2565E+01
  0.5489E+00  -0.1710E+01  -0.1710E+01
  0.1256E+01  -0.8550E+00  -0.1710E+01
  0.1251E+01  -0.1710E+01  -0.8550E+00
  0.5812E+00  -0.8550E+00  -0.8550E+00
  0.5652E+00  -0.1710E+01   0.0000E+00
  0.1267E+01  -0.8550E+00   0.0000E+00
  0.1260E+01  -0.1710E+01   0.8550E+00
  0.5919E+00  -0.8550E+00   0.8550E+00
  0.5792E+00  -0.1710E+01   0.1710E+01
  0.1276E+01  -0.8550E+00   0.1710E+01
  0.1271E+01  -0.1710E+01   0.2565E+01
  0.5852E+00  -0.8550E+00   0.2565E+01
  0.6089E+00   0.0000E+00  -0.3420E+01
  0.1300E+01   0.8550E+00  -0.3420E+01
  0.1304E+01   0.0000E+00  -0.2565E+01
  0.6203E+00   0.8550E+00  -0.2565E+01
  0.6233E+00   0.0000E+00  -0.1710E+01
  0.1306E+01   0.8550E+00  -0.1710E+01
  0.1318E+01   0.0000E+00  -0.8550E+00
  0.6398E+00   0.8550E+00  -0.8550E+00
  0.6231E+00   0.0000E+00   0.0000E+00
  0.1316E+01   0.8550E+00   0.0000E+00
  0.1306E+01   0.0000E+00   0.8550E+00
  0.6459E+00   0.8550E+00   0.8550E+00
  0.6273E+00   0.0000E+00   0.1710E+01
  0.1316E+01   0.8550E+00   0.1710E+01
  0.1296E+01   0.0000E+00   0.2565E+01
  0.6390E+00   0.8550E+00   0.2565E+01
  0.6456E+00   0.1710E+01  -0.3420E+01
  0.1288E+01   0.2565E+01  -0.3420E+01
  0.1321E+01   0.1710E+01  -0.2565E+01
  0.6056E+00   0.2565E+01  -0.2565E+01
  0.6456E+00   0.1710E+01  -0.1710E+01
  0.1289E+01   0.2565E+01  -0.1710E+01
  0.1344E+01   0.1710E+01  -0.8550E+00
  0.6286E+00   0.2565E+01  -0.8550E+00
  0.6542E+00   0.1710E+01   0.0000E+00
  0.1288E+01   0.2565E+01   0.0000E+00
  0.1336E+01   0.1710E+01   0.8550E+00
  0.6100E+00   0.2565E+01   0.8550E+00
  0.6658E+00   0.1710E+01   0.1710E+01
  0.1291E+01   0.2565E+01   0.1710E+01
  0.1324E+01   0.1710E+01   0.2565E+01
  0.6181E+00   0.2565E+01   0.2565E+01
