      rx_fcc       ry_fcc       rz_fcc
  0.2436E+01  -0.3420E+01  -0.3420E+01
 -0.2457E+01  -0.2565E+01  -0.3420E+01
  0.3027E+01  -0.3420E+01  -0.2565E+01
 -0.3088E+01  -0.2565E+01  -0.2565E+01
  0.2412E+01  -0.3420E+01  -0.1710E+01
 -0.2452E+01  -0.2565E+01  -0.1710E+01
  0.3023E+01  -0.3420E+01  -0.8550E+00
 -0.3100E+01  -0.2565E+01  -0.8550E+00
  0.2413E+01  -0.3420E+01   0.0000E+00
 -0.2476E+01  -0.2565E+01   0.0000E+00
  0.3018E+01  -0.3420E+01   0.8550E+00
 -0.3112E+01  -0.2565E+01   0.8550E+00
  0.2406E+01  -0.3420E+01   0.1710E+01
 -0.2470E+01  -0.2565E+01   0.1710E+01
  0.3012E+01  -0.3420E+01   0.2565E+01
 -0.3096E+01  -0.2565E+01   0.2565E+01
  0.2410E+01  -0.1710E+01  -0.3420E+01
 -0.2448E+01  -0.8550E+00  -0.3420E+01
  0.3019E+01  -0.1710E+01  -0.2565E+01
 -0.3097E+01  -0.8550E+00  -0.2565E+01
  0.2411E+01  -0.1710E+01  -0.1710E+01
 -0.2447E+01  -0.8550E+00  -0.1710E+01
  0.3015E+01  -0.1710E+01  -0.8550E+00
 -0.3079E+01  -0.8550E+00  -0.8550E+00
  0.2399E+01  -0.1710E+01   0.0000E+00
 -0.2430E+01  -0.8550E+00   0.0000E+00
  0.3011E+01  -0.1710E+01   0.8550E+00
 -0.3087E+01  -0.8550E+00   0.8550E+00
  0.2406E+01  -0.1710E+01   0.1710E+01
 -0.2454E+01  -0.8550E+00   0.1710E+01
  0.3017E+01  -0.1710E+01   0.2565E+01
 -0.3092E+01  -0.8550E+00   0.2565E+01
  0.2409E+01   0.0000E+00  -0.3420E+01
 -0.2465E+01   0.8550E+00  -0.3420E+01
  0.3007E+01   0.0000E+00  -0.2565E+01
 -0.3100E+01   0.8550E+00  -0.2565E+01
  0.2398E+01   0.0000E+00  -0.1710E+01
 -0.2451E+01   0.8550E+00  -0.1710E+01
  0.3007E+01   0.0000E+00  -0.8550E+00
 -0.3084E+01   0.8550E+00  -0.8550E+00
  0.2402E+01   0.0000E+00   0.0000E+00
 -0.2445E+01   0.8550E+00   0.0000E+00
  0.3018E+01   0.0000E+00   0.8550E+00
 -0.3089E+01   0.8550E+00   0.8550E+00
  0.2420E+01   0.0000E+00   0.1710E+01
 -0.2464E+01   0.8550E+00   0.1710E+01
  0.3018E+01   0.0000E+00   0.2565E+01
 -0.3080E+01   0.8550E+00   0.2565E+01
  0.2428E+01   0.1710E+01  -0.3420E+01
 -0.2424E+01   0.2565E+01  -0.3420E+01
  0.3034E+01   0.1710E+01  -0.2565E+01
 -0.3068E+01   0.2565E+01  -0.2565E+01
  0.2433E+01   0.1710E+01  -0.1710E+01
 -0.2410E+01   0.2565E+01  -0.1710E+01
  0.3041E+01   0.1710E+01  -0.8550E+00
 -0.3063E+01   0.2565E+01  -0.8550E+00
  0.2435E+01   0.1710E+01   0.0000E+00
 -0.2408E+01   0.2565E+01   0.0000E+00
  0.3036E+01   0.1710E+01   0.8550E+00
 -0.3057E+01   0.2565E+01   0.8550E+00
  0.2437E+01   0.1710E+01   0.1710E+01
 -0.2409E+01   0.2565E+01   0.1710E+01
  0.3035E+01   0.1710E+01   0.2565E+01
 -0.3049E+01   0.2565E+01   0.2565E+01
 -0.3170E+01  -0.3420E+01  -0.3420E+01
 -0.1004E+01  -0.2565E+01  -0.3420E+01
 -0.2499E+01  -0.3420E+01  -0.2565E+01
 -0.1717E+01  -0.2565E+01  -0.2565E+01
 -0.3175E+01  -0.3420E+01  -0.1710E+01
 -0.9886E+00  -0.2565E+01  -0.1710E+01
 -0.2511E+01  -0.3420E+01  -0.8550E+00
 -0.1742E+01  -0.2565E+01  -0.8550E+00
 -0.3155E+01  -0.3420E+01   0.0000E+00
 -0.1122E+01  -0.2565E+01   0.0000E+00
 -0.2492E+01  -0.3420E+01   0.8550E+00
 -0.1743E+01  -0.2565E+01   0.8550E+00
 -0.3156E+01  -0.3420E+01   0.1710E+01
 -0.1110E+01  -0.2565E+01   0.1710E+01
 -0.2477E+01  -0.3420E+01   0.2565E+01
 -0.1714E+01  -0.2565E+01   0.2565E+01
 -0.3132E+01  -0.1710E+01  -0.3420E+01
 -0.9659E+00  -0.8550E+00  -0.3420E+01
 -0.2468E+01  -0.1710E+01  -0.2565E+01
 -0.1684E+01  -0.8550E+00  -0.2565E+01
 -0.3122E+01  -0.1710E+01  -0.1710E+01
 -0.9593E+00  -0.8550E+00  -0.1710E+01
 -0.2450E+01  -0.1710E+01  -0.8550E+00
 -0.1686E+01  -0.8550E+00  -0.8550E+00
 -0.3097E+01  -0.1710E+01   0.0000E+00
 -0.1021E+01  -0.8550E+00   0.0000E+00
 -0.2435E+01  -0.1710E+01   0.8550E+00
 -0.1680E+01  -0.8550E+00   0.8550E+00
 -0.3084E+01  -0.1710E+01   0.1710E+01
 -0.9558E+00  -0.8550E+00   0.1710E+01
 -0.2397E+01  -0.1710E+01   0.2565E+01
 -0.1657E+01  -0.8550E+00   0.2565E+01
 -0.3083E+01   0.0000E+00  -0.3420E+01
 -0.9811E+00   0.8550E+00  -0.3420E+01
 -0.2401E+01   0.0000E+00  -0.2565E+01
 -0.1674E+01   0.8550E+00  -0.2565E+01
 -0.3083E+01   0.0000E+00  -0.1710E+01
 -0.9815E+00   0.8550E+00  -0.1710E+01
 -0.2385E+01   0.0000E+00  -0.8550E+00
 -0.1683E+01   0.8550E+00  -0.8550E+00
 -0.3066E+01   0.0000E+00   0.0000E+00
 -0.9792E+00   0.8550E+00   0.0000E+00
 -0.2402E+01   0.0000E+00   0.8550E+00
 -0.1676E+01   0.8550E+00   0.8550E+00
 -0.3088E+01   0.0000E+00   0.1710E+01
 -0.9497E+00   0.8550E+00   0.1710E+01
 -0.2385E+01   0.0000E+00   0.2565E+01
 -0.1650E+01   0.8550E+00   0.2565E+01
 -0.3081E+01   0.1710E+01  -0.3420E+01
 -0.8796E+00   0.2565E+01  -0.3420E+01
 -0.2387E+01   0.1710E+01  -0.2565E+01
 -0.1600E+01   0.2565E+01  -0.2565E+01
 -0.3076E+01   0.1710E+01  -0.1710E+01
 -0.8858E+00   0.2565E+01  -0.1710E+01
 -0.2398E+01   0.1710E+01  -0.8550E+00
 -0.1641E+01   0.2565E+01  -0.8550E+00
 -0.3079E+01   0.1710E+01   0.0000E+00
 -0.9784E+00   0.2565E+01   0.0000E+00
 -0.2419E+01   0.1710E+01   0.8550E+00
 -0.1672E+01   0.2565E+01   0.8550E+00
 -0.3096E+01   0.1710E+01   0.1710E+01
 -0.9555E+00   0.2565E+01   0.1710E+01
 -0.2393E+01   0.1710E+01   0.2565E+01
 -0.1641E+01   0.2565E+01   0.2565E+01
 -0.1691E+01  -0.3420E+01  -0.3420E+01
  0.1949E+01  -0.2565E+01  -0.3420E+01
  0.5187E+00  -0.3420E+01  -0.2565E+01
  0.1278E+01  -0.2565E+01  -0.2565E+01
 -0.1674E+01  -0.3420E+01  -0.1710E+01
  0.1939E+01  -0.2565E+01  -0.1710E+01
  0.5296E+00  -0.3420E+01  -0.8550E+00
  0.1268E+01  -0.2565E+01  -0.8550E+00
 -0.1723E+00  -0.3420E+01   0.0000E+00
  0.1926E+01  -0.2565E+01   0.0000E+00
  0.5495E+00  -0.3420E+01   0.8550E+00
  0.1282E+01  -0.2565E+01   0.8550E+00
 -0.1451E+00  -0.3420E+01   0.1710E+01
  0.1933E+01  -0.2565E+01   0.1710E+01
  0.5534E+00  -0.3420E+01   0.2565E+01
  0.1281E+01  -0.2565E+01   0.2565E+01
 -0.1668E+01  -0.1710E+01  -0.3420E+01
  0.1941E+01  -0.8550E+00  -0.3420E+01
  0.5310E+00  -0.1710E+01  -0.2565E+01
  0.1296E+01  -0.8550E+00  -0.2565E+01
 -0.1660E+01  -0.1710E+01  -0.1710E+01
  0.1921E+01  -0.8550E+00  -0.1710E+01
  0.5417E+00  -0.1710E+01  -0.8550E+00
  0.1247E+01  -0.8550E+00  -0.8550E+00
 -0.1650E+00  -0.1710E+01   0.0000E+00
  0.1904E+01  -0.8550E+00   0.0000E+00
  0.5578E+00  -0.1710E+01   0.8550E+00
  0.1248E+01  -0.8550E+00   0.8550E+00
 -0.1419E+00  -0.1710E+01   0.1710E+01
  0.1913E+01  -0.8550E+00   0.1710E+01
  0.5568E+00  -0.1710E+01   0.2565E+01
  0.1251E+01  -0.8550E+00   0.2565E+01
 -0.6452E-01   0.0000E+00  -0.3420E+01
  0.1920E+01   0.8550E+00  -0.3420E+01
  0.6189E+00   0.0000E+00  -0.2565E+01
  0.1262E+01   0.8550E+00  -0.2565E+01
 -0.5260E-01   0.0000E+00  -0.1710E+01
  0.1908E+01   0.8550E+00  -0.1710E+01
  0.6046E+00   0.0000E+00  -0.8550E+00
  0.1262E+01   0.8550E+00  -0.8550E+00
 -0.5111E-01   0.0000E+00   0.0000E+00
  0.1922E+01   0.8550E+00   0.0000E+00
  0.6066E+00   0.0000E+00   0.8550E+00
  0.1300E+01   0.8550E+00   0.8550E+00
 -0.7172E-01   0.0000E+00   0.1710E+01
  0.1936E+01   0.8550E+00   0.1710E+01
  0.6031E+00   0.0000E+00   0.2565E+01
  0.1292E+01   0.8550E+00   0.2565E+01
 -0.1301E-01   0.1710E+01  -0.3420E+01
  0.1919E+01   0.2565E+01  -0.3420E+01
  0.6379E+00   0.1710E+01  -0.2565E+01
  0.1271E+01   0.2565E+01  -0.2565E+01
 -0.7755E-02   0.1710E+01  -0.1710E+01
  0.1911E+01   0.2565E+01  -0.1710E+01
  0.6331E+00   0.1710E+01  -0.8550E+00
  0.1261E+01   0.2565E+01  -0.8550E+00
 -0.6447E-02   0.1710E+01   0.0000E+00
  0.1910E+01   0.2565E+01   0.0000E+00
  0.6240E+00   0.1710E+01   0.8550E+00
  0.1266E+01   0.2565E+01   0.8550E+00
 -0.2766E-01   0.1710E+01   0.1710E+01
  0.1903E+01   0.2565E+01   0.1710E+01
  0.6391E+00   0.1710E+01   0.2565E+01
  0.1259E+01   0.2565E+01   0.2565E+01
  0.1240E+01  -0.3420E+01  -0.3420E+01
  0.3157E+01  -0.2565E+01  -0.3420E+01
  0.1891E+01  -0.3420E+01  -0.2565E+01
  0.2540E+01  -0.2565E+01  -0.2565E+01
  0.1225E+01  -0.3420E+01  -0.1710E+01
  0.3158E+01  -0.2565E+01  -0.1710E+01
  0.1880E+01  -0.3420E+01  -0.8550E+00
  0.2529E+01  -0.2565E+01  -0.8550E+00
  0.1222E+01  -0.3420E+01   0.0000E+00
  0.3143E+01  -0.2565E+01   0.0000E+00
  0.1907E+01  -0.3420E+01   0.8550E+00
  0.2525E+01  -0.2565E+01   0.8550E+00
  0.1267E+01  -0.3420E+01   0.1710E+01
  0.3136E+01  -0.2565E+01   0.1710E+01
  0.1903E+01  -0.3420E+01   0.2565E+01
  0.2528E+01  -0.2565E+01   0.2565E+01
  0.1266E+01  -0.1710E+01  -0.3420E+01
  0.3143E+01  -0.8550E+00  -0.3420E+01
  0.1912E+01  -0.1710E+01  -0.2565E+01
  0.2531E+01  -0.8550E+00  -0.2565E+01
  0.1258E+01  -0.1710E+01  -0.1710E+01
  0.3152E+01  -0.8550E+00  -0.1710E+01
  0.1898E+01  -0.1710E+01  -0.8550E+00
  0.2534E+01  -0.8550E+00  -0.8550E+00
  0.1252E+01  -0.1710E+01   0.0000E+00
  0.3168E+01  -0.8550E+00   0.0000E+00
  0.1898E+01  -0.1710E+01   0.8550E+00
  0.2545E+01  -0.8550E+00   0.8550E+00
  0.1262E+01  -0.1710E+01   0.1710E+01
  0.3167E+01  -0.8550E+00   0.1710E+01
  0.1902E+01  -0.1710E+01   0.2565E+01
  0.2551E+01  -0.8550E+00   0.2565E+01
  0.1293E+01   0.0000E+00  -0.3420E+01
  0.3165E+01   0.8550E+00  -0.3420E+01
  0.1908E+01   0.0000E+00  -0.2565E+01
  0.2553E+01   0.8550E+00  -0.2565E+01
  0.1285E+01   0.0000E+00  -0.1710E+01
  0.3161E+01   0.8550E+00  -0.1710E+01
  0.1903E+01   0.0000E+00  -0.8550E+00
  0.2551E+01   0.8550E+00  -0.8550E+00
  0.1278E+01   0.0000E+00   0.0000E+00
  0.3164E+01   0.8550E+00   0.0000E+00
  0.1912E+01   0.0000E+00   0.8550E+00
  0.2552E+01   0.8550E+00   0.8550E+00
  0.1281E+01   0.0000E+00   0.1710E+01
  0.3159E+01   0.8550E+00   0.1710E+01
  0.1910E+01   0.0000E+00   0.2565E+01
  0.2545E+01   0.8550E+00   0.2565E+01
  0.1278E+01   0.1710E+01  -0.3420E+01
  0.3152E+01   0.2565E+01  -0.3420E+01
  0.1911E+01   0.1710E+01  -0.2565E+01
  0.2525E+01   0.2565E+01  -0.2565E+01
  0.1280E+01   0.1710E+01  -0.1710E+01
  0.3138E+01   0.2565E+01  -0.1710E+01
  0.1912E+01   0.1710E+01  -0.8550E+00
  0.2524E+01   0.2565E+01  -0.8550E+00
  0.1279E+01   0.1710E+01   0.0000E+00
  0.3126E+01   0.2565E+01   0.0000E+00
  0.1906E+01   0.1710E+01   0.8550E+00
  0.2502E+01   0.2565E+01   0.8550E+00
  0.1263E+01   0.1710E+01   0.1710E+01
  0.3113E+01   0.2565E+01   0.1710E+01
  0.1899E+01   0.1710E+01   0.2565E+01
  0.2501E+01   0.2565E+01   0.2565E+01
