      rx_fcc       ry_fcc       rz_fcc
  0.1886E+01   0.3116E+01   0.3111E+01
  0.2460E+01   0.3840E+01   0.2150E+01
  0.2944E+01   0.3095E+01   0.2865E+01
  0.1880E+01   0.3948E+01   0.3723E+01
  0.2249E+01   0.3254E+01  -0.2859E+01
  0.3394E+01   0.2984E+01   0.3959E+01
  0.2997E+01   0.2787E+01  -0.3577E+01
  0.2625E+01   0.4238E+01  -0.2841E+01
  0.2578E+01   0.2584E+01  -0.2055E+01
  0.3172E+01   0.3771E+01  -0.1996E+01
  0.3031E+01   0.2503E+01  -0.1126E+01
  0.2053E+01   0.3528E+01  -0.1683E+01
  0.2977E+01   0.2738E+01  -0.8204E-01
  0.2847E+01   0.3597E+01  -0.1003E+01
  0.3105E+01   0.2619E+01   0.1058E+01
  0.1889E+01   0.3699E+01  -0.5507E+00
  0.3454E+01   0.3425E+01   0.1889E+01
  0.2774E+01   0.3824E+01   0.5324E-02
  0.3345E+01   0.2374E+01   0.2090E+01
  0.2410E+01   0.3707E+01   0.1054E+01
  0.2735E+01  -0.4150E+01   0.4129E+01
  0.2653E+01  -0.3536E+01   0.2277E+01
  0.3487E+01   0.3875E+01  -0.3860E+01
  0.2117E+01  -0.3180E+01   0.4063E+01
  0.2404E+01   0.3594E+01  -0.3840E+01
  0.3044E+01  -0.2747E+01   0.3865E+01
  0.3577E+01   0.3441E+01  -0.2904E+01
  0.2798E+01  -0.3096E+01  -0.3649E+01
  0.2277E+01  -0.3711E+01  -0.1453E+01
  0.2281E+01  -0.2925E+01  -0.2659E+01
  0.3350E+01  -0.4091E+01  -0.1185E+01
  0.1996E+01  -0.2503E+01  -0.1655E+01
  0.2681E+01  -0.3821E+01  -0.3850E+00
  0.3083E+01  -0.3051E+01  -0.1047E+01
  0.2914E+01  -0.3935E+01   0.6661E+00
  0.3123E+01  -0.2860E+01   0.2274E+00
  0.3328E+01  -0.4132E+01   0.1641E+01
  0.2675E+01  -0.3000E+01   0.1245E+01
  0.3729E+01   0.4108E+01   0.2603E+01
  0.1909E+01  -0.2723E+01   0.2066E+01
  0.2714E+01  -0.2577E+01   0.2958E+01
  0.2668E+01  -0.1413E+01   0.2572E+01
  0.3383E+01  -0.3456E+01   0.3183E+01
  0.2273E+01  -0.7599E+00   0.3290E+01
  0.2743E+01  -0.2052E+01  -0.3876E+01
  0.3028E+01  -0.1691E+01   0.3601E+01
  0.3112E+01  -0.2234E+01  -0.2969E+01
  0.2591E+01  -0.9525E+00  -0.4246E+01
  0.3065E+01  -0.2371E+01  -0.1795E+01
  0.2166E+01  -0.9904E+00  -0.2642E+01
  0.3892E+01  -0.2421E+01  -0.1256E+01
  0.2387E+01  -0.1248E+01  -0.1595E+01
  0.3058E+01  -0.1989E+01   0.8344E+00
  0.3340E+01  -0.1364E+01  -0.1178E+01
  0.3997E+01  -0.2333E+01   0.1165E+01
  0.3206E+01  -0.1002E+01   0.1639E+00
  0.2904E+01  -0.2175E+01   0.1902E+01
  0.3075E+01  -0.1071E+01   0.1364E+01
  0.3634E+01  -0.3059E+01   0.2047E+01
  0.2009E+01  -0.8462E+00   0.1556E+01
  0.3487E+01  -0.7941E+00   0.3437E+01
  0.3374E+01   0.2111E+00   0.2791E+01
  0.3749E+01  -0.1260E+01  -0.4133E+01
  0.2153E+01   0.3536E+00   0.3126E+01
  0.3065E+01  -0.9038E-01  -0.3838E+01
  0.3058E+01   0.6497E+00   0.3834E+01
  0.3194E+01  -0.1028E+01  -0.3189E+01
  0.2044E+01   0.8324E+00  -0.3268E+01
  0.2182E+01  -0.2662E+00  -0.3771E+00
  0.2495E+01  -0.7032E-01  -0.2926E+01
  0.3099E+01  -0.6320E+00  -0.2132E+01
  0.2442E+01   0.6134E+00  -0.1056E+01
  0.3253E+01   0.8581E-01  -0.1945E+00
  0.2982E+01  -0.3872E+00  -0.1105E+01
  0.4108E+01  -0.6226E+00  -0.2568E+00
  0.2780E+01   0.6957E+00   0.5598E+00
  0.2489E+01  -0.3171E+00   0.2351E+01
  0.2710E+01  -0.3177E+00   0.7561E+00
  0.3460E+01  -0.7993E+00   0.2316E+01
  0.2344E+01   0.6174E+00   0.1783E+01
  0.2861E+01   0.1115E+01   0.2785E+01
  0.2509E+01   0.2144E+01   0.2693E+01
  0.4002E+01   0.1126E+01   0.3691E+01
  0.2293E+01   0.2636E+01   0.4095E+01
  0.1971E+01   0.1780E+01  -0.3843E+01
  0.3022E+01   0.1777E+01   0.3697E+01
  0.2921E+01   0.1276E+01  -0.3799E+01
  0.2579E+01   0.1597E+01  -0.2759E+01
  0.2797E+01   0.4926E+00  -0.2092E+01
  0.3683E+01   0.1573E+01  -0.2905E+01
  0.3021E+01   0.1419E+01  -0.1682E+01
  0.1988E+01   0.1413E+01  -0.1825E+01
  0.2727E+01   0.1530E+01  -0.6575E+00
  0.3782E+01   0.1796E+01  -0.8999E+00
  0.3583E+01   0.1084E+01  -0.1158E+00
  0.2922E+01   0.1710E+01   0.5024E+00
  0.3756E+01   0.1005E+01   0.9342E+00
  0.4057E+01   0.1776E+01   0.1615E+01
  0.2948E+01   0.1501E+01   0.1571E+01
  0.2407E+01   0.2787E+01   0.1843E+01
  0.3957E+01   0.2973E+01   0.2727E+01
 -0.3869E+01   0.3569E+01   0.2241E+01
 -0.3736E+01   0.2345E+01   0.2680E+01
 -0.4126E+01   0.3326E+01   0.3644E+01
  0.4114E+01   0.2282E+01   0.3641E+01
 -0.3238E+01   0.3211E+01   0.3043E+01
  0.4185E+01   0.3124E+01  -0.3790E+01
 -0.4133E+01   0.4123E+01  -0.3170E+01
  0.4243E+01   0.2537E+01  -0.2855E+01
 -0.3516E+01   0.3243E+01  -0.2986E+01
  0.4183E+01   0.3213E+01  -0.2069E+01
  0.4248E+01   0.3925E+01  -0.1321E+01
 -0.4262E+01   0.2745E+01  -0.9656E+00
 -0.3743E+01   0.3707E+01  -0.3967E+00
 -0.3689E+01   0.2288E+01  -0.1735E+00
  0.3751E+01   0.3437E+01  -0.4890E+00
  0.3373E+01   0.3556E+01   0.7261E+00
 -0.4255E+01   0.2958E+01   0.3268E+00
  0.4247E+01   0.2803E+01   0.1620E+01
  0.2769E+01   0.4090E+01   0.3102E+01
  0.4062E+01  -0.4086E+01   0.3433E+01
 -0.3080E+01  -0.4031E+01   0.1627E+01
 -0.3637E+01  -0.4160E+01   0.2786E+01
  0.4247E+01  -0.3091E+01   0.3765E+01
  0.3579E+01  -0.3624E+01  -0.4260E+01
 -0.3470E+01  -0.3765E+01   0.3876E+01
 -0.4119E+01   0.4106E+01  -0.4253E+01
  0.3511E+01  -0.3895E+01  -0.3119E+01
  0.3053E+01  -0.3493E+01  -0.2223E+01
  0.4072E+01  -0.4036E+01  -0.2253E+01
 -0.3643E+01   0.3973E+01  -0.2297E+01
  0.4262E+01  -0.3544E+01  -0.1350E+01
  0.3770E+01  -0.3508E+01  -0.3898E+00
 -0.3371E+01  -0.4208E+01  -0.1267E+01
 -0.3724E+01  -0.3743E+01  -0.3547E+00
  0.3807E+01  -0.3523E+01   0.8795E+00
  0.3925E+01   0.4193E+01   0.1480E+00
 -0.3815E+01  -0.3974E+01   0.8121E+00
 -0.4243E+01   0.3687E+01   0.1070E+01
 -0.4232E+01  -0.4069E+01   0.1808E+01
 -0.4218E+01  -0.3308E+01   0.2635E+01
 -0.3627E+01  -0.2341E+01   0.2286E+01
 -0.3222E+01  -0.3285E+01   0.2304E+01
  0.3713E+01  -0.2512E+01   0.3022E+01
  0.3714E+01  -0.2469E+01  -0.4001E+01
 -0.3397E+01  -0.2812E+01   0.3323E+01
  0.4247E+01  -0.3199E+01  -0.3438E+01
  0.4045E+01  -0.1860E+01  -0.3254E+01
  0.3763E+01  -0.2790E+01  -0.2556E+01
 -0.3576E+01  -0.2076E+01  -0.2791E+01
 -0.3810E+01  -0.2948E+01  -0.2290E+01
  0.3537E+01  -0.1642E+01  -0.2312E+01
 -0.4066E+01  -0.2735E+01  -0.5928E+00
 -0.4082E+01  -0.1901E+01  -0.1909E+01
 -0.3878E+01  -0.2887E+01   0.3885E+00
  0.3035E+01  -0.2191E+01  -0.5250E+00
 -0.3993E+01  -0.3086E+01   0.1473E+01
  0.3884E+01  -0.2095E+01   0.8380E-01
 -0.3076E+01  -0.2647E+01   0.1165E+01
  0.3849E+01  -0.2064E+01   0.2097E+01
 -0.4052E+01  -0.1328E+01   0.1894E+01
  0.4169E+01  -0.3813E+00   0.1674E+01
  0.4171E+01  -0.1578E+01   0.2919E+01
 -0.4275E+01  -0.5728E+00   0.2773E+01
 -0.4145E+01  -0.1966E+01   0.3881E+01
 -0.3840E+01  -0.8541E+00   0.3715E+01
 -0.3869E+01  -0.1110E+01  -0.3809E+01
  0.3350E+01   0.4548E+00  -0.3048E+01
  0.4197E+01  -0.9345E+00  -0.2613E+01
  0.3997E+01  -0.3385E+00  -0.3471E+01
 -0.2769E+01  -0.2543E+01  -0.2103E+01
  0.3848E+01   0.3780E-02  -0.2108E+01
 -0.4217E+01  -0.1617E+01  -0.8793E+00
  0.4081E+01  -0.7759E+00  -0.1482E+01
 -0.3633E+01  -0.1920E+01  -0.9260E-01
  0.3815E+01   0.3686E+00  -0.1065E+01
  0.3990E+01  -0.1181E+01   0.8491E+00
 -0.3597E+01  -0.9668E+00   0.3651E+00
 -0.3699E+01  -0.1820E+01   0.1012E+01
  0.3241E+01   0.4215E-01   0.1550E+01
  0.3881E+01   0.7430E+00   0.1983E+01
 -0.3697E+01   0.1324E+01   0.2003E+01
 -0.3270E+01  -0.4924E+00   0.2632E+01
  0.3913E+01   0.1579E+01   0.2677E+01
  0.3898E+01  -0.4050E-01   0.3974E+01
 -0.3661E+01   0.1263E+01   0.3060E+01
 -0.3645E+01   0.7298E-01  -0.4100E+01
  0.4271E+01   0.1929E+01  -0.3778E+01
 -0.4172E+01   0.5184E+00  -0.2839E+01
  0.4148E+01   0.8224E+00  -0.3847E+01
 -0.3529E+01  -0.4119E+00  -0.3049E+01
  0.3645E+01   0.2161E+01  -0.2002E+01
  0.3976E+01   0.1099E+01  -0.2005E+01
 -0.3878E+01   0.1924E+01  -0.1660E+01
 -0.3606E+01  -0.7601E+00  -0.8668E+00
  0.3982E+01   0.1898E+01   0.4167E+00
  0.3855E+01  -0.1017E+00   0.6189E+00
 -0.3898E+01   0.1256E+01  -0.7939E+00
 -0.3415E+01  -0.6471E+00   0.1349E+01
 -0.3605E+01   0.1559E+01   0.7679E+00
 -0.2749E+01   0.1335E+01   0.1587E+01
 -0.2549E+01   0.2055E+01   0.5805E+00
 -0.2847E+01   0.1681E+01   0.2598E+01
 -0.2957E+01   0.2541E+01   0.1975E+01
 -0.3566E+01   0.1736E+01   0.3953E+01
 -0.2799E+01   0.2278E+01   0.3474E+01
 -0.2754E+01   0.7924E+00  -0.4195E+01
 -0.3377E+01   0.2750E+01  -0.4223E+01
 -0.3368E+01   0.1420E+01  -0.3646E+01
 -0.3049E+01   0.2319E+01  -0.3262E+01
 -0.2406E+01   0.1312E+01  -0.2872E+01
 -0.2839E+01   0.2709E+01  -0.2302E+01
 -0.3060E+01   0.1169E+01  -0.1639E+01
 -0.2282E+01   0.1894E+01  -0.1911E+01
 -0.2205E+01   0.1379E+01  -0.9492E+00
 -0.3014E+01   0.2083E+01  -0.1040E+01
 -0.3023E+01   0.1405E+01  -0.2563E+00
 -0.2014E+01   0.2442E+01  -0.3225E+00
 -0.2690E+01   0.1018E+01   0.6020E+00
 -0.3434E+01   0.2524E+01   0.1048E+01
 -0.3222E+01   0.3524E+01   0.1356E+01
 -0.2220E+01   0.3922E+01   0.1239E+01
 -0.2228E+01   0.2839E+01   0.1284E+01
 -0.2741E+01   0.3782E+01   0.2311E+01
 -0.2856E+01   0.4008E+01   0.3622E+01
 -0.2142E+01   0.2579E+01   0.2676E+01
 -0.2355E+01   0.3012E+01   0.4149E+01
 -0.3300E+01  -0.3824E+01  -0.3469E+01
 -0.3132E+01   0.3753E+01  -0.3887E+01
 -0.2050E+01   0.3939E+01  -0.3916E+01
 -0.2426E+01   0.3146E+01  -0.3314E+01
 -0.2649E+01   0.4074E+01  -0.2842E+01
 -0.3434E+01   0.3119E+01  -0.1516E+01
 -0.1852E+01   0.3134E+01  -0.2262E+01
 -0.2288E+01   0.2824E+01  -0.1329E+01
 -0.2616E+01   0.3812E+01  -0.1810E+01
 -0.2993E+01   0.3024E+01  -0.5238E+00
 -0.2301E+01   0.3774E+01  -0.8063E+00
 -0.2802E+01   0.3140E+01   0.4753E+00
 -0.2950E+01   0.4159E+01   0.4660E+00
 -0.1953E+01  -0.3673E+01   0.1694E+01
 -0.1468E+01  -0.2717E+01   0.1489E+01
 -0.2099E+01  -0.3033E+01   0.2503E+01
 -0.2525E+01  -0.2157E+01   0.2852E+01
 -0.2517E+01  -0.3376E+01   0.3483E+01
 -0.1520E+01  -0.2905E+01   0.3393E+01
 -0.2010E+01  -0.4047E+01   0.2743E+01
 -0.3449E+01  -0.2813E+01  -0.4044E+01
 -0.2901E+01  -0.2849E+01  -0.3086E+01
 -0.2332E+01  -0.3402E+01  -0.3910E+01
 -0.1939E+01  -0.3462E+01  -0.2696E+01
 -0.1389E+01  -0.3113E+01  -0.1745E+01
 -0.2853E+01  -0.3612E+01  -0.2076E+01
 -0.2161E+01  -0.2627E+01  -0.1104E+01
 -0.2155E+01  -0.3720E+01  -0.1265E+01
 -0.3185E+01  -0.2926E+01  -0.1152E+01
 -0.2513E+01  -0.3850E+01  -0.2941E+00
 -0.1730E+01  -0.3193E+01  -0.2840E+00
 -0.2505E+01  -0.3483E+01   0.8035E+00
 -0.2073E+01  -0.2546E+01   0.6893E+00
 -0.2453E+01  -0.1639E+01   0.1855E+01
 -0.1639E+01  -0.1632E+01   0.1109E+01
 -0.1388E+01  -0.1219E+01   0.2150E+01
 -0.2382E+01  -0.1044E+01   0.2886E+01
 -0.3141E+01  -0.1626E+01   0.3511E+01
 -0.1791E+01  -0.1731E+01   0.3474E+01
 -0.2436E+01  -0.2456E+01   0.4003E+01
 -0.2459E+01  -0.1374E+01   0.4241E+01
 -0.3089E+01  -0.1910E+01  -0.3729E+01
 -0.1685E+01  -0.1364E+01  -0.3553E+01
 -0.2137E+01  -0.2364E+01  -0.3605E+01
 -0.2533E+01  -0.1763E+01  -0.2844E+01
 -0.3157E+01  -0.1511E+01  -0.1861E+01
 -0.2142E+01  -0.1789E+01  -0.1877E+01
 -0.2887E+01  -0.1875E+01  -0.8552E+00
 -0.2751E+01  -0.9727E+00  -0.2719E+00
 -0.2845E+01  -0.2858E+01  -0.1382E+00
 -0.1734E+01  -0.1111E+01   0.1390E+00
 -0.1954E+01  -0.2115E+01  -0.2546E+00
 -0.2729E+01  -0.1697E+01   0.5542E+00
 -0.2432E+01  -0.7175E+00   0.8625E+00
 -0.2822E+01   0.2154E+00   0.1313E+01
 -0.2284E+01  -0.5924E+00   0.1917E+01
 -0.3651E+01   0.2537E+00   0.1970E+01
 -0.2750E+01  -0.3836E+00   0.3948E+01
 -0.2868E+01   0.5872E+00   0.2648E+01
 -0.1680E+01  -0.8188E+00   0.3983E+01
 -0.3929E+01   0.2412E+00   0.3216E+01
 -0.2673E+01  -0.8587E+00  -0.3454E+01
 -0.3168E+01   0.5536E+00  -0.3099E+01
 -0.2465E+01  -0.8282E+00  -0.2384E+01
 -0.3786E+01   0.1546E+01  -0.2697E+01
 -0.3496E+01  -0.4076E+00  -0.1944E+01
 -0.2632E+01   0.2930E+00  -0.2222E+01
 -0.2709E+01  -0.7042E+00  -0.1309E+01
 -0.3673E+01   0.2763E+00  -0.1182E+01
 -0.4033E+01   0.2726E+00  -0.1521E+00
 -0.2650E+01   0.3401E+00  -0.1024E+01
 -0.3104E+01  -0.2084E-01   0.2833E+00
 -0.3816E+01   0.4993E+00   0.9304E+00
 -0.2018E+01   0.4248E+00   0.1986E+01
 -0.4144E+00   0.2083E+01   0.1438E+01
 -0.1772E+01   0.1521E+01   0.1182E+01
 -0.1926E+01   0.1538E+01   0.2221E+01
 -0.2101E+01   0.1169E+01   0.3579E+01
 -0.1486E+01   0.1876E+01   0.3097E+01
 -0.1047E+01   0.6904E+00   0.3425E+01
 -0.2518E+01   0.1863E+01  -0.4126E+01
 -0.1664E+01   0.1267E+01  -0.3635E+01
 -0.1090E+01   0.1573E+01   0.4015E+01
 -0.1293E+01   0.6432E+00  -0.2813E+01
 -0.1961E+01   0.2215E+01  -0.2972E+01
 -0.1838E+01   0.9479E+00  -0.1959E+01
 -0.1231E+01   0.1855E+01  -0.2287E+01
 -0.3830E+00   0.2309E+01  -0.1356E+01
 -0.1437E+01   0.1936E+01  -0.1230E+01
 -0.1742E+01   0.1345E+01   0.1082E+00
 -0.9275E+00   0.2124E+01  -0.3214E+00
 -0.7666E+00   0.1361E+01   0.6089E+00
 -0.1518E+01   0.2368E+01   0.5704E+00
 -0.1393E+01   0.2365E+01   0.1831E+01
 -0.1290E+01   0.3246E+01   0.1088E+01
 -0.9057E+00   0.2763E+01   0.2695E+01
 -0.1806E+01   0.3417E+01   0.2085E+01
 -0.2030E+01   0.3457E+01   0.3228E+01
 -0.1128E+01   0.3852E+01   0.2829E+01
 -0.1336E+01   0.2747E+01   0.3673E+01
 -0.1747E+01  -0.4097E+01   0.3755E+01
 -0.1566E+01   0.2326E+01  -0.3948E+01
 -0.1004E+01   0.3672E+01   0.4044E+01
 -0.7817E+00   0.1933E+01  -0.3290E+01
 -0.1317E+01   0.3214E+01  -0.3450E+01
 -0.8328E+00   0.2867E+01  -0.2399E+01
 -0.1473E+01   0.4021E+01  -0.2708E+01
 -0.1240E+01   0.3004E+01  -0.1270E+01
 -0.1584E+01   0.3987E+01  -0.1636E+01
 -0.1911E+01   0.3445E+01   0.1067E+00
 -0.1379E+01   0.4139E+01  -0.5760E+00
 -0.8918E+00   0.3146E+01   0.7866E-01
 -0.1694E+01  -0.4124E+01   0.4490E+00
 -0.1164E+01   0.4144E+01   0.1603E+01
 -0.4958E+00  -0.2650E+01   0.1733E+01
 -0.1123E+01  -0.3644E+01   0.2321E+01
 -0.1481E+01  -0.2262E+01   0.2395E+01
 -0.7536E+00  -0.3676E+01   0.3727E+01
 -0.6529E+00  -0.2877E+01   0.2777E+01
 -0.3241E+00  -0.3503E+01  -0.3767E+01
 -0.1334E+01  -0.2401E+01   0.4211E+01
 -0.1155E+01  -0.4202E+01  -0.3742E+01
 -0.1356E+01  -0.3166E+01  -0.3587E+01
 -0.8079E+00  -0.3590E+01  -0.2664E+01
 -0.1334E+01  -0.1479E+01  -0.2411E+01
 -0.6975E+00  -0.4025E+01  -0.1671E+01
 -0.1744E+01  -0.2488E+01  -0.2606E+01
 -0.5073E+00  -0.3592E+01  -0.6665E+00
 -0.1908E+01  -0.1398E+01  -0.9734E+00
 -0.6300E+00  -0.4142E+01   0.2199E+00
 -0.1139E+01  -0.2530E+01  -0.9356E+00
 -0.4509E+00  -0.3711E+01   0.1322E+01
 -0.1021E+01  -0.3036E+01   0.3963E+00
 -0.5262E+00  -0.1817E+01   0.2383E+01
 -0.1404E+01  -0.4737E+00   0.1208E+01
 -0.3216E+00  -0.1866E+01   0.3432E+01
 -0.1917E+01  -0.1041E+00   0.2997E+01
 -0.8271E+00  -0.1463E+01  -0.4262E+01
 -0.8093E+00  -0.1569E+00   0.2629E+01
 -0.6277E+00  -0.1429E+01  -0.3199E+01
 -0.8145E+00  -0.3403E+00   0.3766E+01
 -0.5174E+00  -0.2497E+01  -0.2389E+01
 -0.1262E+01  -0.3267E+00  -0.3726E+01
 -0.2674E-01  -0.1832E+01  -0.1508E+01
 -0.1559E+01  -0.4260E+00  -0.2737E+01
 -0.7202E+00  -0.1531E+01  -0.6335E+00
 -0.4694E+00  -0.4855E+00  -0.2632E+01
 -0.4764E+00  -0.2090E+01   0.3160E+00
 -0.1807E+01  -0.4003E+00  -0.1689E+01
 -0.5603E+00  -0.1627E+01   0.1321E+01
 -0.1383E+01  -0.5195E+00  -0.7122E+00
  0.4561E-01  -0.9396E+00   0.2048E+01
 -0.2157E+01  -0.9028E-01  -0.1746E+00
 -0.9993E+00  -0.1140E+01   0.3154E+01
 -0.1125E+01   0.6540E+00   0.1322E+01
  0.8343E-01   0.3308E+00   0.3914E+01
 -0.1107E+01   0.8626E+00   0.2385E+01
  0.2760E-01  -0.1895E+00  -0.3534E+01
 -0.6289E+00   0.1771E+01   0.2464E+01
 -0.1552E+00   0.5933E+00  -0.2711E+01
 -0.1829E+01   0.2471E+00   0.4101E+01
  0.1000E+00   0.1345E+00  -0.1726E+01
 -0.8621E+00   0.6381E+00  -0.4011E+01
  0.3761E+00   0.5484E+00  -0.7427E+00
 -0.2250E+01   0.1206E+00  -0.3442E+01
 -0.9195E+00   0.7368E-01  -0.1828E+01
 -0.7707E+00   0.1142E+01  -0.1628E+01
 -0.3555E+00  -0.2846E+00  -0.4684E+00
 -0.1590E+01   0.4689E+00  -0.1038E+01
 -0.1067E+01  -0.7983E-01   0.2610E+00
 -0.8399E+00   0.1021E+01  -0.5531E+00
 -0.2102E+00   0.3918E+00   0.7585E+00
 -0.1922E+01   0.3716E+00   0.7388E+00
  0.2509E+00   0.2441E+01   0.2610E+01
  0.2984E+00   0.3876E+01   0.2303E+01
  0.9150E+00   0.2309E+01   0.3605E+01
 -0.1171E+00   0.3806E+01   0.3381E+01
 -0.9760E-01   0.2713E+01   0.3856E+01
  0.7665E+00   0.3387E+01   0.3963E+01
  0.9650E+00   0.2194E+01  -0.3745E+01
 -0.7805E-01   0.3324E+01  -0.3722E+01
  0.9967E+00   0.2924E+01  -0.1588E+01
  0.1131E+01   0.3229E+01  -0.3483E+01
  0.1891E+01   0.2513E+01  -0.1003E+01
 -0.2986E+00   0.3995E+01  -0.2751E+01
  0.7289E+00   0.2166E+01   0.6850E+00
 -0.1743E+00   0.3586E+01  -0.1692E+01
  0.2048E+01   0.2622E+01   0.6507E+00
 -0.3036E+00   0.3923E+01  -0.6302E+00
  0.7636E+00   0.2804E+01   0.1530E+01
  0.6638E+00   0.3512E+01  -0.7847E+00
  0.1437E+01   0.3312E+01   0.2133E+01
 -0.2251E+00   0.3790E+01   0.1094E+01
  0.9527E+00  -0.4025E+01   0.3812E+01
  0.5799E+00  -0.3074E+01   0.1870E+01
  0.1612E+01  -0.4149E+01  -0.3905E+01
  0.2254E+00  -0.2766E+01   0.3803E+01
  0.5716E+00   0.4240E+01  -0.3664E+01
  0.1168E+01  -0.2745E+01  -0.4273E+01
  0.1503E+01   0.4112E+01  -0.2772E+01
  0.1035E+01  -0.3107E+01  -0.3213E+01
  0.6808E+00  -0.3817E+01  -0.2172E+01
  0.1365E+01  -0.1539E+01  -0.2146E+01
  0.1260E+01   0.4194E+01  -0.1414E+01
  0.6890E+00  -0.2443E+01  -0.2078E+01
  0.9720E+00  -0.4073E+01  -0.3946E+00
  0.1163E+01  -0.3152E+01  -0.1219E+01
  0.1834E+01  -0.4031E+01   0.2493E+00
  0.4865E+00  -0.2491E+01  -0.6967E+00
  0.1207E+01   0.4063E+01   0.1235E+01
  0.1163E+01  -0.3072E+01  -0.2835E-01
  0.1576E+01  -0.4084E+01   0.2281E+01
  0.2902E+00  -0.2875E+01   0.8425E+00
  0.1952E+01  -0.2185E+01   0.3699E+01
  0.1307E+01  -0.1464E+01   0.2206E+01
  0.1584E+01  -0.1573E+01  -0.4008E+01
  0.5787E+00  -0.2147E+01   0.2757E+01
  0.9001E+00  -0.2009E+01  -0.3200E+01
  0.1837E+01  -0.5316E+00  -0.3663E+01
  0.1983E+01  -0.2013E+01  -0.3069E+01
  0.7595E+00  -0.7633E+00  -0.4052E+01
  0.1445E+01  -0.1953E+01  -0.9014E+00
  0.1121E+01  -0.9673E+00  -0.3042E+01
  0.2088E+01  -0.2876E+01  -0.6025E+00
  0.3052E+00  -0.1416E+01  -0.2440E+01
  0.2012E+01  -0.2215E+01   0.2136E+00
  0.2377E+01  -0.1362E+01  -0.4778E+00
  0.2150E+01  -0.1239E+01   0.5748E+00
  0.3087E+00  -0.1046E+01   0.1534E+00
  0.8417E+00  -0.1994E+01   0.3106E+00
  0.1068E+01  -0.1161E+01   0.1031E+01
  0.1602E+01  -0.2101E+01   0.1200E+01
  0.5633E+00  -0.2007E+01   0.1583E+01
  0.1222E+01  -0.1396E+01   0.3353E+01
  0.1081E+01   0.5261E+00   0.3392E+01
  0.1267E+01  -0.4049E+00   0.2713E+01
  0.4553E+00  -0.5374E+00   0.3454E+01
  0.1088E+01   0.3947E+00  -0.3895E+01
  0.1556E+01  -0.2895E+00   0.3878E+01
  0.1347E+01   0.8575E-01  -0.2861E+01
  0.1097E+01   0.7560E+00  -0.2029E+01
  0.9123E+00  -0.4379E+00  -0.2066E+01
  0.2053E+01  -0.2663E+00  -0.1821E+01
  0.1452E+01  -0.8956E+00  -0.1228E+01
  0.1383E+01   0.2002E+00  -0.1071E+01
  0.5488E+00  -0.4797E+00  -0.9290E+00
  0.1830E+01   0.6803E+00  -0.7890E-01
  0.1315E+01  -0.9231E+00  -0.1194E+00
  0.8497E+00   0.1190E+00   0.3639E+00
  0.1601E+00  -0.5333E+00   0.1059E+01
  0.1793E+01   0.1575E+00   0.8992E+00
  0.1063E+01  -0.1920E+00   0.1605E+01
  0.1068E+01   0.9184E+00   0.1287E+01
  0.1375E+01   0.2297E+01   0.2555E+01
  0.1800E+01   0.1266E+01   0.2426E+01
  0.1840E+01   0.1741E+01   0.3448E+01
  0.1069E+01   0.1342E+01   0.4128E+01
  0.3710E-01   0.1802E+01  -0.4141E+01
  0.2042E+01   0.7566E+00   0.4155E+01
  0.5629E+00   0.1253E+01  -0.3378E+01
  0.5275E+00   0.2392E+01  -0.2675E+01
  0.1411E+01   0.1627E+01  -0.2861E+01
  0.1533E+01   0.2558E+01  -0.2391E+01
  0.1416E+01   0.1466E+01  -0.9265E+00
  0.6751E+00   0.1899E+01  -0.1620E+01
  0.9929E+00   0.1306E+01   0.1242E+00
  0.9564E+00   0.2391E+01  -0.4378E+00
  0.1897E+01   0.1862E+01  -0.9213E-01
  0.7034E+00   0.1733E+01   0.1908E+01
  0.1959E+01   0.1308E+01   0.8726E+00
  0.1620E+01   0.2076E+01   0.1493E+01
  0.9158E+00   0.6155E+00   0.2302E+01
  0.7665E+00   0.1475E+01   0.2945E+01
