      rx_fcc       ry_fcc       rz_fcc
 -0.3021E+01  -0.3420E+01  -0.3420E+01
 -0.1483E+01  -0.2565E+01  -0.3420E+01
 -0.2324E+01  -0.3420E+01  -0.2565E+01
 -0.2160E+01  -0.2565E+01  -0.2565E+01
 -0.3018E+01  -0.3420E+01  -0.1710E+01
 -0.1480E+01  -0.2565E+01  -0.1710E+01
 -0.2334E+01  -0.3420E+01  -0.8550E+00
 -0.2172E+01  -0.2565E+01  -0.8550E+00
 -0.3030E+01  -0.3420E+01   0.0000E+00
 -0.1502E+01  -0.2565E+01   0.0000E+00
 -0.2344E+01  -0.3420E+01   0.8550E+00
 -0.2186E+01  -0.2565E+01   0.8550E+00
 -0.3032E+01  -0.3420E+01   0.1710E+01
 -0.1506E+01  -0.2565E+01   0.1710E+01
 -0.2337E+01  -0.3420E+01   0.2565E+01
 -0.2176E+01  -0.2565E+01   0.2565E+01
 -0.3064E+01  -0.1710E+01  -0.3420E+01
 -0.1549E+01  -0.8550E+00  -0.3420E+01
 -0.2363E+01  -0.1710E+01  -0.2565E+01
 -0.2224E+01  -0.8550E+00  -0.2565E+01
 -0.3061E+01  -0.1710E+01  -0.1710E+01
 -0.1553E+01  -0.8550E+00  -0.1710E+01
 -0.2374E+01  -0.1710E+01  -0.8550E+00
 -0.2230E+01  -0.8550E+00  -0.8550E+00
 -0.3073E+01  -0.1710E+01   0.0000E+00
 -0.1557E+01  -0.8550E+00   0.0000E+00
 -0.2385E+01  -0.1710E+01   0.8550E+00
 -0.2224E+01  -0.8550E+00   0.8550E+00
 -0.3074E+01  -0.1710E+01   0.1710E+01
 -0.1544E+01  -0.8550E+00   0.1710E+01
 -0.2379E+01  -0.1710E+01   0.2565E+01
 -0.2218E+01  -0.8550E+00   0.2565E+01
 -0.3102E+01   0.0000E+00  -0.3420E+01
 -0.1559E+01   0.8550E+00  -0.3420E+01
 -0.2426E+01   0.0000E+00  -0.2565E+01
 -0.2222E+01   0.8550E+00  -0.2565E+01
 -0.3102E+01   0.0000E+00  -0.1710E+01
 -0.1558E+01   0.8550E+00  -0.1710E+01
 -0.2429E+01   0.0000E+00  -0.8550E+00
 -0.2223E+01   0.8550E+00  -0.8550E+00
 -0.3104E+01   0.0000E+00   0.0000E+00
 -0.1560E+01   0.8550E+00   0.0000E+00
 -0.2431E+01   0.0000E+00   0.8550E+00
 -0.2224E+01   0.8550E+00   0.8550E+00
 -0.3103E+01   0.0000E+00   0.1710E+01
 -0.1560E+01   0.8550E+00   0.1710E+01
 -0.2429E+01   0.0000E+00   0.2565E+01
 -0.2224E+01   0.8550E+00   0.2565E+01
 -0.3096E+01   0.1710E+01  -0.3420E+01
 -0.1598E+01   0.2565E+01  -0.3420E+01
 -0.2430E+01   0.1710E+01  -0.2565E+01
 -0.2251E+01   0.2565E+01  -0.2565E+01
 -0.3096E+01   0.1710E+01  -0.1710E+01
 -0.1602E+01   0.2565E+01  -0.1710E+01
 -0.2432E+01   0.1710E+01  -0.8550E+00
 -0.2250E+01   0.2565E+01  -0.8550E+00
 -0.3097E+01   0.1710E+01   0.0000E+00
 -0.1596E+01   0.2565E+01   0.0000E+00
 -0.2433E+01   0.1710E+01   0.8550E+00
 -0.2247E+01   0.2565E+01   0.8550E+00
 -0.3097E+01   0.1710E+01   0.1710E+01
 -0.1592E+01   0.2565E+01   0.1710E+01
 -0.2432E+01   0.1710E+01   0.2565E+01
 -0.2247E+01   0.2565E+01   0.2565E+01
 -0.1635E+01  -0.3420E+01  -0.3420E+01
 -0.8607E-01  -0.2565E+01  -0.3420E+01
 -0.9269E+00  -0.3420E+01  -0.2565E+01
 -0.7968E+00  -0.2565E+01  -0.2565E+01
 -0.1634E+01  -0.3420E+01  -0.1710E+01
 -0.8304E-01  -0.2565E+01  -0.1710E+01
 -0.9225E+00  -0.3420E+01  -0.8550E+00
 -0.8006E+00  -0.2565E+01  -0.8550E+00
 -0.1648E+01  -0.3420E+01   0.0000E+00
 -0.1849E+00  -0.2565E+01   0.0000E+00
 -0.9151E+00  -0.3420E+01   0.8550E+00
 -0.8120E+00  -0.2565E+01   0.8550E+00
 -0.1651E+01  -0.3420E+01   0.1710E+01
 -0.1948E+00  -0.2565E+01   0.1710E+01
 -0.9241E+00  -0.3420E+01   0.2565E+01
 -0.8073E+00  -0.2565E+01   0.2565E+01
 -0.1679E+01  -0.1710E+01  -0.3420E+01
 -0.2069E+00  -0.8550E+00  -0.3420E+01
 -0.9624E+00  -0.1710E+01  -0.2565E+01
 -0.8615E+00  -0.8550E+00  -0.2565E+01
 -0.1670E+01  -0.1710E+01  -0.1710E+01
 -0.2152E+00  -0.8550E+00  -0.1710E+01
 -0.9616E+00  -0.1710E+01  -0.8550E+00
 -0.8678E+00  -0.8550E+00  -0.8550E+00
 -0.1695E+01  -0.1710E+01   0.0000E+00
 -0.2754E+00  -0.8550E+00   0.0000E+00
 -0.9934E+00  -0.1710E+01   0.8550E+00
 -0.8613E+00  -0.8550E+00   0.8550E+00
 -0.1702E+01  -0.1710E+01   0.1710E+01
 -0.1962E+00  -0.8550E+00   0.1710E+01
 -0.9879E+00  -0.1710E+01   0.2565E+01
 -0.8556E+00  -0.8550E+00   0.2565E+01
 -0.1754E+01   0.0000E+00  -0.3420E+01
 -0.2343E+00   0.8550E+00  -0.3420E+01
 -0.1050E+01   0.0000E+00  -0.2565E+01
 -0.8724E+00   0.8550E+00  -0.2565E+01
 -0.1753E+01   0.0000E+00  -0.1710E+01
 -0.2328E+00   0.8550E+00  -0.1710E+01
 -0.1054E+01   0.0000E+00  -0.8550E+00
 -0.8730E+00   0.8550E+00  -0.8550E+00
 -0.1759E+01   0.0000E+00   0.0000E+00
 -0.2316E+00   0.8550E+00   0.0000E+00
 -0.1061E+01   0.0000E+00   0.8550E+00
 -0.8753E+00   0.8550E+00   0.8550E+00
 -0.1759E+01   0.0000E+00   0.1710E+01
 -0.2380E+00   0.8550E+00   0.1710E+01
 -0.1058E+01   0.0000E+00   0.2565E+01
 -0.8755E+00   0.8550E+00   0.2565E+01
 -0.1763E+01   0.1710E+01  -0.3420E+01
 -0.3468E+00   0.2565E+01  -0.3420E+01
 -0.1067E+01   0.1710E+01  -0.2565E+01
 -0.9465E+00   0.2565E+01  -0.2565E+01
 -0.1764E+01   0.1710E+01  -0.1710E+01
 -0.3599E+00   0.2565E+01  -0.1710E+01
 -0.1068E+01   0.1710E+01  -0.8550E+00
 -0.9441E+00   0.2565E+01  -0.8550E+00
 -0.1765E+01   0.1710E+01   0.0000E+00
 -0.3586E+00   0.2565E+01   0.0000E+00
 -0.1066E+01   0.1710E+01   0.8550E+00
 -0.9324E+00   0.2565E+01   0.8550E+00
 -0.1765E+01   0.1710E+01   0.1710E+01
 -0.3489E+00   0.2565E+01   0.1710E+01
 -0.1067E+01   0.1710E+01   0.2565E+01
 -0.9348E+00   0.2565E+01   0.2565E+01
 -0.1446E+00  -0.3420E+01  -0.3420E+01
  0.2526E+01  -0.2565E+01  -0.3420E+01
  0.1726E+01  -0.3420E+01  -0.2565E+01
  0.1593E+01  -0.2565E+01  -0.2565E+01
 -0.1345E+00  -0.3420E+01  -0.1710E+01
  0.2509E+01  -0.2565E+01  -0.1710E+01
  0.1712E+01  -0.3420E+01  -0.8550E+00
  0.1750E+01  -0.2565E+01  -0.8550E+00
  0.2970E-01  -0.3420E+01   0.0000E+00
  0.2516E+01  -0.2565E+01   0.0000E+00
  0.1717E+01  -0.3420E+01   0.8550E+00
  0.1793E+01  -0.2565E+01   0.8550E+00
  0.8344E-01  -0.3420E+01   0.1710E+01
  0.2521E+01  -0.2565E+01   0.1710E+01
  0.1720E+01  -0.3420E+01   0.2565E+01
  0.1796E+01  -0.2565E+01   0.2565E+01
 -0.2034E+00  -0.1710E+01  -0.3420E+01
  0.2537E+01  -0.8550E+00  -0.3420E+01
  0.1661E+01  -0.1710E+01  -0.2565E+01
  0.1783E+01  -0.8550E+00  -0.2565E+01
 -0.1805E+00  -0.1710E+01  -0.1710E+01
  0.2530E+01  -0.8550E+00  -0.1710E+01
  0.1652E+01  -0.1710E+01  -0.8550E+00
  0.1812E+01  -0.8550E+00  -0.8550E+00
  0.4492E+00  -0.1710E+01   0.0000E+00
  0.2540E+01  -0.8550E+00   0.0000E+00
  0.1677E+01  -0.1710E+01   0.8550E+00
  0.1832E+01  -0.8550E+00   0.8550E+00
  0.1095E+01  -0.1710E+01   0.1710E+01
  0.2549E+01  -0.8550E+00   0.1710E+01
  0.1682E+01  -0.1710E+01   0.2565E+01
  0.1831E+01  -0.8550E+00   0.2565E+01
  0.1137E+01   0.0000E+00  -0.3420E+01
  0.2592E+01   0.8550E+00  -0.3420E+01
  0.1722E+01   0.0000E+00  -0.2565E+01
  0.1875E+01   0.8550E+00  -0.2565E+01
  0.1152E+01   0.0000E+00  -0.1710E+01
  0.2590E+01   0.8550E+00  -0.1710E+01
  0.1731E+01   0.0000E+00  -0.8550E+00
  0.1887E+01   0.8550E+00  -0.8550E+00
  0.1160E+01   0.0000E+00   0.0000E+00
  0.2597E+01   0.8550E+00   0.0000E+00
  0.1719E+01   0.0000E+00   0.8550E+00
  0.1896E+01   0.8550E+00   0.8550E+00
  0.1062E+01   0.0000E+00   0.1710E+01
  0.2599E+01   0.8550E+00   0.1710E+01
  0.1711E+01   0.0000E+00   0.2565E+01
  0.1891E+01   0.8550E+00   0.2565E+01
  0.1202E+01   0.1710E+01  -0.3420E+01
  0.2568E+01   0.2565E+01  -0.3420E+01
  0.1760E+01   0.1710E+01  -0.2565E+01
  0.1807E+01   0.2565E+01  -0.2565E+01
  0.1202E+01   0.1710E+01  -0.1710E+01
  0.2557E+01   0.2565E+01  -0.1710E+01
  0.1761E+01   0.1710E+01  -0.8550E+00
  0.1846E+01   0.2565E+01  -0.8550E+00
  0.1202E+01   0.1710E+01   0.0000E+00
  0.2574E+01   0.2565E+01   0.0000E+00
  0.1766E+01   0.1710E+01   0.8550E+00
  0.1871E+01   0.2565E+01   0.8550E+00
  0.1206E+01   0.1710E+01   0.1710E+01
  0.2580E+01   0.2565E+01   0.1710E+01
  0.1765E+01   0.1710E+01   0.2565E+01
  0.1870E+01   0.2565E+01   0.2565E+01
  0.2433E+01  -0.3420E+01  -0.3420E+01
 -0.2862E+01  -0.2565E+01  -0.3420E+01
  0.3133E+01  -0.3420E+01  -0.2565E+01
  0.3268E+01  -0.2565E+01  -0.2565E+01
  0.2429E+01  -0.3420E+01  -0.1710E+01
 -0.2860E+01  -0.2565E+01  -0.1710E+01
  0.3123E+01  -0.3420E+01  -0.8550E+00
  0.3254E+01  -0.2565E+01  -0.8550E+00
  0.2430E+01  -0.3420E+01   0.0000E+00
 -0.2880E+01  -0.2565E+01   0.0000E+00
  0.3119E+01  -0.3420E+01   0.8550E+00
  0.3241E+01  -0.2565E+01   0.8550E+00
  0.2432E+01  -0.3420E+01   0.1710E+01
 -0.2885E+01  -0.2565E+01   0.1710E+01
  0.3122E+01  -0.3420E+01   0.2565E+01
  0.3250E+01  -0.2565E+01   0.2565E+01
  0.2384E+01  -0.1710E+01  -0.3420E+01
 -0.2908E+01  -0.8550E+00  -0.3420E+01
  0.3087E+01  -0.1710E+01  -0.2565E+01
  0.3236E+01  -0.8550E+00  -0.2565E+01
  0.2377E+01  -0.1710E+01  -0.1710E+01
 -0.2914E+01  -0.8550E+00  -0.1710E+01
  0.3077E+01  -0.1710E+01  -0.8550E+00
  0.3233E+01  -0.8550E+00  -0.8550E+00
  0.2379E+01  -0.1710E+01   0.0000E+00
 -0.2914E+01  -0.8550E+00   0.0000E+00
  0.3070E+01  -0.1710E+01   0.8550E+00
  0.3241E+01  -0.8550E+00   0.8550E+00
  0.2375E+01  -0.1710E+01   0.1710E+01
 -0.2901E+01  -0.8550E+00   0.1710E+01
  0.3073E+01  -0.1710E+01   0.2565E+01
  0.3243E+01  -0.8550E+00   0.2565E+01
  0.2390E+01   0.0000E+00  -0.3420E+01
 -0.2891E+01   0.8550E+00  -0.3420E+01
  0.3064E+01   0.0000E+00  -0.2565E+01
  0.3273E+01   0.8550E+00  -0.2565E+01
  0.2393E+01   0.0000E+00  -0.1710E+01
 -0.2891E+01   0.8550E+00  -0.1710E+01
  0.3064E+01   0.0000E+00  -0.8550E+00
  0.3274E+01   0.8550E+00  -0.8550E+00
  0.2394E+01   0.0000E+00   0.0000E+00
 -0.2891E+01   0.8550E+00   0.0000E+00
  0.3064E+01   0.0000E+00   0.8550E+00
  0.3276E+01   0.8550E+00   0.8550E+00
  0.2393E+01   0.0000E+00   0.1710E+01
 -0.2891E+01   0.8550E+00   0.1710E+01
  0.3063E+01   0.0000E+00   0.2565E+01
  0.3274E+01   0.8550E+00   0.2565E+01
  0.2418E+01   0.1710E+01  -0.3420E+01
 -0.2911E+01   0.2565E+01  -0.3420E+01
  0.3081E+01   0.1710E+01  -0.2565E+01
  0.3254E+01   0.2565E+01  -0.2565E+01
  0.2416E+01   0.1710E+01  -0.1710E+01
 -0.2913E+01   0.2565E+01  -0.1710E+01
  0.3080E+01   0.1710E+01  -0.8550E+00
  0.3254E+01   0.2565E+01  -0.8550E+00
  0.2420E+01   0.1710E+01   0.0000E+00
 -0.2909E+01   0.2565E+01   0.0000E+00
  0.3081E+01   0.1710E+01   0.8550E+00
  0.3260E+01   0.2565E+01   0.8550E+00
  0.2422E+01   0.1710E+01   0.1710E+01
 -0.2907E+01   0.2565E+01   0.1710E+01
  0.3081E+01   0.1710E+01   0.2565E+01
  0.3259E+01   0.2565E+01   0.2565E+01
