      rx_fcc       ry_fcc       rz_fcc
  0.2573E+01  -0.3420E+01  -0.3420E+01
 -0.2283E+01  -0.2565E+01  -0.3420E+01
  0.3223E+01  -0.3420E+01  -0.2565E+01
 -0.2974E+01  -0.2565E+01  -0.2565E+01
  0.2600E+01  -0.3420E+01  -0.1710E+01
 -0.2296E+01  -0.2565E+01  -0.1710E+01
  0.3251E+01  -0.3420E+01  -0.8550E+00
 -0.2970E+01  -0.2565E+01  -0.8550E+00
  0.2598E+01  -0.3420E+01   0.0000E+00
 -0.2288E+01  -0.2565E+01   0.0000E+00
  0.3234E+01  -0.3420E+01   0.8550E+00
 -0.2966E+01  -0.2565E+01   0.8550E+00
  0.2608E+01  -0.3420E+01   0.1710E+01
 -0.2291E+01  -0.2565E+01   0.1710E+01
  0.3249E+01  -0.3420E+01   0.2565E+01
 -0.2963E+01  -0.2565E+01   0.2565E+01
  0.2583E+01  -0.1710E+01  -0.3420E+01
 -0.2232E+01  -0.8550E+00  -0.3420E+01
  0.3223E+01  -0.1710E+01  -0.2565E+01
 -0.2921E+01  -0.8550E+00  -0.2565E+01
  0.2578E+01  -0.1710E+01  -0.1710E+01
 -0.2227E+01  -0.8550E+00  -0.1710E+01
  0.3223E+01  -0.1710E+01  -0.8550E+00
 -0.2908E+01  -0.8550E+00  -0.8550E+00
  0.2571E+01  -0.1710E+01   0.0000E+00
 -0.2228E+01  -0.8550E+00   0.0000E+00
  0.3215E+01  -0.1710E+01   0.8550E+00
 -0.2914E+01  -0.8550E+00   0.8550E+00
  0.2572E+01  -0.1710E+01   0.1710E+01
 -0.2228E+01  -0.8550E+00   0.1710E+01
  0.3217E+01  -0.1710E+01   0.2565E+01
 -0.2916E+01  -0.8550E+00   0.2565E+01
  0.2587E+01   0.0000E+00  -0.3420E+01
 -0.2319E+01   0.8550E+00  -0.3420E+01
  0.3222E+01   0.0000E+00  -0.2565E+01
 -0.2956E+01   0.8550E+00  -0.2565E+01
  0.2594E+01   0.0000E+00  -0.1710E+01
 -0.2293E+01   0.8550E+00  -0.1710E+01
  0.3243E+01   0.0000E+00  -0.8550E+00
 -0.2944E+01   0.8550E+00  -0.8550E+00
  0.2611E+01   0.0000E+00   0.0000E+00
 -0.2291E+01   0.8550E+00   0.0000E+00
  0.3235E+01   0.0000E+00   0.8550E+00
 -0.2951E+01   0.8550E+00   0.8550E+00
  0.2606E+01   0.0000E+00   0.1710E+01
 -0.2288E+01   0.8550E+00   0.1710E+01
  0.3227E+01   0.0000E+00   0.2565E+01
 -0.2945E+01   0.8550E+00   0.2565E+01
  0.2642E+01   0.1710E+01  -0.3420E+01
 -0.2285E+01   0.2565E+01  -0.3420E+01
  0.3270E+01   0.1710E+01  -0.2565E+01
 -0.2957E+01   0.2565E+01  -0.2565E+01
  0.2645E+01   0.1710E+01  -0.1710E+01
 -0.2286E+01   0.2565E+01  -0.1710E+01
  0.3274E+01   0.1710E+01  -0.8550E+00
 -0.2954E+01   0.2565E+01  -0.8550E+00
  0.2647E+01   0.1710E+01   0.0000E+00
 -0.2301E+01   0.2565E+01   0.0000E+00
  0.3278E+01   0.1710E+01   0.8550E+00
 -0.2961E+01   0.2565E+01   0.8550E+00
  0.2649E+01   0.1710E+01   0.1710E+01
 -0.2299E+01   0.2565E+01   0.1710E+01
  0.3287E+01   0.1710E+01   0.2565E+01
 -0.2957E+01   0.2565E+01   0.2565E+01
 -0.2874E+01  -0.3420E+01  -0.3420E+01
 -0.7135E+00  -0.2565E+01  -0.3420E+01
 -0.2149E+01  -0.3420E+01  -0.2565E+01
 -0.1500E+01  -0.2565E+01  -0.2565E+01
 -0.2891E+01  -0.3420E+01  -0.1710E+01
 -0.6952E+00  -0.2565E+01  -0.1710E+01
 -0.2175E+01  -0.3420E+01  -0.8550E+00
 -0.1487E+01  -0.2565E+01  -0.8550E+00
 -0.2905E+01  -0.3420E+01   0.0000E+00
 -0.8264E+00  -0.2565E+01   0.0000E+00
 -0.2200E+01  -0.3420E+01   0.8550E+00
 -0.1511E+01  -0.2565E+01   0.8550E+00
 -0.2906E+01  -0.3420E+01   0.1710E+01
 -0.8215E+00  -0.2565E+01   0.1710E+01
 -0.2175E+01  -0.3420E+01   0.2565E+01
 -0.1492E+01  -0.2565E+01   0.2565E+01
 -0.2920E+01  -0.1710E+01  -0.3420E+01
 -0.6794E+00  -0.8550E+00  -0.3420E+01
 -0.2175E+01  -0.1710E+01  -0.2565E+01
 -0.1449E+01  -0.8550E+00  -0.2565E+01
 -0.2915E+01  -0.1710E+01  -0.1710E+01
 -0.6970E+00  -0.8550E+00  -0.1710E+01
 -0.2170E+01  -0.1710E+01  -0.8550E+00
 -0.1473E+01  -0.8550E+00  -0.8550E+00
 -0.2914E+01  -0.1710E+01   0.0000E+00
 -0.7506E+00  -0.8550E+00   0.0000E+00
 -0.2180E+01  -0.1710E+01   0.8550E+00
 -0.1466E+01  -0.8550E+00   0.8550E+00
 -0.2902E+01  -0.1710E+01   0.1710E+01
 -0.7394E+00  -0.8550E+00   0.1710E+01
 -0.2155E+01  -0.1710E+01   0.2565E+01
 -0.1470E+01  -0.8550E+00   0.2565E+01
 -0.2943E+01   0.0000E+00  -0.3420E+01
 -0.9152E+00   0.8550E+00  -0.3420E+01
 -0.2248E+01   0.0000E+00  -0.2565E+01
 -0.1604E+01   0.8550E+00  -0.2565E+01
 -0.2935E+01   0.0000E+00  -0.1710E+01
 -0.9268E+00   0.8550E+00  -0.1710E+01
 -0.2237E+01   0.0000E+00  -0.8550E+00
 -0.1605E+01   0.8550E+00  -0.8550E+00
 -0.2933E+01   0.0000E+00   0.0000E+00
 -0.9521E+00   0.8550E+00   0.0000E+00
 -0.2257E+01   0.0000E+00   0.8550E+00
 -0.1629E+01   0.8550E+00   0.8550E+00
 -0.2943E+01   0.0000E+00   0.1710E+01
 -0.9397E+00   0.8550E+00   0.1710E+01
 -0.2250E+01   0.0000E+00   0.2565E+01
 -0.1621E+01   0.8550E+00   0.2565E+01
 -0.2909E+01   0.1710E+01  -0.3420E+01
 -0.9772E+00   0.2565E+01  -0.3420E+01
 -0.2238E+01   0.1710E+01  -0.2565E+01
 -0.1622E+01   0.2565E+01  -0.2565E+01
 -0.2923E+01   0.1710E+01  -0.1710E+01
 -0.9654E+00   0.2565E+01  -0.1710E+01
 -0.2248E+01   0.1710E+01  -0.8550E+00
 -0.1645E+01   0.2565E+01  -0.8550E+00
 -0.2928E+01   0.1710E+01   0.0000E+00
 -0.1090E+01   0.2565E+01   0.0000E+00
 -0.2250E+01   0.1710E+01   0.8550E+00
 -0.1672E+01   0.2565E+01   0.8550E+00
 -0.2908E+01   0.1710E+01   0.1710E+01
 -0.1090E+01   0.2565E+01   0.1710E+01
 -0.2225E+01   0.1710E+01   0.2565E+01
 -0.1648E+01   0.2565E+01   0.2565E+01
 -0.1356E+01  -0.3420E+01  -0.3420E+01
  0.1955E+01  -0.2565E+01  -0.3420E+01
  0.6400E+00  -0.3420E+01  -0.2565E+01
  0.1275E+01  -0.2565E+01  -0.2565E+01
 -0.1326E+01  -0.3420E+01  -0.1710E+01
  0.1966E+01  -0.2565E+01  -0.1710E+01
  0.7004E+00  -0.3420E+01  -0.8550E+00
  0.1290E+01  -0.2565E+01  -0.8550E+00
 -0.3411E-01  -0.3420E+01   0.0000E+00
  0.1962E+01  -0.2565E+01   0.0000E+00
  0.6983E+00  -0.3420E+01   0.8550E+00
  0.1289E+01  -0.2565E+01   0.8550E+00
 -0.9152E-02  -0.3420E+01   0.1710E+01
  0.1972E+01  -0.2565E+01   0.1710E+01
  0.7330E+00  -0.3420E+01   0.2565E+01
  0.1290E+01  -0.2565E+01   0.2565E+01
 -0.1308E+01  -0.1710E+01  -0.3420E+01
  0.1982E+01  -0.8550E+00  -0.3420E+01
  0.5922E+00  -0.1710E+01  -0.2565E+01
  0.1320E+01  -0.8550E+00  -0.2565E+01
 -0.1312E+01  -0.1710E+01  -0.1710E+01
  0.1974E+01  -0.8550E+00  -0.1710E+01
  0.5924E+00  -0.1710E+01  -0.8550E+00
  0.1303E+01  -0.8550E+00  -0.8550E+00
 -0.1133E+00  -0.1710E+01   0.0000E+00
  0.1973E+01  -0.8550E+00   0.0000E+00
  0.6219E+00  -0.1710E+01   0.8550E+00
  0.1313E+01  -0.8550E+00   0.8550E+00
 -0.5498E-01  -0.1710E+01   0.1710E+01
  0.1976E+01  -0.8550E+00   0.1710E+01
  0.6710E+00  -0.1710E+01   0.2565E+01
  0.1314E+01  -0.8550E+00   0.2565E+01
  0.1155E+00   0.0000E+00  -0.3420E+01
  0.1972E+01   0.8550E+00  -0.3420E+01
  0.7822E+00   0.0000E+00  -0.2565E+01
  0.1307E+01   0.8550E+00  -0.2565E+01
  0.1148E+00   0.0000E+00  -0.1710E+01
  0.1950E+01   0.8550E+00  -0.1710E+01
  0.7714E+00   0.0000E+00  -0.8550E+00
  0.1296E+01   0.8550E+00  -0.8550E+00
  0.9498E-01   0.0000E+00   0.0000E+00
  0.1942E+01   0.8550E+00   0.0000E+00
  0.7849E+00   0.0000E+00   0.8550E+00
  0.1299E+01   0.8550E+00   0.8550E+00
  0.1068E+00   0.0000E+00   0.1710E+01
  0.1944E+01   0.8550E+00   0.1710E+01
  0.7809E+00   0.0000E+00   0.2565E+01
  0.1294E+01   0.8550E+00   0.2565E+01
  0.3578E+00   0.1710E+01  -0.3420E+01
  0.1911E+01   0.2565E+01  -0.3420E+01
  0.8909E+00   0.1710E+01  -0.2565E+01
  0.1251E+01   0.2565E+01  -0.2565E+01
  0.3594E+00   0.1710E+01  -0.1710E+01
  0.1911E+01   0.2565E+01  -0.1710E+01
  0.8737E+00   0.1710E+01  -0.8550E+00
  0.1250E+01   0.2565E+01  -0.8550E+00
  0.3308E+00   0.1710E+01   0.0000E+00
  0.1918E+01   0.2565E+01   0.0000E+00
  0.8603E+00   0.1710E+01   0.8550E+00
  0.1278E+01   0.2565E+01   0.8550E+00
  0.3213E+00   0.1710E+01   0.1710E+01
  0.1934E+01   0.2565E+01   0.1710E+01
  0.8648E+00   0.1710E+01   0.2565E+01
  0.1283E+01   0.2565E+01   0.2565E+01
  0.1420E+01  -0.3420E+01  -0.3420E+01
  0.3187E+01  -0.2565E+01  -0.3420E+01
  0.2059E+01  -0.3420E+01  -0.2565E+01
  0.2563E+01  -0.2565E+01  -0.2565E+01
  0.1425E+01  -0.3420E+01  -0.1710E+01
  0.3189E+01  -0.2565E+01  -0.1710E+01
  0.2059E+01  -0.3420E+01  -0.8550E+00
  0.2558E+01  -0.2565E+01  -0.8550E+00
  0.1421E+01  -0.3420E+01   0.0000E+00
  0.3179E+01  -0.2565E+01   0.0000E+00
  0.2056E+01  -0.3420E+01   0.8550E+00
  0.2552E+01  -0.2565E+01   0.8550E+00
  0.1428E+01  -0.3420E+01   0.1710E+01
  0.3175E+01  -0.2565E+01   0.1710E+01
  0.2058E+01  -0.3420E+01   0.2565E+01
  0.2549E+01  -0.2565E+01   0.2565E+01
  0.1366E+01  -0.1710E+01  -0.3420E+01
  0.3218E+01  -0.8550E+00  -0.3420E+01
  0.2021E+01  -0.1710E+01  -0.2565E+01
  0.2578E+01  -0.8550E+00  -0.2565E+01
  0.1363E+01  -0.1710E+01  -0.1710E+01
  0.3220E+01  -0.8550E+00  -0.1710E+01
  0.2018E+01  -0.1710E+01  -0.8550E+00
  0.2581E+01  -0.8550E+00  -0.8550E+00
  0.1369E+01  -0.1710E+01   0.0000E+00
  0.3238E+01  -0.8550E+00   0.0000E+00
  0.2028E+01  -0.1710E+01   0.8550E+00
  0.2596E+01  -0.8550E+00   0.8550E+00
  0.1368E+01  -0.1710E+01   0.1710E+01
  0.3238E+01  -0.8550E+00   0.1710E+01
  0.2026E+01  -0.1710E+01   0.2565E+01
  0.2595E+01  -0.8550E+00   0.2565E+01
  0.1426E+01   0.0000E+00  -0.3420E+01
  0.3201E+01   0.8550E+00  -0.3420E+01
  0.2028E+01   0.0000E+00  -0.2565E+01
  0.2580E+01   0.8550E+00  -0.2565E+01
  0.1396E+01   0.0000E+00  -0.1710E+01
  0.3205E+01   0.8550E+00  -0.1710E+01
  0.2029E+01   0.0000E+00  -0.8550E+00
  0.2583E+01   0.8550E+00  -0.8550E+00
  0.1397E+01   0.0000E+00   0.0000E+00
  0.3208E+01   0.8550E+00   0.0000E+00
  0.2059E+01   0.0000E+00   0.8550E+00
  0.2588E+01   0.8550E+00   0.8550E+00
  0.1431E+01   0.0000E+00   0.1710E+01
  0.3217E+01   0.8550E+00   0.1710E+01
  0.2057E+01   0.0000E+00   0.2565E+01
  0.2589E+01   0.8550E+00   0.2565E+01
  0.1477E+01   0.1710E+01  -0.3420E+01
  0.3194E+01   0.2565E+01  -0.3420E+01
  0.2085E+01   0.1710E+01  -0.2565E+01
  0.2572E+01   0.2565E+01  -0.2565E+01
  0.1474E+01   0.1710E+01  -0.1710E+01
  0.3194E+01   0.2565E+01  -0.1710E+01
  0.2085E+01   0.1710E+01  -0.8550E+00
  0.2573E+01   0.2565E+01  -0.8550E+00
  0.1467E+01   0.1710E+01   0.0000E+00
  0.3208E+01   0.2565E+01   0.0000E+00
  0.2081E+01   0.1710E+01   0.8550E+00
  0.2590E+01   0.2565E+01   0.8550E+00
  0.1465E+01   0.1710E+01   0.1710E+01
  0.3204E+01   0.2565E+01   0.1710E+01
  0.2077E+01   0.1710E+01   0.2565E+01
  0.2583E+01   0.2565E+01   0.2565E+01
