         rij       g(rij)
  0.6412E-02   0.0000E+00
  0.1069E-01   0.0000E+00
  0.1496E-01   0.0000E+00
  0.1924E-01   0.0000E+00
  0.2351E-01   0.0000E+00
  0.2779E-01   0.0000E+00
  0.3206E-01   0.0000E+00
  0.3634E-01   0.0000E+00
  0.4061E-01   0.0000E+00
  0.4489E-01   0.0000E+00
  0.4916E-01   0.0000E+00
  0.5344E-01   0.0000E+00
  0.5771E-01   0.0000E+00
  0.6199E-01   0.0000E+00
  0.6626E-01   0.0000E+00
  0.7054E-01   0.0000E+00
  0.7481E-01   0.0000E+00
  0.7909E-01   0.0000E+00
  0.8336E-01   0.0000E+00
  0.8764E-01   0.0000E+00
  0.9191E-01   0.0000E+00
  0.9619E-01   0.0000E+00
  0.1005E+00   0.0000E+00
  0.1047E+00   0.0000E+00
  0.1090E+00   0.0000E+00
  0.1133E+00   0.0000E+00
  0.1176E+00   0.0000E+00
  0.1218E+00   0.0000E+00
  0.1261E+00   0.0000E+00
  0.1304E+00   0.0000E+00
  0.1347E+00   0.0000E+00
  0.1389E+00   0.0000E+00
  0.1432E+00   0.0000E+00
  0.1475E+00   0.0000E+00
  0.1518E+00   0.0000E+00
  0.1560E+00   0.0000E+00
  0.1603E+00   0.0000E+00
  0.1646E+00   0.0000E+00
  0.1689E+00   0.0000E+00
  0.1731E+00   0.0000E+00
  0.1774E+00   0.0000E+00
  0.1817E+00   0.0000E+00
  0.1860E+00   0.0000E+00
  0.1902E+00   0.0000E+00
  0.1945E+00   0.0000E+00
  0.1988E+00   0.0000E+00
  0.2031E+00   0.0000E+00
  0.2073E+00   0.0000E+00
  0.2116E+00   0.0000E+00
  0.2159E+00   0.0000E+00
  0.2202E+00   0.0000E+00
  0.2244E+00   0.0000E+00
  0.2287E+00   0.0000E+00
  0.2330E+00   0.0000E+00
  0.2373E+00   0.0000E+00
  0.2415E+00   0.0000E+00
  0.2458E+00   0.0000E+00
  0.2501E+00   0.0000E+00
  0.2544E+00   0.0000E+00
  0.2586E+00   0.0000E+00
  0.2629E+00   0.0000E+00
  0.2672E+00   0.0000E+00
  0.2715E+00   0.0000E+00
  0.2757E+00   0.0000E+00
  0.2800E+00   0.0000E+00
  0.2843E+00   0.0000E+00
  0.2886E+00   0.0000E+00
  0.2928E+00   0.0000E+00
  0.2971E+00   0.0000E+00
  0.3014E+00   0.0000E+00
  0.3057E+00   0.0000E+00
  0.3099E+00   0.0000E+00
  0.3142E+00   0.0000E+00
  0.3185E+00   0.0000E+00
  0.3228E+00   0.0000E+00
  0.3270E+00   0.0000E+00
  0.3313E+00   0.0000E+00
  0.3356E+00   0.0000E+00
  0.3399E+00   0.0000E+00
  0.3441E+00   0.0000E+00
  0.3484E+00   0.0000E+00
  0.3527E+00   0.0000E+00
  0.3570E+00   0.0000E+00
  0.3612E+00   0.0000E+00
  0.3655E+00   0.0000E+00
  0.3698E+00   0.0000E+00
  0.3741E+00   0.0000E+00
  0.3783E+00   0.0000E+00
  0.3826E+00   0.0000E+00
  0.3869E+00   0.0000E+00
  0.3912E+00   0.0000E+00
  0.3954E+00   0.0000E+00
  0.3997E+00   0.0000E+00
  0.4040E+00   0.0000E+00
  0.4083E+00   0.0000E+00
  0.4125E+00   0.0000E+00
  0.4168E+00   0.0000E+00
  0.4211E+00   0.0000E+00
  0.4254E+00   0.0000E+00
  0.4296E+00   0.0000E+00
  0.4339E+00   0.0000E+00
  0.4382E+00   0.0000E+00
  0.4425E+00   0.0000E+00
  0.4467E+00   0.0000E+00
  0.4510E+00   0.0000E+00
  0.4553E+00   0.0000E+00
  0.4596E+00   0.0000E+00
  0.4638E+00   0.0000E+00
  0.4681E+00   0.0000E+00
  0.4724E+00   0.0000E+00
  0.4767E+00   0.0000E+00
  0.4809E+00   0.0000E+00
  0.4852E+00   0.0000E+00
  0.4895E+00   0.0000E+00
  0.4938E+00   0.0000E+00
  0.4980E+00   0.0000E+00
  0.5023E+00   0.0000E+00
  0.5066E+00   0.0000E+00
  0.5109E+00   0.0000E+00
  0.5151E+00   0.0000E+00
  0.5194E+00   0.0000E+00
  0.5237E+00   0.0000E+00
  0.5280E+00   0.0000E+00
  0.5322E+00   0.0000E+00
  0.5365E+00   0.0000E+00
  0.5408E+00   0.0000E+00
  0.5451E+00   0.0000E+00
  0.5493E+00   0.0000E+00
  0.5536E+00   0.0000E+00
  0.5579E+00   0.0000E+00
  0.5622E+00   0.0000E+00
  0.5664E+00   0.0000E+00
  0.5707E+00   0.0000E+00
  0.5750E+00   0.0000E+00
  0.5793E+00   0.0000E+00
  0.5835E+00   0.0000E+00
  0.5878E+00   0.0000E+00
  0.5921E+00   0.0000E+00
  0.5964E+00   0.0000E+00
  0.6006E+00   0.0000E+00
  0.6049E+00   0.0000E+00
  0.6092E+00   0.0000E+00
  0.6135E+00   0.0000E+00
  0.6177E+00   0.0000E+00
  0.6220E+00   0.0000E+00
  0.6263E+00   0.0000E+00
  0.6306E+00   0.0000E+00
  0.6348E+00   0.0000E+00
  0.6391E+00   0.0000E+00
  0.6434E+00   0.0000E+00
  0.6477E+00   0.0000E+00
  0.6519E+00   0.0000E+00
  0.6562E+00   0.0000E+00
  0.6605E+00   0.0000E+00
  0.6648E+00   0.0000E+00
  0.6690E+00   0.0000E+00
  0.6733E+00   0.0000E+00
  0.6776E+00   0.0000E+00
  0.6819E+00   0.0000E+00
  0.6861E+00   0.0000E+00
  0.6904E+00   0.0000E+00
  0.6947E+00   0.0000E+00
  0.6990E+00   0.0000E+00
  0.7032E+00   0.0000E+00
  0.7075E+00   0.0000E+00
  0.7118E+00   0.0000E+00
  0.7161E+00   0.0000E+00
  0.7203E+00   0.0000E+00
  0.7246E+00   0.0000E+00
  0.7289E+00   0.0000E+00
  0.7332E+00   0.0000E+00
  0.7374E+00   0.0000E+00
  0.7417E+00   0.0000E+00
  0.7460E+00   0.0000E+00
  0.7503E+00   0.0000E+00
  0.7545E+00   0.0000E+00
  0.7588E+00   0.0000E+00
  0.7631E+00   0.0000E+00
  0.7674E+00   0.0000E+00
  0.7716E+00   0.0000E+00
  0.7759E+00   0.0000E+00
  0.7802E+00   0.0000E+00
  0.7845E+00   0.0000E+00
  0.7887E+00   0.0000E+00
  0.7930E+00   0.0000E+00
  0.7973E+00   0.0000E+00
  0.8016E+00   0.0000E+00
  0.8058E+00   0.0000E+00
  0.8101E+00   0.0000E+00
  0.8144E+00   0.0000E+00
  0.8187E+00   0.0000E+00
  0.8229E+00   0.0000E+00
  0.8272E+00   0.0000E+00
  0.8315E+00   0.0000E+00
  0.8358E+00   0.0000E+00
  0.8400E+00   0.0000E+00
  0.8443E+00   0.0000E+00
  0.8486E+00   0.0000E+00
  0.8529E+00   0.0000E+00
  0.8571E+00   0.0000E+00
  0.8614E+00   0.0000E+00
  0.8657E+00   0.0000E+00
  0.8700E+00   0.0000E+00
  0.8742E+00   0.0000E+00
  0.8785E+00   0.0000E+00
  0.8828E+00   0.0000E+00
  0.8871E+00   0.0000E+00
  0.8913E+00   0.0000E+00
  0.8956E+00   0.0000E+00
  0.8999E+00   0.0000E+00
  0.9041E+00   0.0000E+00
  0.9084E+00   0.1128E+00
  0.9127E+00   0.0000E+00
  0.9170E+00   0.2214E+00
  0.9212E+00   0.0000E+00
  0.9255E+00   0.0000E+00
  0.9298E+00   0.0000E+00
  0.9341E+00   0.0000E+00
  0.9383E+00   0.0000E+00
  0.9426E+00   0.2095E+00
  0.9469E+00   0.3114E+00
  0.9512E+00   0.1029E+00
  0.9554E+00   0.0000E+00
  0.9597E+00   0.5053E+00
  0.9640E+00   0.1002E+00
  0.9683E+00   0.1985E+00
  0.9725E+00   0.1968E+00
  0.9768E+00   0.9754E+00
  0.9811E+00   0.2901E+00
  0.9854E+00   0.8627E+00
  0.9896E+00   0.4752E+00
  0.9939E+00   0.7537E+00
  0.9982E+00   0.1028E+01
  0.1002E+01   0.9262E+00
  0.1007E+01   0.6428E+00
  0.1011E+01   0.1002E+01
  0.1015E+01   0.1264E+01
  0.1020E+01   0.1074E+01
  0.1024E+01   0.1065E+01
  0.1028E+01   0.2289E+01
  0.1032E+01   0.1834E+01
  0.1037E+01   0.2338E+01
  0.1041E+01   0.1976E+01
  0.1045E+01   0.1959E+01
  0.1049E+01   0.2873E+01
  0.1054E+01   0.1928E+01
  0.1058E+01   0.2744E+01
  0.1062E+01   0.4371E+01
  0.1067E+01   0.2536E+01
  0.1071E+01   0.3084E+01
  0.1075E+01   0.3462E+01
  0.1079E+01   0.2636E+01
  0.1084E+01   0.4121E+01
  0.1088E+01   0.3696E+01
  0.1092E+01   0.3511E+01
  0.1097E+01   0.3174E+01
  0.1101E+01   0.2842E+01
  0.1105E+01   0.2286E+01
  0.1109E+01   0.3252E+01
  0.1114E+01   0.3753E+01
  0.1118E+01   0.3947E+01
  0.1122E+01   0.2513E+01
  0.1126E+01   0.2714E+01
  0.1131E+01   0.2985E+01
  0.1135E+01   0.2529E+01
  0.1139E+01   0.2582E+01
  0.1144E+01   0.2278E+01
  0.1148E+01   0.2685E+01
  0.1152E+01   0.2454E+01
  0.1156E+01   0.1740E+01
  0.1161E+01   0.2833E+01
  0.1165E+01   0.2126E+01
  0.1169E+01   0.1430E+01
  0.1173E+01   0.2230E+01
  0.1178E+01   0.2416E+01
  0.1182E+01   0.1998E+01
  0.1186E+01   0.1984E+01
  0.1191E+01   0.2101E+01
  0.1195E+01   0.2086E+01
  0.1199E+01   0.1165E+01
  0.1203E+01   0.1800E+01
  0.1208E+01   0.1340E+01
  0.1212E+01   0.1204E+01
  0.1216E+01   0.1321E+01
  0.1220E+01   0.1687E+01
  0.1225E+01   0.1427E+01
  0.1229E+01   0.1171E+01
  0.1233E+01   0.1836E+01
  0.1238E+01   0.1276E+01
  0.1242E+01   0.1569E+01
  0.1246E+01   0.1259E+01
  0.1250E+01   0.1429E+01
  0.1255E+01   0.1301E+01
  0.1259E+01   0.1116E+01
  0.1263E+01   0.1341E+01
  0.1268E+01   0.1564E+01
  0.1272E+01   0.6330E+00
  0.1276E+01   0.1257E+01
  0.1280E+01   0.8517E+00
  0.1285E+01   0.1241E+01
  0.1289E+01   0.7844E+00
  0.1293E+01   0.7235E+00
  0.1297E+01   0.9399E+00
  0.1302E+01   0.1318E+01
  0.1306E+01   0.9822E+00
  0.1310E+01   0.8132E+00
  0.1315E+01   0.9156E+00
  0.1319E+01   0.1284E+01
  0.1323E+01   0.1063E+01
  0.1327E+01   0.1109E+01
  0.1332E+01   0.1417E+01
  0.1336E+01   0.1095E+01
  0.1340E+01   0.5182E+00
  0.1344E+01   0.1133E+01
  0.1349E+01   0.7675E+00
  0.1353E+01   0.1017E+01
  0.1357E+01   0.1061E+01
  0.1362E+01   0.8535E+00
  0.1366E+01   0.9479E+00
  0.1370E+01   0.1041E+01
  0.1374E+01   0.8376E+00
  0.1379E+01   0.8814E+00
  0.1383E+01   0.1022E+01
  0.1387E+01   0.1064E+01
  0.1391E+01   0.9614E+00
  0.1396E+01   0.7644E+00
  0.1400E+01   0.1140E+01
  0.1404E+01   0.5663E+00
  0.1409E+01   0.6567E+00
  0.1413E+01   0.6994E+00
  0.1417E+01   0.5561E+00
  0.1421E+01   0.8292E+00
  0.1426E+01   0.7327E+00
  0.1430E+01   0.6372E+00
  0.1434E+01   0.6335E+00
  0.1439E+01   0.4048E+00
  0.1443E+01   0.6707E+00
  0.1447E+01   0.7556E+00
  0.1451E+01   0.4861E+00
  0.1456E+01   0.6589E+00
  0.1460E+01   0.6987E+00
  0.1464E+01   0.8683E+00
  0.1468E+01   0.6475E+00
  0.1473E+01   0.6866E+00
  0.1477E+01   0.6826E+00
  0.1481E+01   0.5939E+00
  0.1486E+01   0.7592E+00
  0.1490E+01   0.6290E+00
  0.1494E+01   0.5420E+00
  0.1498E+01   0.4975E+00
  0.1503E+01   0.4947E+00
  0.1507E+01   0.8198E+00
  0.1511E+01   0.4891E+00
  0.1515E+01   0.7295E+00
  0.1520E+01   0.7254E+00
  0.1524E+01   0.6812E+00
  0.1528E+01   0.5977E+00
  0.1533E+01   0.4359E+00
  0.1537E+01   0.5123E+00
  0.1541E+01   0.7838E+00
  0.1545E+01   0.7794E+00
  0.1550E+01   0.5426E+00
  0.1554E+01   0.6167E+00
  0.1558E+01   0.5750E+00
  0.1562E+01   0.3050E+00
  0.1567E+01   0.6446E+00
  0.1571E+01   0.8296E+00
  0.1575E+01   0.7876E+00
  0.1580E+01   0.4103E+00
  0.1584E+01   0.3710E+00
  0.1588E+01   0.7749E+00
  0.1592E+01   0.6974E+00
  0.1597E+01   0.6206E+00
  0.1601E+01   0.5447E+00
  0.1605E+01   0.3973E+00
  0.1610E+01   0.3952E+00
  0.1614E+01   0.8935E+00
  0.1618E+01   0.3910E+00
  0.1622E+01   0.8487E+00
  0.1627E+01   0.7035E+00
  0.1631E+01   0.6649E+00
  0.1635E+01   0.8006E+00
  0.1639E+01   0.5887E+00
  0.1644E+01   0.8612E+00
  0.1648E+01   0.6511E+00
  0.1652E+01   0.8864E+00
  0.1657E+01   0.8140E+00
  0.1661E+01   0.7424E+00
  0.1665E+01   0.7721E+00
  0.1669E+01   0.7682E+00
  0.1674E+01   0.4652E+00
  0.1678E+01   0.7273E+00
  0.1682E+01   0.4276E+00
  0.1686E+01   0.8836E+00
  0.1691E+01   0.8465E+00
  0.1695E+01   0.5831E+00
  0.1699E+01   0.7091E+00
  0.1704E+01   0.8659E+00
  0.1708E+01   0.4467E+00
  0.1712E+01   0.8573E+00
  0.1716E+01   0.7582E+00
  0.1721E+01   0.6602E+00
  0.1725E+01   0.9384E+00
  0.1729E+01   0.6848E+00
  0.1733E+01   0.6814E+00
  0.1738E+01   0.7397E+00
  0.1742E+01   0.8894E+00
  0.1746E+01   0.6714E+00
  0.1751E+01   0.6074E+00
  0.1755E+01   0.8160E+00
  0.1759E+01   0.8722E+00
  0.1763E+01   0.9578E+00
  0.1768E+01   0.9830E+00
  0.1772E+01   0.8004E+00
  0.1776E+01   0.8260E+00
  0.1781E+01   0.7340E+00
  0.1785E+01   0.8473E+00
  0.1789E+01   0.7851E+00
  0.1793E+01   0.1042E+01
  0.1798E+01   0.1037E+01
  0.1802E+01   0.9173E+00
  0.1806E+01   0.1027E+01
  0.1810E+01   0.6815E+00
  0.1815E+01   0.9327E+00
  0.1819E+01   0.9002E+00
  0.1823E+01   0.1204E+01
  0.1828E+01   0.1031E+01
  0.1832E+01   0.1110E+01
  0.1836E+01   0.8835E+00
  0.1840E+01   0.7969E+00
  0.1845E+01   0.7659E+00
  0.1849E+01   0.1035E+01
  0.1853E+01   0.1220E+01
  0.1857E+01   0.8902E+00
  0.1862E+01   0.8056E+00
  0.1866E+01   0.9356E+00
  0.1870E+01   0.9579E+00
  0.1875E+01   0.1430E+01
  0.1879E+01   0.9756E+00
  0.1883E+01   0.8137E+00
  0.1887E+01   0.9929E+00
  0.1892E+01   0.1431E+01
  0.1896E+01   0.1139E+01
  0.1900E+01   0.1057E+01
  0.1904E+01   0.1283E+01
  0.1909E+01   0.1098E+01
  0.1913E+01   0.8901E+00
  0.1917E+01   0.1038E+01
  0.1922E+01   0.1134E+01
  0.1926E+01   0.9787E+00
  0.1930E+01   0.1024E+01
  0.1934E+01   0.1045E+01
  0.1939E+01   0.1213E+01
  0.1943E+01   0.1060E+01
  0.1947E+01   0.1056E+01
  0.1952E+01   0.1589E+01
  0.1956E+01   0.1217E+01
  0.1960E+01   0.9933E+00
  0.1964E+01   0.1206E+01
  0.1969E+01   0.9847E+00
  0.1973E+01   0.9326E+00
  0.1977E+01   0.1190E+01
  0.1981E+01   0.1067E+01
  0.1986E+01   0.1062E+01
  0.1990E+01   0.1457E+01
  0.1994E+01   0.1147E+01
  0.1999E+01   0.1352E+01
  0.2003E+01   0.7889E+00
  0.2007E+01   0.1201E+01
  0.2011E+01   0.1841E+01
  0.2016E+01   0.1008E+01
  0.2020E+01   0.1163E+01
  0.2024E+01   0.1159E+01
  0.2028E+01   0.1086E+01
  0.2033E+01   0.1352E+01
  0.2037E+01   0.1211E+01
  0.2041E+01   0.1251E+01
  0.2046E+01   0.1223E+01
  0.2050E+01   0.1440E+01
  0.2054E+01   0.1434E+01
  0.2058E+01   0.1120E+01
  0.2063E+01   0.1334E+01
  0.2067E+01   0.1176E+01
  0.2071E+01   0.1519E+01
  0.2075E+01   0.1253E+01
  0.2080E+01   0.1506E+01
  0.2084E+01   0.1307E+01
  0.2088E+01   0.1217E+01
  0.2093E+01   0.1084E+01
  0.2097E+01   0.1482E+01
  0.2101E+01   0.9276E+00
  0.2105E+01   0.1113E+01
  0.2110E+01   0.1087E+01
  0.2114E+01   0.1291E+01
  0.2118E+01   0.1369E+01
  0.2123E+01   0.1219E+01
  0.2127E+01   0.1132E+01
  0.2131E+01   0.1332E+01
  0.2135E+01   0.1061E+01
  0.2140E+01   0.1362E+01
  0.2144E+01   0.1094E+01
  0.2148E+01   0.1190E+01
  0.2152E+01   0.1165E+01
  0.2157E+01   0.1141E+01
  0.2161E+01   0.1136E+01
  0.2165E+01   0.1310E+01
  0.2170E+01   0.8107E+00
  0.2174E+01   0.1162E+01
  0.2178E+01   0.1275E+01
  0.2182E+01   0.1133E+01
  0.2187E+01   0.1402E+01
  0.2191E+01   0.1299E+01
  0.2195E+01   0.1062E+01
  0.2199E+01   0.1251E+01
  0.2204E+01   0.1054E+01
  0.2208E+01   0.1069E+01
  0.2212E+01   0.1065E+01
  0.2217E+01   0.1023E+01
  0.2221E+01   0.1019E+01
  0.2225E+01   0.1260E+01
  0.2229E+01   0.8240E+00
  0.2234E+01   0.1045E+01
  0.2238E+01   0.1264E+01
  0.2242E+01   0.1037E+01
  0.2246E+01   0.1070E+01
  0.2251E+01   0.1139E+01
  0.2255E+01   0.1116E+01
  0.2259E+01   0.1112E+01
  0.2264E+01   0.1072E+01
  0.2268E+01   0.1176E+01
  0.2272E+01   0.9916E+00
  0.2276E+01   0.1078E+01
  0.2281E+01   0.1038E+01
  0.2285E+01   0.9270E+00
  0.2289E+01   0.1066E+01
  0.2294E+01   0.1062E+01
  0.2298E+01   0.1146E+01
  0.2302E+01   0.9484E+00
  0.2306E+01   0.9449E+00
  0.2311E+01   0.1116E+01
  0.2315E+01   0.1181E+01
  0.2319E+01   0.1142E+01
  0.2323E+01   0.1259E+01
  0.2328E+01   0.8589E+00
  0.2332E+01   0.9242E+00
  0.2336E+01   0.9379E+00
  0.2341E+01   0.9005E+00
  0.2345E+01   0.1100E+01
  0.2349E+01   0.9277E+00
  0.2353E+01   0.8235E+00
  0.2358E+01   0.1072E+01
  0.2362E+01   0.8342E+00
  0.2366E+01   0.1114E+01
  0.2370E+01   0.8613E+00
  0.2375E+01   0.8087E+00
  0.2379E+01   0.8716E+00
  0.2383E+01   0.1114E+01
  0.2388E+01   0.9143E+00
  0.2392E+01   0.9111E+00
  0.2396E+01   0.7781E+00
  0.2400E+01   0.6461E+00
  0.2405E+01   0.7404E+00
  0.2409E+01   0.7859E+00
  0.2413E+01   0.1007E+01
  0.2417E+01   0.7644E+00
  0.2422E+01   0.9363E+00
  0.2426E+01   0.9805E+00
  0.2430E+01   0.1040E+01
  0.2435E+01   0.8951E+00
  0.2439E+01   0.1048E+01
  0.2443E+01   0.1045E+01
  0.2447E+01   0.9945E+00
  0.2452E+01   0.8052E+00
  0.2456E+01   0.7870E+00
  0.2460E+01   0.9380E+00
  0.2465E+01   0.7662E+00
  0.2469E+01   0.9621E+00
  0.2473E+01   0.7153E+00
  0.2477E+01   0.8341E+00
  0.2482E+01   0.9219E+00
  0.2486E+01   0.7832E+00
  0.2490E+01   0.9306E+00
  0.2494E+01   0.8377E+00
  0.2499E+01   0.1029E+01
  0.2503E+01   0.7428E+00
  0.2507E+01   0.9476E+00
  0.2512E+01   0.9886E+00
  0.2516E+01   0.6764E+00
  0.2520E+01   0.8647E+00
  0.2524E+01   0.8910E+00
  0.2529E+01   0.8297E+00
  0.2533E+01   0.9430E+00
  0.2537E+01   0.9543E+00
  0.2541E+01   0.9511E+00
  0.2546E+01   0.9335E+00
  0.2550E+01   0.8874E+00
  0.2554E+01   0.9701E+00
  0.2559E+01   0.9384E+00
  0.2563E+01   0.7936E+00
  0.2567E+01   0.8898E+00
  0.2571E+01   0.7601E+00
  0.2576E+01   0.8839E+00
  0.2580E+01   0.9509E+00
  0.2584E+01   0.8920E+00
  0.2588E+01   0.9585E+00
  0.2593E+01   0.1038E+01
  0.2597E+01   0.8832E+00
  0.2601E+01   0.9628E+00
  0.2606E+01   0.8500E+00
  0.2610E+01   0.1011E+01
  0.2614E+01   0.8581E+00
  0.2618E+01   0.1032E+01
  0.2623E+01   0.8660E+00
  0.2627E+01   0.7958E+00
  0.2631E+01   0.6453E+00
  0.2636E+01   0.8308E+00
  0.2640E+01   0.9483E+00
  0.2644E+01   0.9719E+00
  0.2648E+01   0.9289E+00
  0.2653E+01   0.6878E+00
  0.2657E+01   0.9493E+00
  0.2661E+01   0.8149E+00
  0.2665E+01   0.6681E+00
  0.2670E+01   0.9272E+00
  0.2674E+01   0.1054E+01
  0.2678E+01   0.1012E+01
  0.2683E+01   0.8537E+00
  0.2687E+01   0.9154E+00
  0.2691E+01   0.7711E+00
  0.2695E+01   0.1012E+01
  0.2700E+01   0.1086E+01
  0.2704E+01   0.1006E+01
  0.2708E+01   0.8883E+00
  0.2712E+01   0.7970E+00
  0.2717E+01   0.8197E+00
  0.2721E+01   0.1018E+01
  0.2725E+01   0.1040E+01
  0.2730E+01   0.8995E+00
  0.2734E+01   0.8344E+00
  0.2738E+01   0.9932E+00
  0.2742E+01   0.1015E+01
  0.2747E+01   0.1036E+01
  0.2751E+01   0.9593E+00
  0.2755E+01   0.9564E+00
  0.2759E+01   0.9778E+00
  0.2764E+01   0.8164E+00
  0.2768E+01   0.1081E+01
  0.2772E+01   0.9204E+00
  0.2777E+01   0.1099E+01
  0.2781E+01   0.1131E+01
  0.2785E+01   0.1176E+01
  0.2789E+01   0.1017E+01
  0.2794E+01   0.1121E+01
  0.2798E+01   0.9987E+00
  0.2802E+01   0.1079E+01
  0.2806E+01   0.1087E+01
  0.2811E+01   0.8482E+00
  0.2815E+01   0.9983E+00
  0.2819E+01   0.1054E+01
  0.2824E+01   0.1167E+01
  0.2828E+01   0.1024E+01
  0.2832E+01   0.1068E+01
  0.2836E+01   0.8561E+00
  0.2841E+01   0.1027E+01
  0.2845E+01   0.1138E+01
  0.2849E+01   0.1078E+01
  0.2854E+01   0.9259E+00
  0.2858E+01   0.1185E+01
  0.2862E+01   0.1045E+01
  0.2866E+01   0.1088E+01
  0.2871E+01   0.1050E+01
  0.2875E+01   0.1205E+01
  0.2879E+01   0.9880E+00
  0.2883E+01   0.9291E+00
  0.2888E+01   0.1261E+01
  0.2892E+01   0.1124E+01
  0.2896E+01   0.9875E+00
  0.2901E+01   0.1139E+01
  0.2905E+01   0.9707E+00
  0.2909E+01   0.1265E+01
  0.2913E+01   0.8882E+00
  0.2918E+01   0.8638E+00
  0.2922E+01   0.8939E+00
  0.2926E+01   0.9131E+00
  0.2930E+01   0.1084E+01
  0.2935E+01   0.1178E+01
  0.2939E+01   0.1078E+01
  0.2943E+01   0.1139E+01
  0.2948E+01   0.8999E+00
  0.2952E+01   0.9720E+00
  0.2956E+01   0.1033E+01
  0.2960E+01   0.1104E+01
  0.2965E+01   0.1154E+01
  0.2969E+01   0.1088E+01
  0.2973E+01   0.1137E+01
  0.2977E+01   0.1029E+01
  0.2982E+01   0.1036E+01
  0.2986E+01   0.1148E+01
  0.2990E+01   0.8743E+00
  0.2995E+01   0.9341E+00
  0.2999E+01   0.9728E+00
  0.3003E+01   0.1084E+01
  0.3007E+01   0.1194E+01
  0.3012E+01   0.1180E+01
  0.3016E+01   0.9721E+00
  0.3020E+01   0.9183E+00
  0.3025E+01   0.1028E+01
  0.3029E+01   0.1207E+01
  0.3033E+01   0.1153E+01
  0.3037E+01   0.1110E+01
  0.3042E+01   0.1127E+01
  0.3046E+01   0.8828E+00
  0.3050E+01   0.1130E+01
  0.3054E+01   0.8779E+00
  0.3059E+01   0.1025E+01
  0.3063E+01   0.9425E+00
  0.3067E+01   0.1247E+01
  0.3072E+01   0.8978E+00
  0.3076E+01   0.1053E+01
  0.3080E+01   0.1148E+01
  0.3084E+01   0.1145E+01
  0.3089E+01   0.9854E+00
  0.3093E+01   0.1158E+01
  0.3097E+01   0.1193E+01
  0.3101E+01   0.9966E+00
  0.3106E+01   0.9553E+00
  0.3110E+01   0.1126E+01
  0.3114E+01   0.1152E+01
  0.3119E+01   0.1120E+01
  0.3123E+01   0.1231E+01
  0.3127E+01   0.1266E+01
  0.3131E+01   0.8353E+00
  0.3136E+01   0.1089E+01
  0.3140E+01   0.1067E+01
  0.3144E+01   0.1130E+01
  0.3148E+01   0.1070E+01
  0.3153E+01   0.1030E+01
  0.3157E+01   0.1055E+01
  0.3161E+01   0.9965E+00
  0.3166E+01   0.1087E+01
  0.3170E+01   0.1028E+01
  0.3174E+01   0.1081E+01
  0.3178E+01   0.1004E+01
  0.3183E+01   0.9464E+00
  0.3187E+01   0.1127E+01
  0.3191E+01   0.1033E+01
  0.3196E+01   0.1139E+01
  0.3200E+01   0.1027E+01
  0.3204E+01   0.1043E+01
  0.3208E+01   0.1139E+01
  0.3213E+01   0.8657E+00
  0.3217E+01   0.9804E+00
  0.3221E+01   0.1041E+01
  0.3225E+01   0.9662E+00
  0.3230E+01   0.1044E+01
  0.3234E+01   0.7030E+00
  0.3238E+01   0.9053E+00
  0.3243E+01   0.9649E+00
  0.3247E+01   0.9359E+00
  0.3251E+01   0.1118E+01
  0.3255E+01   0.1071E+01
  0.3260E+01   0.1042E+01
  0.3264E+01   0.9610E+00
  0.3268E+01   0.9411E+00
  0.3272E+01   0.1052E+01
  0.3277E+01   0.9709E+00
  0.3281E+01   0.9424E+00
  0.3285E+01   0.1026E+01
  0.3290E+01   0.9461E+00
  0.3294E+01   0.8407E+00
  0.3298E+01   0.9583E+00
  0.3302E+01   0.1024E+01
  0.3307E+01   0.8938E+00
  0.3311E+01   0.1002E+01
  0.3315E+01   0.8723E+00
  0.3319E+01   0.9629E+00
  0.3324E+01   0.8846E+00
  0.3328E+01   0.9580E+00
  0.3332E+01   0.9304E+00
  0.3337E+01   0.1087E+01
  0.3341E+01   0.1001E+01
  0.3345E+01   0.9482E+00
  0.3349E+01   0.1079E+01
  0.3354E+01   0.9599E+00
  0.3358E+01   0.1007E+01
  0.3362E+01   0.1161E+01
  0.3367E+01   0.1043E+01
  0.3371E+01   0.9912E+00
  0.3375E+01   0.8743E+00
  0.3379E+01   0.9862E+00
  0.3384E+01   0.8536E+00
  0.3388E+01   0.1030E+01
  0.3392E+01   0.8978E+00
  0.3396E+01   0.1033E+01
  0.3401E+01   0.9899E+00
  0.3405E+01   0.8831E+00
  0.3409E+01   0.8008E+00
  0.3414E+01   0.9106E+00
  0.3418E+01   0.1115E+01
  0.3422E+01   0.8186E+00
  0.3426E+01   0.9196E+00
  0.3431E+01   0.9490E+00
  0.3435E+01   0.9387E+00
  0.3439E+01   0.9994E+00
  0.3443E+01   0.1020E+01
  0.3448E+01   0.1034E+01
  0.3452E+01   0.9607E+00
  0.3456E+01   0.1021E+01
  0.3461E+01   0.9871E+00
  0.3465E+01   0.8683E+00
  0.3469E+01   0.9281E+00
  0.3473E+01   0.8718E+00
  0.3478E+01   0.1024E+01
  0.3482E+01   0.1159E+01
  0.3486E+01   0.1049E+01
  0.3490E+01   0.9931E+00
  0.3495E+01   0.8002E+00
  0.3499E+01   0.1026E+01
  0.3503E+01   0.1084E+01
  0.3508E+01   0.8095E+00
  0.3512E+01   0.9358E+00
  0.3516E+01   0.1046E+01
  0.3520E+01   0.8411E+00
  0.3525E+01   0.8091E+00
  0.3529E+01   0.1069E+01
  0.3533E+01   0.8649E+00
  0.3538E+01   0.9297E+00
  0.3542E+01   0.9720E+00
  0.3546E+01   0.8882E+00
  0.3550E+01   0.1093E+01
  0.3555E+01   0.8324E+00
  0.3559E+01   0.1014E+01
  0.3563E+01   0.1019E+01
  0.3567E+01   0.9507E+00
  0.3572E+01   0.9047E+00
  0.3576E+01   0.9535E+00
  0.3580E+01   0.1017E+01
  0.3585E+01   0.1065E+01
  0.3589E+01   0.9539E+00
  0.3593E+01   0.1045E+01
  0.3597E+01   0.9781E+00
  0.3602E+01   0.9902E+00
  0.3606E+01   0.1038E+01
  0.3610E+01   0.1014E+01
  0.3614E+01   0.9475E+00
  0.3619E+01   0.1073E+01
  0.3623E+01   0.1042E+01
  0.3627E+01   0.9833E+00
  0.3632E+01   0.1016E+01
  0.3636E+01   0.9646E+00
  0.3640E+01   0.8710E+00
  0.3644E+01   0.9390E+00
  0.3649E+01   0.9438E+00
  0.3653E+01   0.9905E+00
  0.3657E+01   0.1065E+01
  0.3661E+01   0.1014E+01
  0.3666E+01   0.8866E+00
  0.3670E+01   0.9052E+00
  0.3674E+01   0.1013E+01
  0.3679E+01   0.8529E+00
  0.3683E+01   0.1160E+01
  0.3687E+01   0.1075E+01
  0.3691E+01   0.8880E+00
  0.3696E+01   0.1070E+01
  0.3700E+01   0.1101E+01
  0.3704E+01   0.9971E+00
  0.3709E+01   0.9948E+00
  0.3713E+01   0.1006E+01
  0.3717E+01   0.1078E+01
  0.3721E+01   0.7931E+00
  0.3726E+01   0.1059E+01
  0.3730E+01   0.1024E+01
  0.3734E+01   0.9211E+00
  0.3738E+01   0.1066E+01
  0.3743E+01   0.1063E+01
  0.3747E+01   0.1021E+01
  0.3751E+01   0.1071E+01
  0.3756E+01   0.1023E+01
  0.3760E+01   0.1073E+01
  0.3764E+01   0.9131E+00
  0.3768E+01   0.1088E+01
  0.3773E+01   0.9809E+00
  0.3777E+01   0.8939E+00
  0.3781E+01   0.9700E+00
  0.3785E+01   0.1104E+01
  0.3790E+01   0.9073E+00
  0.3794E+01   0.8923E+00
  0.3798E+01   0.1000E+01
  0.3803E+01   0.1159E+01
  0.3807E+01   0.1118E+01
  0.3811E+01   0.8651E+00
  0.3815E+01   0.1113E+01
  0.3820E+01   0.1065E+01
  0.3824E+01   0.1069E+01
  0.3828E+01   0.1213E+01
  0.3832E+01   0.1096E+01
  0.3837E+01   0.1031E+01
  0.3841E+01   0.1142E+01
  0.3845E+01   0.1164E+01
  0.3850E+01   0.9735E+00
  0.3854E+01   0.1021E+01
  0.3858E+01   0.1063E+01
  0.3862E+01   0.8984E+00
  0.3867E+01   0.1121E+01
  0.3871E+01   0.1242E+01
  0.3875E+01   0.9792E+00
  0.3880E+01   0.1126E+01
  0.3884E+01   0.1055E+01
  0.3888E+01   0.9297E+00
  0.3892E+01   0.1057E+01
  0.3897E+01   0.9563E+00
  0.3901E+01   0.8135E+00
  0.3905E+01   0.9399E+00
  0.3909E+01   0.1078E+01
  0.3914E+01   0.1076E+01
  0.3918E+01   0.1025E+01
  0.3922E+01   0.1010E+01
  0.3927E+01   0.1014E+01
  0.3931E+01   0.1048E+01
  0.3935E+01   0.9196E+00
  0.3939E+01   0.9356E+00
  0.3944E+01   0.9516E+00
  0.3948E+01   0.9555E+00
  0.3952E+01   0.9832E+00
  0.3956E+01   0.9038E+00
  0.3961E+01   0.1098E+01
  0.3965E+01   0.1001E+01
  0.3969E+01   0.8743E+00
  0.3974E+01   0.1102E+01
  0.3978E+01   0.9588E+00
  0.3982E+01   0.1015E+01
  0.3986E+01   0.8844E+00
  0.3991E+01   0.9819E+00
  0.3995E+01   0.1091E+01
  0.3999E+01   0.9660E+00
  0.4003E+01   0.9291E+00
  0.4008E+01   0.9909E+00
  0.4012E+01   0.1145E+01
  0.4016E+01   0.1016E+01
  0.4021E+01   0.1036E+01
  0.4025E+01   0.9538E+00
  0.4029E+01   0.9861E+00
  0.4033E+01   0.1041E+01
  0.4038E+01   0.8392E+00
  0.4042E+01   0.9970E+00
  0.4046E+01   0.9380E+00
  0.4051E+01   0.1038E+01
  0.4055E+01   0.9737E+00
  0.4059E+01   0.1152E+01
  0.4063E+01   0.9414E+00
  0.4068E+01   0.9788E+00
  0.4072E+01   0.1061E+01
  0.4076E+01   0.1120E+01
  0.4080E+01   0.1168E+01
  0.4085E+01   0.9930E+00
  0.4089E+01   0.9463E+00
  0.4093E+01   0.9944E+00
  0.4098E+01   0.1087E+01
  0.4102E+01   0.1029E+01
  0.4106E+01   0.1010E+01
  0.4110E+01   0.1118E+01
  0.4115E+01   0.1050E+01
  0.4119E+01   0.1009E+01
  0.4123E+01   0.1035E+01
  0.4127E+01   0.9342E+00
  0.4132E+01   0.9487E+00
  0.4136E+01   0.1121E+01
  0.4140E+01   0.9556E+00
  0.4145E+01   0.9970E+00
  0.4149E+01   0.1125E+01
  0.4153E+01   0.1031E+01
  0.4157E+01   0.1120E+01
  0.4162E+01   0.9781E+00
  0.4166E+01   0.1062E+01
  0.4170E+01   0.1065E+01
  0.4174E+01   0.1025E+01
  0.4179E+01   0.1050E+01
  0.4183E+01   0.8883E+00
  0.4187E+01   0.1056E+01
  0.4192E+01   0.8476E+00
  0.4196E+01   0.1026E+01
  0.4200E+01   0.9602E+00
  0.4204E+01   0.9583E+00
  0.4209E+01   0.1061E+01
  0.4213E+01   0.8705E+00
  0.4217E+01   0.9263E+00
  0.4222E+01   0.1154E+01
  0.4226E+01   0.8704E+00
  0.4230E+01   0.8791E+00
  0.4234E+01   0.8669E+00
  0.4239E+01   0.9999E+00
  0.4243E+01   0.1070E+01
  0.4247E+01   0.1032E+01
  0.4251E+01   0.9320E+00
  0.4256E+01   0.1089E+01
  0.4260E+01   0.1016E+01
  0.4264E+01   0.9879E+00
  0.4269E+01   0.9706E+00
  0.4273E+01   0.9278E+00
  0.4277E+01   0.0000E+00
