        time     pot_ergy        press
  0.1000E-02  -0.4957E+01   0.6364E+00
  0.2000E-02  -0.4952E+01   0.6457E+00
  0.3000E-02  -0.4938E+01   0.6803E+00
  0.4000E-02  -0.4918E+01   0.7755E+00
  0.5000E-02  -0.4927E+01   0.7352E+00
  0.6000E-02  -0.4934E+01   0.7121E+00
  0.7000E-02  -0.4944E+01   0.6734E+00
  0.8000E-02  -0.4965E+01   0.5782E+00
  0.9000E-02  -0.4978E+01   0.5128E+00
  0.1000E-01  -0.4992E+01   0.4444E+00
  0.1100E-01  -0.4994E+01   0.4376E+00
  0.1200E-01  -0.5006E+01   0.3788E+00
  0.1300E-01  -0.5005E+01   0.3908E+00
  0.1400E-01  -0.4996E+01   0.4364E+00
  0.1500E-01  -0.4982E+01   0.5042E+00
  0.1600E-01  -0.4956E+01   0.6169E+00
  0.1700E-01  -0.4956E+01   0.6164E+00
  0.1800E-01  -0.4950E+01   0.6497E+00
  0.1900E-01  -0.4931E+01   0.7400E+00
  0.2000E-01  -0.4932E+01   0.7413E+00
  0.2100E-01  -0.4938E+01   0.7144E+00
  0.2200E-01  -0.4943E+01   0.6954E+00
  0.2300E-01  -0.4953E+01   0.6519E+00
  0.2400E-01  -0.4960E+01   0.6160E+00
  0.2500E-01  -0.4966E+01   0.5884E+00
  0.2600E-01  -0.4969E+01   0.5762E+00
  0.2700E-01  -0.4951E+01   0.6596E+00
  0.2800E-01  -0.4932E+01   0.7407E+00
  0.2900E-01  -0.4923E+01   0.7726E+00
  0.3000E-01  -0.4896E+01   0.8834E+00
  0.3100E-01  -0.4885E+01   0.9243E+00
  0.3200E-01  -0.4883E+01   0.9333E+00
  0.3300E-01  -0.4887E+01   0.9140E+00
  0.3400E-01  -0.4892E+01   0.8909E+00
  0.3500E-01  -0.4886E+01   0.9210E+00
  0.3600E-01  -0.4889E+01   0.9144E+00
  0.3700E-01  -0.4889E+01   0.9188E+00
  0.3800E-01  -0.4890E+01   0.9189E+00
  0.3900E-01  -0.4896E+01   0.9003E+00
  0.4000E-01  -0.4901E+01   0.8759E+00
  0.4100E-01  -0.4907E+01   0.8523E+00
  0.4200E-01  -0.4911E+01   0.8317E+00
  0.4300E-01  -0.4916E+01   0.8085E+00
  0.4400E-01  -0.4922E+01   0.7812E+00
  0.4500E-01  -0.4926E+01   0.7581E+00
  0.4600E-01  -0.4933E+01   0.7285E+00
  0.4700E-01  -0.4935E+01   0.7165E+00
  0.4800E-01  -0.4938E+01   0.7016E+00
  0.4900E-01  -0.4940E+01   0.6920E+00
  0.5000E-01  -0.4941E+01   0.6817E+00
  0.5100E-01  -0.4944E+01   0.6681E+00
  0.5200E-01  -0.4945E+01   0.6608E+00
  0.5300E-01  -0.4948E+01   0.6448E+00
  0.5400E-01  -0.4952E+01   0.6309E+00
  0.5500E-01  -0.4957E+01   0.6068E+00
  0.5600E-01  -0.4963E+01   0.5807E+00
  0.5700E-01  -0.4967E+01   0.5608E+00
  0.5800E-01  -0.4971E+01   0.5413E+00
  0.5900E-01  -0.4976E+01   0.5168E+00
  0.6000E-01  -0.4978E+01   0.5058E+00
  0.6100E-01  -0.4973E+01   0.5259E+00
  0.6200E-01  -0.4971E+01   0.5375E+00
  0.6300E-01  -0.4968E+01   0.5524E+00
  0.6400E-01  -0.4966E+01   0.5641E+00
  0.6500E-01  -0.4965E+01   0.5769E+00
  0.6600E-01  -0.4960E+01   0.6050E+00
  0.6700E-01  -0.4955E+01   0.6297E+00
  0.6800E-01  -0.4953E+01   0.6430E+00
  0.6900E-01  -0.4954E+01   0.6432E+00
  0.7000E-01  -0.4954E+01   0.6520E+00
  0.7100E-01  -0.4954E+01   0.6561E+00
  0.7200E-01  -0.4954E+01   0.6634E+00
  0.7300E-01  -0.4954E+01   0.6677E+00
  0.7400E-01  -0.4952E+01   0.6788E+00
  0.7500E-01  -0.4951E+01   0.6853E+00
  0.7600E-01  -0.4951E+01   0.6838E+00
  0.7700E-01  -0.4948E+01   0.6962E+00
  0.7800E-01  -0.4943E+01   0.7199E+00
  0.7900E-01  -0.4939E+01   0.7349E+00
  0.8000E-01  -0.4935E+01   0.7516E+00
  0.8100E-01  -0.4936E+01   0.7437E+00
  0.8200E-01  -0.4937E+01   0.7388E+00
  0.8300E-01  -0.4938E+01   0.7266E+00
  0.8400E-01  -0.4939E+01   0.7167E+00
  0.8500E-01  -0.4940E+01   0.7050E+00
  0.8600E-01  -0.4941E+01   0.6980E+00
  0.8700E-01  -0.4941E+01   0.6905E+00
  0.8800E-01  -0.4943E+01   0.6808E+00
  0.8900E-01  -0.4944E+01   0.6736E+00
  0.9000E-01  -0.4944E+01   0.6706E+00
  0.9100E-01  -0.4947E+01   0.6565E+00
  0.9200E-01  -0.4951E+01   0.6353E+00
  0.9300E-01  -0.4955E+01   0.6139E+00
  0.9400E-01  -0.4959E+01   0.5922E+00
  0.9500E-01  -0.4963E+01   0.5700E+00
  0.9600E-01  -0.4967E+01   0.5495E+00
  0.9700E-01  -0.4970E+01   0.5302E+00
  0.9800E-01  -0.4974E+01   0.5110E+00
  0.9900E-01  -0.4977E+01   0.4918E+00
  0.1000E+00  -0.4981E+01   0.4724E+00
  0.1010E+00  -0.4984E+01   0.4547E+00
  0.1020E+00  -0.4985E+01   0.4423E+00
  0.1030E+00  -0.4987E+01   0.4277E+00
  0.1040E+00  -0.4989E+01   0.4157E+00
  0.1050E+00  -0.4989E+01   0.4071E+00
  0.1060E+00  -0.4990E+01   0.3991E+00
  0.1070E+00  -0.4990E+01   0.3963E+00
  0.1080E+00  -0.4992E+01   0.3828E+00
  0.1090E+00  -0.4994E+01   0.3662E+00
  0.1100E+00  -0.4996E+01   0.3508E+00
  0.1110E+00  -0.4999E+01   0.3350E+00
  0.1120E+00  -0.5000E+01   0.3255E+00
  0.1130E+00  -0.5000E+01   0.3235E+00
  0.1140E+00  -0.5001E+01   0.3107E+00
  0.1150E+00  -0.5004E+01   0.2950E+00
  0.1160E+00  -0.5006E+01   0.2793E+00
  0.1170E+00  -0.5008E+01   0.2673E+00
  0.1180E+00  -0.5010E+01   0.2550E+00
  0.1190E+00  -0.5012E+01   0.2414E+00
  0.1200E+00  -0.5013E+01   0.2311E+00
  0.1210E+00  -0.5015E+01   0.2188E+00
  0.1220E+00  -0.5018E+01   0.2036E+00
  0.1230E+00  -0.5020E+01   0.1921E+00
  0.1240E+00  -0.5021E+01   0.1811E+00
  0.1250E+00  -0.5023E+01   0.1697E+00
  0.1260E+00  -0.5023E+01   0.1673E+00
  0.1270E+00  -0.5022E+01   0.1690E+00
  0.1280E+00  -0.5020E+01   0.1749E+00
  0.1290E+00  -0.5018E+01   0.1807E+00
  0.1300E+00  -0.5019E+01   0.1741E+00
  0.1310E+00  -0.5019E+01   0.1719E+00
  0.1320E+00  -0.5019E+01   0.1686E+00
  0.1330E+00  -0.5020E+01   0.1630E+00
  0.1340E+00  -0.5017E+01   0.1708E+00
  0.1350E+00  -0.5012E+01   0.1888E+00
  0.1360E+00  -0.5012E+01   0.1889E+00
  0.1370E+00  -0.5011E+01   0.1912E+00
  0.1380E+00  -0.5010E+01   0.1890E+00
  0.1390E+00  -0.5011E+01   0.1816E+00
  0.1400E+00  -0.5013E+01   0.1731E+00
  0.1410E+00  -0.5014E+01   0.1637E+00
  0.1420E+00  -0.5015E+01   0.1558E+00
  0.1430E+00  -0.5016E+01   0.1471E+00
  0.1440E+00  -0.5018E+01   0.1369E+00
  0.1450E+00  -0.5018E+01   0.1323E+00
  0.1460E+00  -0.5017E+01   0.1349E+00
  0.1470E+00  -0.5018E+01   0.1307E+00
  0.1480E+00  -0.5019E+01   0.1261E+00
  0.1490E+00  -0.5017E+01   0.1309E+00
  0.1500E+00  -0.5015E+01   0.1391E+00
  0.1510E+00  -0.5016E+01   0.1351E+00
  0.1520E+00  -0.5017E+01   0.1308E+00
  0.1530E+00  -0.5016E+01   0.1352E+00
  0.1540E+00  -0.5013E+01   0.1466E+00
  0.1550E+00  -0.5011E+01   0.1540E+00
  0.1560E+00  -0.5010E+01   0.1607E+00
  0.1570E+00  -0.5007E+01   0.1736E+00
  0.1580E+00  -0.5007E+01   0.1772E+00
  0.1590E+00  -0.5007E+01   0.1761E+00
  0.1600E+00  -0.5004E+01   0.1867E+00
  0.1610E+00  -0.5004E+01   0.1909E+00
  0.1620E+00  -0.5002E+01   0.1978E+00
  0.1630E+00  -0.4999E+01   0.2118E+00
  0.1640E+00  -0.5000E+01   0.2113E+00
  0.1650E+00  -0.4998E+01   0.2200E+00
  0.1660E+00  -0.4998E+01   0.2204E+00
  0.1670E+00  -0.4998E+01   0.2181E+00
  0.1680E+00  -0.4999E+01   0.2156E+00
  0.1690E+00  -0.5000E+01   0.2118E+00
  0.1700E+00  -0.5001E+01   0.2075E+00
  0.1710E+00  -0.5002E+01   0.2009E+00
  0.1720E+00  -0.5003E+01   0.1945E+00
  0.1730E+00  -0.5005E+01   0.1865E+00
  0.1740E+00  -0.5007E+01   0.1785E+00
  0.1750E+00  -0.5008E+01   0.1713E+00
  0.1760E+00  -0.5010E+01   0.1661E+00
  0.1770E+00  -0.5011E+01   0.1589E+00
  0.1780E+00  -0.5012E+01   0.1536E+00
  0.1790E+00  -0.5013E+01   0.1498E+00
  0.1800E+00  -0.5014E+01   0.1473E+00
  0.1810E+00  -0.5014E+01   0.1487E+00
  0.1820E+00  -0.5014E+01   0.1498E+00
  0.1830E+00  -0.5015E+01   0.1456E+00
  0.1840E+00  -0.5017E+01   0.1379E+00
  0.1850E+00  -0.5018E+01   0.1335E+00
  0.1860E+00  -0.5019E+01   0.1294E+00
  0.1870E+00  -0.5020E+01   0.1234E+00
  0.1880E+00  -0.5022E+01   0.1168E+00
  0.1890E+00  -0.5023E+01   0.1128E+00
  0.1900E+00  -0.5024E+01   0.1075E+00
  0.1910E+00  -0.5024E+01   0.1068E+00
  0.1920E+00  -0.5025E+01   0.1030E+00
  0.1930E+00  -0.5026E+01   0.9882E-01
  0.1940E+00  -0.5026E+01   0.1008E+00
  0.1950E+00  -0.5027E+01   0.9622E-01
  0.1960E+00  -0.5028E+01   0.9370E-01
  0.1970E+00  -0.5028E+01   0.9543E-01
  0.1980E+00  -0.5028E+01   0.9446E-01
  0.1990E+00  -0.5028E+01   0.9448E-01
  0.2000E+00  -0.5024E+01   0.1130E+00
  0.2010E+00  -0.5023E+01   0.1140E+00
  0.2020E+00  -0.5025E+01   0.1095E+00
  0.2030E+00  -0.5025E+01   0.1105E+00
  0.2040E+00  -0.5022E+01   0.1223E+00
  0.2050E+00  -0.5021E+01   0.1280E+00
  0.2060E+00  -0.5020E+01   0.1335E+00
  0.2070E+00  -0.5019E+01   0.1379E+00
  0.2080E+00  -0.5019E+01   0.1395E+00
  0.2090E+00  -0.5018E+01   0.1443E+00
  0.2100E+00  -0.5018E+01   0.1482E+00
  0.2110E+00  -0.5016E+01   0.1582E+00
  0.2120E+00  -0.5014E+01   0.1677E+00
  0.2130E+00  -0.5012E+01   0.1771E+00
  0.2140E+00  -0.5010E+01   0.1886E+00
  0.2150E+00  -0.5007E+01   0.2014E+00
  0.2160E+00  -0.5006E+01   0.2068E+00
  0.2170E+00  -0.5005E+01   0.2125E+00
  0.2180E+00  -0.5005E+01   0.2159E+00
  0.2190E+00  -0.5004E+01   0.2184E+00
  0.2200E+00  -0.5003E+01   0.2275E+00
  0.2210E+00  -0.5002E+01   0.2306E+00
  0.2220E+00  -0.5001E+01   0.2371E+00
  0.2230E+00  -0.5000E+01   0.2419E+00
  0.2240E+00  -0.5000E+01   0.2441E+00
  0.2250E+00  -0.5000E+01   0.2443E+00
  0.2260E+00  -0.5001E+01   0.2434E+00
  0.2270E+00  -0.5001E+01   0.2420E+00
  0.2280E+00  -0.4999E+01   0.2524E+00
  0.2290E+00  -0.4999E+01   0.2528E+00
  0.2300E+00  -0.4999E+01   0.2538E+00
  0.2310E+00  -0.4997E+01   0.2654E+00
  0.2320E+00  -0.4996E+01   0.2728E+00
  0.2330E+00  -0.4993E+01   0.2863E+00
  0.2340E+00  -0.4989E+01   0.3066E+00
  0.2350E+00  -0.4987E+01   0.3179E+00
  0.2360E+00  -0.4986E+01   0.3245E+00
  0.2370E+00  -0.4985E+01   0.3319E+00
  0.2380E+00  -0.4977E+01   0.3649E+00
  0.2390E+00  -0.4973E+01   0.3873E+00
  0.2400E+00  -0.4972E+01   0.3926E+00
  0.2410E+00  -0.4970E+01   0.4001E+00
  0.2420E+00  -0.4970E+01   0.4045E+00
  0.2430E+00  -0.4970E+01   0.4060E+00
  0.2440E+00  -0.4969E+01   0.4109E+00
  0.2450E+00  -0.4968E+01   0.4198E+00
  0.2460E+00  -0.4967E+01   0.4256E+00
  0.2470E+00  -0.4963E+01   0.4435E+00
  0.2480E+00  -0.4956E+01   0.4783E+00
  0.2490E+00  -0.4955E+01   0.4861E+00
  0.2500E+00  -0.4953E+01   0.4963E+00
  0.2510E+00  -0.4952E+01   0.5045E+00
  0.2520E+00  -0.4951E+01   0.5102E+00
  0.2530E+00  -0.4950E+01   0.5172E+00
  0.2540E+00  -0.4949E+01   0.5260E+00
  0.2550E+00  -0.4946E+01   0.5418E+00
  0.2560E+00  -0.4945E+01   0.5476E+00
  0.2570E+00  -0.4945E+01   0.5491E+00
  0.2580E+00  -0.4944E+01   0.5532E+00
  0.2590E+00  -0.4944E+01   0.5573E+00
  0.2600E+00  -0.4944E+01   0.5593E+00
  0.2610E+00  -0.4944E+01   0.5620E+00
  0.2620E+00  -0.4944E+01   0.5641E+00
  0.2630E+00  -0.4945E+01   0.5637E+00
  0.2640E+00  -0.4945E+01   0.5631E+00
  0.2650E+00  -0.4945E+01   0.5685E+00
  0.2660E+00  -0.4945E+01   0.5705E+00
  0.2670E+00  -0.4945E+01   0.5712E+00
  0.2680E+00  -0.4946E+01   0.5696E+00
  0.2690E+00  -0.4946E+01   0.5677E+00
  0.2700E+00  -0.4947E+01   0.5644E+00
  0.2710E+00  -0.4948E+01   0.5607E+00
  0.2720E+00  -0.4949E+01   0.5574E+00
  0.2730E+00  -0.4950E+01   0.5564E+00
  0.2740E+00  -0.4950E+01   0.5587E+00
  0.2750E+00  -0.4949E+01   0.5631E+00
  0.2760E+00  -0.4948E+01   0.5673E+00
  0.2770E+00  -0.4948E+01   0.5728E+00
  0.2780E+00  -0.4947E+01   0.5764E+00
  0.2790E+00  -0.4947E+01   0.5798E+00
  0.2800E+00  -0.4946E+01   0.5843E+00
  0.2810E+00  -0.4946E+01   0.5851E+00
  0.2820E+00  -0.4946E+01   0.5850E+00
  0.2830E+00  -0.4946E+01   0.5890E+00
  0.2840E+00  -0.4945E+01   0.5927E+00
  0.2850E+00  -0.4945E+01   0.5941E+00
  0.2860E+00  -0.4944E+01   0.5964E+00
  0.2870E+00  -0.4944E+01   0.5994E+00
  0.2880E+00  -0.4942E+01   0.6092E+00
  0.2890E+00  -0.4941E+01   0.6139E+00
  0.2900E+00  -0.4941E+01   0.6127E+00
  0.2910E+00  -0.4941E+01   0.6136E+00
  0.2920E+00  -0.4941E+01   0.6149E+00
  0.2930E+00  -0.4942E+01   0.6135E+00
  0.2940E+00  -0.4942E+01   0.6116E+00
  0.2950E+00  -0.4943E+01   0.6102E+00
  0.2960E+00  -0.4943E+01   0.6091E+00
  0.2970E+00  -0.4944E+01   0.6080E+00
  0.2980E+00  -0.4944E+01   0.6090E+00
  0.2990E+00  -0.4944E+01   0.6079E+00
  0.3000E+00  -0.4945E+01   0.6054E+00
  0.3010E+00  -0.4946E+01   0.6023E+00
  0.3020E+00  -0.4946E+01   0.6021E+00
  0.3030E+00  -0.4947E+01   0.5982E+00
  0.3040E+00  -0.4948E+01   0.5948E+00
  0.3050E+00  -0.4948E+01   0.5926E+00
  0.3060E+00  -0.4948E+01   0.5936E+00
  0.3070E+00  -0.4948E+01   0.5932E+00
  0.3080E+00  -0.4948E+01   0.5912E+00
  0.3090E+00  -0.4948E+01   0.5884E+00
  0.3100E+00  -0.4949E+01   0.5842E+00
  0.3110E+00  -0.4950E+01   0.5803E+00
  0.3120E+00  -0.4951E+01   0.5759E+00
  0.3130E+00  -0.4952E+01   0.5725E+00
  0.3140E+00  -0.4953E+01   0.5696E+00
  0.3150E+00  -0.4954E+01   0.5646E+00
  0.3160E+00  -0.4955E+01   0.5590E+00
  0.3170E+00  -0.4956E+01   0.5533E+00
  0.3180E+00  -0.4957E+01   0.5476E+00
  0.3190E+00  -0.4958E+01   0.5419E+00
  0.3200E+00  -0.4959E+01   0.5368E+00
  0.3210E+00  -0.4960E+01   0.5325E+00
  0.3220E+00  -0.4961E+01   0.5278E+00
  0.3230E+00  -0.4963E+01   0.5231E+00
  0.3240E+00  -0.4963E+01   0.5193E+00
  0.3250E+00  -0.4964E+01   0.5160E+00
  0.3260E+00  -0.4964E+01   0.5146E+00
  0.3270E+00  -0.4965E+01   0.5129E+00
  0.3280E+00  -0.4966E+01   0.5066E+00
  0.3290E+00  -0.4967E+01   0.5006E+00
  0.3300E+00  -0.4968E+01   0.4952E+00
  0.3310E+00  -0.4969E+01   0.4904E+00
  0.3320E+00  -0.4970E+01   0.4854E+00
  0.3330E+00  -0.4971E+01   0.4809E+00
  0.3340E+00  -0.4971E+01   0.4776E+00
  0.3350E+00  -0.4972E+01   0.4740E+00
  0.3360E+00  -0.4973E+01   0.4685E+00
  0.3370E+00  -0.4973E+01   0.4638E+00
  0.3380E+00  -0.4974E+01   0.4593E+00
  0.3390E+00  -0.4974E+01   0.4565E+00
  0.3400E+00  -0.4975E+01   0.4535E+00
  0.3410E+00  -0.4975E+01   0.4490E+00
  0.3420E+00  -0.4976E+01   0.4431E+00
  0.3430E+00  -0.4977E+01   0.4407E+00
  0.3440E+00  -0.4977E+01   0.4373E+00
  0.3450E+00  -0.4978E+01   0.4317E+00
  0.3460E+00  -0.4979E+01   0.4261E+00
  0.3470E+00  -0.4980E+01   0.4204E+00
  0.3480E+00  -0.4981E+01   0.4146E+00
  0.3490E+00  -0.4982E+01   0.4098E+00
  0.3500E+00  -0.4983E+01   0.4067E+00
  0.3510E+00  -0.4983E+01   0.4039E+00
  0.3520E+00  -0.4984E+01   0.4002E+00
  0.3530E+00  -0.4985E+01   0.3962E+00
  0.3540E+00  -0.4985E+01   0.3938E+00
  0.3550E+00  -0.4986E+01   0.3904E+00
  0.3560E+00  -0.4987E+01   0.3858E+00
  0.3570E+00  -0.4987E+01   0.3816E+00
  0.3580E+00  -0.4988E+01   0.3767E+00
  0.3590E+00  -0.4989E+01   0.3713E+00
  0.3600E+00  -0.4990E+01   0.3671E+00
  0.3610E+00  -0.4990E+01   0.3646E+00
  0.3620E+00  -0.4990E+01   0.3647E+00
  0.3630E+00  -0.4990E+01   0.3655E+00
  0.3640E+00  -0.4990E+01   0.3650E+00
  0.3650E+00  -0.4990E+01   0.3609E+00
  0.3660E+00  -0.4990E+01   0.3588E+00
  0.3670E+00  -0.4990E+01   0.3577E+00
  0.3680E+00  -0.4991E+01   0.3549E+00
  0.3690E+00  -0.4992E+01   0.3501E+00
  0.3700E+00  -0.4992E+01   0.3464E+00
  0.3710E+00  -0.4993E+01   0.3436E+00
  0.3720E+00  -0.4993E+01   0.3399E+00
  0.3730E+00  -0.4994E+01   0.3368E+00
  0.3740E+00  -0.4995E+01   0.3318E+00
  0.3750E+00  -0.4995E+01   0.3280E+00
  0.3760E+00  -0.4996E+01   0.3229E+00
  0.3770E+00  -0.4997E+01   0.3185E+00
  0.3780E+00  -0.4998E+01   0.3158E+00
  0.3790E+00  -0.4999E+01   0.3130E+00
  0.3800E+00  -0.5000E+01   0.3085E+00
  0.3810E+00  -0.5001E+01   0.3037E+00
  0.3820E+00  -0.5002E+01   0.2994E+00
  0.3830E+00  -0.5002E+01   0.2953E+00
  0.3840E+00  -0.5003E+01   0.2923E+00
  0.3850E+00  -0.5004E+01   0.2876E+00
  0.3860E+00  -0.5005E+01   0.2821E+00
  0.3870E+00  -0.5006E+01   0.2766E+00
  0.3880E+00  -0.5006E+01   0.2745E+00
  0.3890E+00  -0.5007E+01   0.2715E+00
  0.3900E+00  -0.5008E+01   0.2663E+00
  0.3910E+00  -0.5009E+01   0.2607E+00
  0.3920E+00  -0.5010E+01   0.2557E+00
  0.3930E+00  -0.5011E+01   0.2515E+00
  0.3940E+00  -0.5012E+01   0.2467E+00
  0.3950E+00  -0.5012E+01   0.2452E+00
  0.3960E+00  -0.5012E+01   0.2424E+00
  0.3970E+00  -0.5013E+01   0.2379E+00
  0.3980E+00  -0.5014E+01   0.2346E+00
  0.3990E+00  -0.5014E+01   0.2311E+00
  0.4000E+00  -0.5014E+01   0.2282E+00
  0.4010E+00  -0.5015E+01   0.2252E+00
  0.4020E+00  -0.5015E+01   0.2220E+00
  0.4030E+00  -0.5015E+01   0.2203E+00
  0.4040E+00  -0.5016E+01   0.2171E+00
  0.4050E+00  -0.5016E+01   0.2149E+00
  0.4060E+00  -0.5016E+01   0.2126E+00
  0.4070E+00  -0.5011E+01   0.2309E+00
  0.4080E+00  -0.4994E+01   0.2967E+00
  0.4090E+00  -0.4969E+01   0.3922E+00
  0.4100E+00  -0.4942E+01   0.4978E+00
  0.4110E+00  -0.4917E+01   0.5930E+00
  0.4120E+00  -0.4889E+01   0.7025E+00
  0.4130E+00  -0.4860E+01   0.8186E+00
  0.4140E+00  -0.4842E+01   0.8898E+00
  0.4150E+00  -0.4833E+01   0.9319E+00
  0.4160E+00  -0.4824E+01   0.9679E+00
  0.4170E+00  -0.4817E+01   0.1000E+01
  0.4180E+00  -0.4811E+01   0.1025E+01
  0.4190E+00  -0.4808E+01   0.1042E+01
  0.4200E+00  -0.4804E+01   0.1056E+01
  0.4210E+00  -0.4802E+01   0.1069E+01
  0.4220E+00  -0.4799E+01   0.1083E+01
  0.4230E+00  -0.4795E+01   0.1099E+01
  0.4240E+00  -0.4793E+01   0.1110E+01
  0.4250E+00  -0.4790E+01   0.1121E+01
  0.4260E+00  -0.4788E+01   0.1133E+01
  0.4270E+00  -0.4786E+01   0.1141E+01
  0.4280E+00  -0.4784E+01   0.1151E+01
  0.4290E+00  -0.4782E+01   0.1160E+01
  0.4300E+00  -0.4781E+01   0.1168E+01
  0.4310E+00  -0.4779E+01   0.1173E+01
  0.4320E+00  -0.4778E+01   0.1179E+01
  0.4330E+00  -0.4776E+01   0.1190E+01
  0.4340E+00  -0.4772E+01   0.1204E+01
  0.4350E+00  -0.4771E+01   0.1211E+01
  0.4360E+00  -0.4770E+01   0.1215E+01
  0.4370E+00  -0.4770E+01   0.1218E+01
  0.4380E+00  -0.4769E+01   0.1222E+01
  0.4390E+00  -0.4768E+01   0.1223E+01
  0.4400E+00  -0.4768E+01   0.1227E+01
  0.4410E+00  -0.4766E+01   0.1233E+01
  0.4420E+00  -0.4764E+01   0.1241E+01
  0.4430E+00  -0.4764E+01   0.1243E+01
  0.4440E+00  -0.4764E+01   0.1245E+01
  0.4450E+00  -0.4763E+01   0.1246E+01
  0.4460E+00  -0.4763E+01   0.1248E+01
  0.4470E+00  -0.4763E+01   0.1249E+01
  0.4480E+00  -0.4762E+01   0.1251E+01
  0.4490E+00  -0.4762E+01   0.1250E+01
  0.4500E+00  -0.4762E+01   0.1252E+01
  0.4510E+00  -0.4761E+01   0.1254E+01
  0.4520E+00  -0.4761E+01   0.1254E+01
  0.4530E+00  -0.4761E+01   0.1255E+01
  0.4540E+00  -0.4761E+01   0.1255E+01
  0.4550E+00  -0.4761E+01   0.1254E+01
  0.4560E+00  -0.4761E+01   0.1252E+01
  0.4570E+00  -0.4762E+01   0.1250E+01
  0.4580E+00  -0.4762E+01   0.1250E+01
  0.4590E+00  -0.4762E+01   0.1249E+01
  0.4600E+00  -0.4761E+01   0.1252E+01
  0.4610E+00  -0.4760E+01   0.1254E+01
  0.4620E+00  -0.4760E+01   0.1256E+01
  0.4630E+00  -0.4759E+01   0.1258E+01
  0.4640E+00  -0.4758E+01   0.1262E+01
  0.4650E+00  -0.4758E+01   0.1263E+01
  0.4660E+00  -0.4758E+01   0.1262E+01
  0.4670E+00  -0.4758E+01   0.1263E+01
  0.4680E+00  -0.4758E+01   0.1263E+01
  0.4690E+00  -0.4758E+01   0.1265E+01
  0.4700E+00  -0.4758E+01   0.1264E+01
  0.4710E+00  -0.4758E+01   0.1264E+01
  0.4720E+00  -0.4758E+01   0.1263E+01
  0.4730E+00  -0.4758E+01   0.1262E+01
  0.4740E+00  -0.4759E+01   0.1261E+01
  0.4750E+00  -0.4758E+01   0.1262E+01
  0.4760E+00  -0.4759E+01   0.1262E+01
  0.4770E+00  -0.4759E+01   0.1262E+01
  0.4780E+00  -0.4759E+01   0.1262E+01
  0.4790E+00  -0.4759E+01   0.1261E+01
  0.4800E+00  -0.4759E+01   0.1260E+01
  0.4810E+00  -0.4759E+01   0.1262E+01
  0.4820E+00  -0.4759E+01   0.1260E+01
  0.4830E+00  -0.4760E+01   0.1257E+01
  0.4840E+00  -0.4760E+01   0.1256E+01
  0.4850E+00  -0.4760E+01   0.1254E+01
  0.4860E+00  -0.4761E+01   0.1252E+01
  0.4870E+00  -0.4761E+01   0.1251E+01
  0.4880E+00  -0.4761E+01   0.1249E+01
  0.4890E+00  -0.4761E+01   0.1248E+01
  0.4900E+00  -0.4762E+01   0.1246E+01
  0.4910E+00  -0.4762E+01   0.1246E+01
  0.4920E+00  -0.4762E+01   0.1246E+01
  0.4930E+00  -0.4762E+01   0.1243E+01
  0.4940E+00  -0.4763E+01   0.1240E+01
  0.4950E+00  -0.4763E+01   0.1236E+01
  0.4960E+00  -0.4764E+01   0.1232E+01
  0.4970E+00  -0.4765E+01   0.1228E+01
  0.4980E+00  -0.4766E+01   0.1224E+01
  0.4990E+00  -0.4767E+01   0.1221E+01
  0.5000E+00  -0.4767E+01   0.1220E+01
