   0.0000000000000000        477.000000    
   1.0000000000000000E-003   79.0000000    
   2.0000000000000000E-003   65.0000000    
   3.0000000000000001E-003   62.0000000    
   4.0000000000000001E-003   45.0000000    
   5.0000000000000001E-003   47.0000000    
   6.0000000000000001E-003   29.0000000    
   7.0000000000000001E-003   38.0000000    
   8.0000000000000002E-003   36.0000000    
   9.0000000000000011E-003   34.0000000    
   1.0000000000000000E-002   34.0000000    
   1.0999999999999999E-002   31.0000000    
   1.2000000000000000E-002   38.0000000    
   1.3000000000000001E-002   28.0000000    
   1.4000000000000000E-002   26.0000000    
   1.4999999999999999E-002   24.0000000    
   1.6000000000000000E-002   21.0000000    
   1.7000000000000001E-002   26.0000000    
   1.8000000000000002E-002   20.0000000    
   1.9000000000000000E-002   22.0000000    
   2.0000000000000000E-002   28.0000000    
   2.1000000000000001E-002   32.0000000    
   2.1999999999999999E-002   16.0000000    
   2.3000000000000000E-002   29.0000000    
   2.4000000000000000E-002   15.0000000    
   2.5000000000000001E-002   17.0000000    
   2.6000000000000002E-002   16.0000000    
   2.7000000000000000E-002   22.0000000    
   2.8000000000000001E-002   22.0000000    
   2.9000000000000001E-002   16.0000000    
   2.9999999999999999E-002   10.0000000    
   3.1000000000000000E-002   25.0000000    
   3.2000000000000001E-002   22.0000000    
   3.3000000000000002E-002   19.0000000    
   3.4000000000000002E-002   15.0000000    
   3.5000000000000003E-002   19.0000000    
   3.6000000000000004E-002   19.0000000    
   3.6999999999999998E-002   15.0000000    
   3.7999999999999999E-002   13.0000000    
   3.9000000000000000E-002   24.0000000    
   4.0000000000000001E-002   18.0000000    
   4.1000000000000002E-002   23.0000000    
   4.2000000000000003E-002   20.0000000    
   4.3000000000000003E-002   13.0000000    
   4.3999999999999997E-002   13.0000000    
   4.4999999999999998E-002   15.0000000    
   4.5999999999999999E-002   14.0000000    
   4.7000000000000000E-002   14.0000000    
   4.8000000000000001E-002   16.0000000    
   4.9000000000000002E-002   19.0000000    
   5.0000000000000003E-002   12.0000000    
   5.1000000000000004E-002   16.0000000    
   5.2000000000000005E-002   11.0000000    
   5.2999999999999999E-002   10.0000000    
   5.3999999999999999E-002   15.0000000    
   5.5000000000000000E-002   13.0000000    
   5.6000000000000001E-002   19.0000000    
   5.7000000000000002E-002   11.0000000    
   5.8000000000000003E-002   16.0000000    
   5.9000000000000004E-002   15.0000000    
   5.9999999999999998E-002   10.0000000    
   6.0999999999999999E-002   12.0000000    
   6.2000000000000000E-002   16.0000000    
   6.3000000000000000E-002   12.0000000    
   6.4000000000000001E-002   12.0000000    
   6.5000000000000002E-002   10.0000000    
   6.6000000000000003E-002   7.00000000    
   6.7000000000000004E-002   13.0000000    
   6.8000000000000005E-002   8.00000000    
   6.9000000000000006E-002   13.0000000    
   7.0000000000000007E-002   15.0000000    
   7.1000000000000008E-002   9.00000000    
   7.2000000000000008E-002   15.0000000    
   7.2999999999999995E-002   9.00000000    
   7.3999999999999996E-002   10.0000000    
   7.4999999999999997E-002   14.0000000    
   7.5999999999999998E-002   14.0000000    
   7.6999999999999999E-002   10.0000000    
   7.8000000000000000E-002   11.0000000    
   7.9000000000000001E-002   9.00000000    
   8.0000000000000002E-002   11.0000000    
   8.1000000000000003E-002   15.0000000    
   8.2000000000000003E-002   15.0000000    
   8.3000000000000004E-002   10.0000000    
   8.4000000000000005E-002   21.0000000    
   8.5000000000000006E-002   12.0000000    
   8.6000000000000007E-002   9.00000000    
   8.7000000000000008E-002   11.0000000    
   8.7999999999999995E-002   7.00000000    
   8.8999999999999996E-002   11.0000000    
   8.9999999999999997E-002   9.00000000    
   9.0999999999999998E-002   12.0000000    
   9.1999999999999998E-002   17.0000000    
   9.2999999999999999E-002   6.00000000    
   9.4000000000000000E-002   5.00000000    
   9.5000000000000001E-002   12.0000000    
   9.6000000000000002E-002   10.0000000    
   9.7000000000000003E-002   12.0000000    
   9.8000000000000004E-002   9.00000000    
   9.9000000000000005E-002   10.0000000    
  0.10000000000000001        10.0000000    
  0.10100000000000001        8.00000000    
  0.10200000000000001        10.0000000    
  0.10300000000000001        7.00000000    
  0.10400000000000001        8.00000000    
  0.10500000000000000        7.00000000    
  0.10600000000000000        14.0000000    
  0.10700000000000000        10.0000000    
  0.10800000000000000        9.00000000    
  0.10900000000000000        11.0000000    
  0.11000000000000000        10.0000000    
  0.11100000000000000        11.0000000    
  0.11200000000000000        11.0000000    
  0.11300000000000000        9.00000000    
  0.11400000000000000        6.00000000    
  0.11500000000000000        11.0000000    
  0.11600000000000001        2.00000000    
  0.11700000000000001        3.00000000    
  0.11800000000000001        10.0000000    
  0.11900000000000001        5.00000000    
  0.12000000000000000        5.00000000    
  0.12100000000000000        14.0000000    
  0.12200000000000000        8.00000000    
  0.12300000000000000        12.0000000    
  0.12400000000000000        8.00000000    
  0.12500000000000000        8.00000000    
  0.12600000000000000        10.0000000    
  0.12700000000000000        9.00000000    
  0.12800000000000000        17.0000000    
  0.12900000000000000        16.0000000    
  0.13000000000000000        8.00000000    
  0.13100000000000001        9.00000000    
  0.13200000000000001        11.0000000    
  0.13300000000000001        11.0000000    
  0.13400000000000001        4.00000000    
  0.13500000000000001        17.0000000    
  0.13600000000000001        5.00000000    
  0.13700000000000001        11.0000000    
  0.13800000000000001        8.00000000    
  0.13900000000000001        10.0000000    
  0.14000000000000001        9.00000000    
  0.14100000000000001        10.0000000    
  0.14200000000000002        11.0000000    
  0.14300000000000002        12.0000000    
  0.14400000000000002        6.00000000    
  0.14499999999999999        6.00000000    
  0.14599999999999999        5.00000000    
  0.14699999999999999        7.00000000    
  0.14799999999999999        11.0000000    
  0.14899999999999999        7.00000000    
  0.14999999999999999        13.0000000    
  0.15100000000000000        10.0000000    
  0.15200000000000000        8.00000000    
  0.15300000000000000        5.00000000    
  0.15400000000000000        12.0000000    
  0.15500000000000000        14.0000000    
  0.15600000000000000        12.0000000    
  0.15700000000000000        7.00000000    
  0.15800000000000000        13.0000000    
  0.15900000000000000        14.0000000    
  0.16000000000000000        12.0000000    
  0.16100000000000000        10.0000000    
  0.16200000000000001        7.00000000    
  0.16300000000000001        13.0000000    
  0.16400000000000001        10.0000000    
  0.16500000000000001        8.00000000    
  0.16600000000000001        4.00000000    
  0.16700000000000001        6.00000000    
  0.16800000000000001        9.00000000    
  0.16900000000000001        7.00000000    
  0.17000000000000001        4.00000000    
  0.17100000000000001        8.00000000    
  0.17200000000000001        8.00000000    
  0.17300000000000001        8.00000000    
  0.17400000000000002        8.00000000    
  0.17500000000000002        9.00000000    
  0.17599999999999999        6.00000000    
  0.17699999999999999        9.00000000    
  0.17799999999999999        5.00000000    
  0.17899999999999999        4.00000000    
  0.17999999999999999        9.00000000    
  0.18099999999999999        11.0000000    
  0.18200000000000000        5.00000000    
  0.18300000000000000        8.00000000    
  0.18400000000000000        11.0000000    
  0.18500000000000000        6.00000000    
  0.18600000000000000        4.00000000    
  0.18700000000000000        7.00000000    
  0.18800000000000000        13.0000000    
  0.18900000000000000        14.0000000    
  0.19000000000000000        11.0000000    
  0.19100000000000000        5.00000000    
  0.19200000000000000        10.0000000    
  0.19300000000000000        9.00000000    
  0.19400000000000001        9.00000000    
  0.19500000000000001        9.00000000    
  0.19600000000000001        8.00000000    
  0.19700000000000001        8.00000000    
  0.19800000000000001        9.00000000    
  0.19900000000000001        8.00000000    
  0.20000000000000001        4.00000000    
  0.20100000000000001        5.00000000    
  0.20200000000000001        8.00000000    
  0.20300000000000001        4.00000000    
  0.20400000000000001        7.00000000    
  0.20500000000000002        10.0000000    
  0.20600000000000002        9.00000000    
  0.20700000000000002        6.00000000    
  0.20800000000000002        13.0000000    
  0.20899999999999999        6.00000000    
  0.20999999999999999        7.00000000    
  0.21099999999999999        3.00000000    
  0.21199999999999999        11.0000000    
  0.21299999999999999        10.0000000    
  0.21400000000000000        11.0000000    
  0.21500000000000000        7.00000000    
  0.21600000000000000        8.00000000    
  0.21700000000000000        7.00000000    
  0.21800000000000000        7.00000000    
  0.21900000000000000        8.00000000    
  0.22000000000000000        8.00000000    
  0.22100000000000000        5.00000000    
  0.22200000000000000        6.00000000    
  0.22300000000000000        9.00000000    
  0.22400000000000000        9.00000000    
  0.22500000000000001        7.00000000    
  0.22600000000000001        13.0000000    
  0.22700000000000001        2.00000000    
  0.22800000000000001        7.00000000    
  0.22900000000000001        7.00000000    
  0.23000000000000001        7.00000000    
  0.23100000000000001        7.00000000    
  0.23200000000000001        9.00000000    
  0.23300000000000001        10.0000000    
  0.23400000000000001        7.00000000    
  0.23500000000000001        7.00000000    
  0.23600000000000002        6.00000000    
  0.23700000000000002        8.00000000    
  0.23800000000000002        11.0000000    
  0.23900000000000002        4.00000000    
  0.23999999999999999        5.00000000    
  0.24099999999999999        10.0000000    
  0.24199999999999999        10.0000000    
  0.24299999999999999        5.00000000    
  0.24399999999999999        6.00000000    
  0.24500000000000000        9.00000000    
  0.24600000000000000        9.00000000    
  0.24700000000000000        6.00000000    
  0.24800000000000000        4.00000000    
  0.24900000000000000        5.00000000    
  0.25000000000000000        9.00000000    
  0.25100000000000000        4.00000000    
  0.25200000000000000        7.00000000    
  0.25300000000000000        8.00000000    
  0.25400000000000000        3.00000000    
  0.25500000000000000        5.00000000    
  0.25600000000000001        6.00000000    
  0.25700000000000001        8.00000000    
  0.25800000000000001        3.00000000    
  0.25900000000000001        12.0000000    
  0.26000000000000001        8.00000000    
  0.26100000000000001        9.00000000    
  0.26200000000000001        8.00000000    
  0.26300000000000001        6.00000000    
  0.26400000000000001        6.00000000    
  0.26500000000000001        6.00000000    
  0.26600000000000001        4.00000000    
  0.26700000000000002        9.00000000    
  0.26800000000000002        7.00000000    
  0.26900000000000002        10.0000000    
  0.27000000000000002        3.00000000    
  0.27100000000000002        9.00000000    
  0.27200000000000002        6.00000000    
  0.27300000000000002        4.00000000    
  0.27400000000000002        5.00000000    
  0.27500000000000002        9.00000000    
  0.27600000000000002        7.00000000    
  0.27700000000000002        9.00000000    
  0.27800000000000002        6.00000000    
  0.27900000000000003        10.0000000    
  0.28000000000000003        8.00000000    
  0.28100000000000003        6.00000000    
  0.28200000000000003        8.00000000    
  0.28300000000000003        7.00000000    
  0.28400000000000003        6.00000000    
  0.28500000000000003        7.00000000    
  0.28600000000000003        8.00000000    
  0.28700000000000003        9.00000000    
  0.28800000000000003        4.00000000    
  0.28899999999999998        4.00000000    
  0.28999999999999998        5.00000000    
  0.29099999999999998        3.00000000    
  0.29199999999999998        5.00000000    
  0.29299999999999998        7.00000000    
  0.29399999999999998        6.00000000    
  0.29499999999999998        6.00000000    
  0.29599999999999999        5.00000000    
  0.29699999999999999        9.00000000    
  0.29799999999999999        6.00000000    
  0.29899999999999999        9.00000000    
  0.29999999999999999        6.00000000    
  0.30099999999999999        8.00000000    
  0.30199999999999999        9.00000000    
  0.30299999999999999        6.00000000    
  0.30399999999999999        9.00000000    
  0.30499999999999999        8.00000000    
  0.30599999999999999        5.00000000    
  0.30700000000000000        6.00000000    
  0.30800000000000000        8.00000000    
  0.30900000000000000        10.0000000    
  0.31000000000000000        7.00000000    
  0.31100000000000000        8.00000000    
  0.31200000000000000        9.00000000    
  0.31300000000000000        5.00000000    
  0.31400000000000000        6.00000000    
  0.31500000000000000        6.00000000    
  0.31600000000000000        2.00000000    
  0.31700000000000000        7.00000000    
  0.31800000000000000        4.00000000    
  0.31900000000000001        9.00000000    
  0.32000000000000001        6.00000000    
  0.32100000000000001        5.00000000    
  0.32200000000000001        1.00000000    
  0.32300000000000001        7.00000000    
  0.32400000000000001        8.00000000    
  0.32500000000000001        6.00000000    
  0.32600000000000001        5.00000000    
  0.32700000000000001        15.0000000    
  0.32800000000000001        6.00000000    
  0.32900000000000001        5.00000000    
  0.33000000000000002        5.00000000    
  0.33100000000000002        9.00000000    
  0.33200000000000002        8.00000000    
  0.33300000000000002        5.00000000    
  0.33400000000000002        5.00000000    
  0.33500000000000002        8.00000000    
  0.33600000000000002        9.00000000    
  0.33700000000000002        3.00000000    
  0.33800000000000002        6.00000000    
  0.33900000000000002        7.00000000    
  0.34000000000000002        4.00000000    
  0.34100000000000003        6.00000000    
  0.34200000000000003        5.00000000    
  0.34300000000000003        6.00000000    
  0.34400000000000003        6.00000000    
  0.34500000000000003        4.00000000    
  0.34600000000000003        5.00000000    
  0.34700000000000003        7.00000000    
  0.34800000000000003        7.00000000    
  0.34900000000000003        8.00000000    
  0.35000000000000003        12.0000000    
  0.35100000000000003        9.00000000    
  0.35199999999999998        4.00000000    
  0.35299999999999998        5.00000000    
  0.35399999999999998        4.00000000    
  0.35499999999999998        6.00000000    
  0.35599999999999998        2.00000000    
  0.35699999999999998        7.00000000    
  0.35799999999999998        5.00000000    
  0.35899999999999999        2.00000000    
  0.35999999999999999        7.00000000    
  0.36099999999999999        9.00000000    
  0.36199999999999999        4.00000000    
  0.36299999999999999        9.00000000    
  0.36399999999999999        5.00000000    
  0.36499999999999999        6.00000000    
  0.36599999999999999        5.00000000    
  0.36699999999999999        10.0000000    
  0.36799999999999999        6.00000000    
  0.36899999999999999        5.00000000    
  0.37000000000000000        4.00000000    
  0.37100000000000000        7.00000000    
  0.37200000000000000        4.00000000    
  0.37300000000000000        7.00000000    
  0.37400000000000000        6.00000000    
  0.37500000000000000        7.00000000    
  0.37600000000000000        4.00000000    
  0.37700000000000000        8.00000000    
  0.37800000000000000        4.00000000    
  0.37900000000000000        4.00000000    
  0.38000000000000000        10.0000000    
  0.38100000000000001        8.00000000    
  0.38200000000000001        6.00000000    
  0.38300000000000001        5.00000000    
  0.38400000000000001        5.00000000    
  0.38500000000000001        8.00000000    
  0.38600000000000001        5.00000000    
  0.38700000000000001        6.00000000    
  0.38800000000000001        7.00000000    
  0.38900000000000001        4.00000000    
  0.39000000000000001        5.00000000    
  0.39100000000000001        3.00000000    
  0.39200000000000002        5.00000000    
  0.39300000000000002        9.00000000    
  0.39400000000000002        3.00000000    
  0.39500000000000002        3.00000000    
  0.39600000000000002        6.00000000    
  0.39700000000000002        9.00000000    
  0.39800000000000002        10.0000000    
  0.39900000000000002        7.00000000    
  0.40000000000000002        6.00000000    
  0.40100000000000002        12.0000000    
  0.40200000000000002        2.00000000    
  0.40300000000000002        7.00000000    
  0.40400000000000003        6.00000000    
  0.40500000000000003        3.00000000    
  0.40600000000000003        8.00000000    
  0.40700000000000003        7.00000000    
  0.40800000000000003        10.0000000    
  0.40900000000000003        5.00000000    
  0.41000000000000003        3.00000000    
  0.41100000000000003        5.00000000    
  0.41200000000000003        5.00000000    
  0.41300000000000003        4.00000000    
  0.41400000000000003        3.00000000    
  0.41500000000000004        3.00000000    
  0.41600000000000004        7.00000000    
  0.41699999999999998        6.00000000    
  0.41799999999999998        7.00000000    
  0.41899999999999998        6.00000000    
  0.41999999999999998        8.00000000    
  0.42099999999999999        8.00000000    
  0.42199999999999999        1.00000000    
  0.42299999999999999        6.00000000    
  0.42399999999999999        5.00000000    
  0.42499999999999999        4.00000000    
  0.42599999999999999        11.0000000    
  0.42699999999999999        9.00000000    
  0.42799999999999999        4.00000000    
  0.42899999999999999        4.00000000    
  0.42999999999999999        7.00000000    
  0.43099999999999999        11.0000000    
  0.43200000000000000        5.00000000    
  0.43300000000000000        5.00000000    
  0.43400000000000000        5.00000000    
  0.43500000000000000        5.00000000    
  0.43600000000000000        7.00000000    
  0.43700000000000000        9.00000000    
  0.43800000000000000        8.00000000    
  0.43900000000000000        4.00000000    
  0.44000000000000000        8.00000000    
  0.44100000000000000        5.00000000    
  0.44200000000000000        6.00000000    
  0.44300000000000000        5.00000000    
  0.44400000000000001        6.00000000    
  0.44500000000000001        5.00000000    
  0.44600000000000001        4.00000000    
  0.44700000000000001        10.0000000    
  0.44800000000000001        12.0000000    
  0.44900000000000001        9.00000000    
  0.45000000000000001        9.00000000    
  0.45100000000000001        6.00000000    
  0.45200000000000001        7.00000000    
  0.45300000000000001        4.00000000    
  0.45400000000000001        8.00000000    
  0.45500000000000002        7.00000000    
  0.45600000000000002        3.00000000    
  0.45700000000000002        6.00000000    
  0.45800000000000002        8.00000000    
  0.45900000000000002        5.00000000    
  0.46000000000000002        4.00000000    
  0.46100000000000002        6.00000000    
  0.46200000000000002        6.00000000    
  0.46300000000000002        9.00000000    
  0.46400000000000002        6.00000000    
  0.46500000000000002        2.00000000    
  0.46600000000000003        5.00000000    
  0.46700000000000003        8.00000000    
  0.46800000000000003        8.00000000    
  0.46900000000000003        7.00000000    
  0.47000000000000003        8.00000000    
  0.47100000000000003        2.00000000    
  0.47200000000000003        5.00000000    
  0.47300000000000003        4.00000000    
  0.47400000000000003        8.00000000    
  0.47500000000000003        8.00000000    
  0.47600000000000003        3.00000000    
  0.47700000000000004        6.00000000    
  0.47800000000000004        7.00000000    
  0.47900000000000004        4.00000000    
  0.47999999999999998        8.00000000    
  0.48099999999999998        6.00000000    
  0.48199999999999998        8.00000000    
  0.48299999999999998        3.00000000    
  0.48399999999999999        5.00000000    
  0.48499999999999999        14.0000000    
  0.48599999999999999        10.0000000    
  0.48699999999999999        5.00000000    
  0.48799999999999999        7.00000000    
  0.48899999999999999        8.00000000    
  0.48999999999999999        9.00000000    
  0.49099999999999999        3.00000000    
  0.49199999999999999        7.00000000    
  0.49299999999999999        6.00000000    
  0.49399999999999999        6.00000000    
  0.49500000000000000        5.00000000    
  0.49600000000000000        5.00000000    
  0.49700000000000000        4.00000000    
  0.49800000000000000        7.00000000    
  0.49900000000000000        10.0000000    
  0.50000000000000000        3.00000000    
  0.50100000000000000        2.00000000    
  0.50200000000000000        5.00000000    
  0.50300000000000000        8.00000000    
  0.50400000000000000        5.00000000    
  0.50500000000000000        6.00000000    
  0.50600000000000001        5.00000000    
  0.50700000000000001        9.00000000    
  0.50800000000000001        3.00000000    
  0.50900000000000001        6.00000000    
  0.51000000000000001        7.00000000    
  0.51100000000000001        11.0000000    
  0.51200000000000001        11.0000000    
  0.51300000000000001        6.00000000    
  0.51400000000000001        6.00000000    
  0.51500000000000001        3.00000000    
  0.51600000000000001        9.00000000    
  0.51700000000000002        6.00000000    
  0.51800000000000002        8.00000000    
  0.51900000000000002        6.00000000    
  0.52000000000000002        5.00000000    
  0.52100000000000002        5.00000000    
  0.52200000000000002        6.00000000    
  0.52300000000000002        9.00000000    
  0.52400000000000002        5.00000000    
  0.52500000000000002        9.00000000    
  0.52600000000000002        10.0000000    
  0.52700000000000002        9.00000000    
  0.52800000000000002        9.00000000    
  0.52900000000000003        3.00000000    
  0.53000000000000003        6.00000000    
  0.53100000000000003        6.00000000    
  0.53200000000000003        5.00000000    
  0.53300000000000003        11.0000000    
  0.53400000000000003        7.00000000    
  0.53500000000000003        5.00000000    
  0.53600000000000003        11.0000000    
  0.53700000000000003        6.00000000    
  0.53800000000000003        10.0000000    
  0.53900000000000003        9.00000000    
  0.54000000000000004        6.00000000    
  0.54100000000000004        8.00000000    
  0.54200000000000004        9.00000000    
  0.54300000000000004        5.00000000    
  0.54400000000000004        6.00000000    
  0.54500000000000004        10.0000000    
  0.54600000000000004        7.00000000    
  0.54700000000000004        7.00000000    
  0.54800000000000004        6.00000000    
  0.54900000000000004        8.00000000    
  0.55000000000000004        9.00000000    
  0.55100000000000005        5.00000000    
  0.55200000000000005        3.00000000    
  0.55300000000000005        3.00000000    
  0.55400000000000005        5.00000000    
  0.55500000000000005        3.00000000    
  0.55600000000000005        7.00000000    
  0.55700000000000005        4.00000000    
  0.55800000000000005        3.00000000    
  0.55900000000000005        9.00000000    
  0.56000000000000005        7.00000000    
  0.56100000000000005        9.00000000    
  0.56200000000000006        5.00000000    
  0.56300000000000006        5.00000000    
  0.56400000000000006        4.00000000    
  0.56500000000000006        3.00000000    
  0.56600000000000006        7.00000000    
  0.56700000000000006        3.00000000    
  0.56800000000000006        6.00000000    
  0.56900000000000006        9.00000000    
  0.57000000000000006        5.00000000    
  0.57100000000000006        6.00000000    
  0.57200000000000006        4.00000000    
  0.57300000000000006        5.00000000    
  0.57400000000000007        4.00000000    
  0.57500000000000007        7.00000000    
  0.57600000000000007        6.00000000    
  0.57699999999999996        7.00000000    
  0.57799999999999996        6.00000000    
  0.57899999999999996        7.00000000    
  0.57999999999999996        2.00000000    
  0.58099999999999996        4.00000000    
  0.58199999999999996        6.00000000    
  0.58299999999999996        4.00000000    
  0.58399999999999996        9.00000000    
  0.58499999999999996        7.00000000    
  0.58599999999999997        4.00000000    
  0.58699999999999997        2.00000000    
  0.58799999999999997        3.00000000    
  0.58899999999999997        5.00000000    
  0.58999999999999997        6.00000000    
  0.59099999999999997        12.0000000    
  0.59199999999999997        7.00000000    
  0.59299999999999997        9.00000000    
  0.59399999999999997        7.00000000    
  0.59499999999999997        9.00000000    
  0.59599999999999997        7.00000000    
  0.59699999999999998        3.00000000    
  0.59799999999999998        2.00000000    
  0.59899999999999998        4.00000000    
  0.59999999999999998        12.0000000    
  0.60099999999999998        7.00000000    
  0.60199999999999998        9.00000000    
  0.60299999999999998        4.00000000    
  0.60399999999999998        5.00000000    
  0.60499999999999998        6.00000000    
  0.60599999999999998        6.00000000    
  0.60699999999999998        6.00000000    
  0.60799999999999998        7.00000000    
  0.60899999999999999        10.0000000    
  0.60999999999999999        0.00000000    
  0.61099999999999999        14.0000000    
  0.61199999999999999        9.00000000    
  0.61299999999999999        10.0000000    
  0.61399999999999999        6.00000000    
  0.61499999999999999        4.00000000    
  0.61599999999999999        9.00000000    
  0.61699999999999999        7.00000000    
  0.61799999999999999        5.00000000    
  0.61899999999999999        7.00000000    
  0.62000000000000000        5.00000000    
  0.62100000000000000        6.00000000    
  0.62200000000000000        8.00000000    
  0.62300000000000000        8.00000000    
  0.62400000000000000        9.00000000    
  0.62500000000000000        5.00000000    
  0.62600000000000000        6.00000000    
  0.62700000000000000        10.0000000    
  0.62800000000000000        11.0000000    
  0.62900000000000000        6.00000000    
  0.63000000000000000        7.00000000    
  0.63100000000000001        3.00000000    
  0.63200000000000001        6.00000000    
  0.63300000000000001        7.00000000    
  0.63400000000000001        7.00000000    
  0.63500000000000001        5.00000000    
  0.63600000000000001        7.00000000    
  0.63700000000000001        9.00000000    
  0.63800000000000001        4.00000000    
  0.63900000000000001        9.00000000    
  0.64000000000000001        2.00000000    
  0.64100000000000001        6.00000000    
  0.64200000000000002        6.00000000    
  0.64300000000000002        8.00000000    
  0.64400000000000002        8.00000000    
  0.64500000000000002        6.00000000    
  0.64600000000000002        7.00000000    
  0.64700000000000002        4.00000000    
  0.64800000000000002        4.00000000    
  0.64900000000000002        6.00000000    
  0.65000000000000002        6.00000000    
  0.65100000000000002        1.00000000    
  0.65200000000000002        5.00000000    
  0.65300000000000002        8.00000000    
  0.65400000000000003        7.00000000    
  0.65500000000000003        13.0000000    
  0.65600000000000003        3.00000000    
  0.65700000000000003        1.00000000    
  0.65800000000000003        8.00000000    
  0.65900000000000003        10.0000000    
  0.66000000000000003        7.00000000    
  0.66100000000000003        10.0000000    
  0.66200000000000003        7.00000000    
  0.66300000000000003        3.00000000    
  0.66400000000000003        5.00000000    
  0.66500000000000004        1.00000000    
  0.66600000000000004        3.00000000    
  0.66700000000000004        7.00000000    
  0.66800000000000004        8.00000000    
  0.66900000000000004        11.0000000    
  0.67000000000000004        10.0000000    
  0.67100000000000004        6.00000000    
  0.67200000000000004        5.00000000    
  0.67300000000000004        6.00000000    
  0.67400000000000004        8.00000000    
  0.67500000000000004        4.00000000    
  0.67600000000000005        9.00000000    
  0.67700000000000005        10.0000000    
  0.67800000000000005        6.00000000    
  0.67900000000000005        9.00000000    
  0.68000000000000005        4.00000000    
  0.68100000000000005        5.00000000    
  0.68200000000000005        6.00000000    
  0.68300000000000005        8.00000000    
  0.68400000000000005        6.00000000    
  0.68500000000000005        4.00000000    
  0.68600000000000005        8.00000000    
  0.68700000000000006        7.00000000    
  0.68800000000000006        9.00000000    
  0.68900000000000006        4.00000000    
  0.69000000000000006        3.00000000    
  0.69100000000000006        7.00000000    
  0.69200000000000006        7.00000000    
  0.69300000000000006        12.0000000    
  0.69400000000000006        4.00000000    
  0.69500000000000006        9.00000000    
  0.69600000000000006        4.00000000    
  0.69700000000000006        8.00000000    
  0.69800000000000006        2.00000000    
  0.69900000000000007        9.00000000    
  0.70000000000000007        7.00000000    
  0.70100000000000007        11.0000000    
  0.70200000000000007        5.00000000    
  0.70300000000000007        3.00000000    
  0.70399999999999996        8.00000000    
  0.70499999999999996        7.00000000    
  0.70599999999999996        7.00000000    
  0.70699999999999996        7.00000000    
  0.70799999999999996        6.00000000    
  0.70899999999999996        6.00000000    
  0.70999999999999996        8.00000000    
  0.71099999999999997        5.00000000    
  0.71199999999999997        13.0000000    
  0.71299999999999997        5.00000000    
  0.71399999999999997        8.00000000    
  0.71499999999999997        7.00000000    
  0.71599999999999997        9.00000000    
  0.71699999999999997        5.00000000    
  0.71799999999999997        8.00000000    
  0.71899999999999997        6.00000000    
  0.71999999999999997        8.00000000    
  0.72099999999999997        5.00000000    
  0.72199999999999998        5.00000000    
  0.72299999999999998        8.00000000    
  0.72399999999999998        8.00000000    
  0.72499999999999998        6.00000000    
  0.72599999999999998        6.00000000    
  0.72699999999999998        7.00000000    
  0.72799999999999998        6.00000000    
  0.72899999999999998        2.00000000    
  0.72999999999999998        8.00000000    
  0.73099999999999998        3.00000000    
  0.73199999999999998        11.0000000    
  0.73299999999999998        6.00000000    
  0.73399999999999999        8.00000000    
  0.73499999999999999        6.00000000    
  0.73599999999999999        8.00000000    
  0.73699999999999999        3.00000000    
  0.73799999999999999        7.00000000    
  0.73899999999999999        5.00000000    
  0.73999999999999999        6.00000000    
  0.74099999999999999        11.0000000    
  0.74199999999999999        7.00000000    
  0.74299999999999999        7.00000000    
  0.74399999999999999        2.00000000    
  0.74500000000000000        10.0000000    
  0.74600000000000000        4.00000000    
  0.74700000000000000        7.00000000    
  0.74800000000000000        7.00000000    
  0.74900000000000000        7.00000000    
  0.75000000000000000        9.00000000    
  0.75100000000000000        7.00000000    
  0.75200000000000000        6.00000000    
  0.75300000000000000        5.00000000    
  0.75400000000000000        9.00000000    
  0.75500000000000000        5.00000000    
  0.75600000000000001        6.00000000    
  0.75700000000000001        6.00000000    
  0.75800000000000001        5.00000000    
  0.75900000000000001        7.00000000    
  0.76000000000000001        3.00000000    
  0.76100000000000001        5.00000000    
  0.76200000000000001        8.00000000    
  0.76300000000000001        4.00000000    
  0.76400000000000001        9.00000000    
  0.76500000000000001        8.00000000    
  0.76600000000000001        7.00000000    
  0.76700000000000002        5.00000000    
  0.76800000000000002        15.0000000    
  0.76900000000000002        5.00000000    
  0.77000000000000002        6.00000000    
  0.77100000000000002        10.0000000    
  0.77200000000000002        6.00000000    
  0.77300000000000002        9.00000000    
  0.77400000000000002        4.00000000    
  0.77500000000000002        7.00000000    
  0.77600000000000002        7.00000000    
  0.77700000000000002        10.0000000    
  0.77800000000000002        4.00000000    
  0.77900000000000003        9.00000000    
  0.78000000000000003        6.00000000    
  0.78100000000000003        7.00000000    
  0.78200000000000003        3.00000000    
  0.78300000000000003        12.0000000    
  0.78400000000000003        10.0000000    
  0.78500000000000003        3.00000000    
  0.78600000000000003        7.00000000    
  0.78700000000000003        8.00000000    
  0.78800000000000003        11.0000000    
  0.78900000000000003        2.00000000    
  0.79000000000000004        9.00000000    
  0.79100000000000004        6.00000000    
  0.79200000000000004        3.00000000    
  0.79300000000000004        10.0000000    
  0.79400000000000004        7.00000000    
  0.79500000000000004        5.00000000    
  0.79600000000000004        3.00000000    
  0.79700000000000004        8.00000000    
  0.79800000000000004        12.0000000    
  0.79900000000000004        8.00000000    
  0.80000000000000004        8.00000000    
  0.80100000000000005        9.00000000    
  0.80200000000000005        7.00000000    
  0.80300000000000005        5.00000000    
  0.80400000000000005        10.0000000    
  0.80500000000000005        9.00000000    
  0.80600000000000005        11.0000000    
  0.80700000000000005        6.00000000    
  0.80800000000000005        9.00000000    
  0.80900000000000005        8.00000000    
  0.81000000000000005        4.00000000    
  0.81100000000000005        10.0000000    
  0.81200000000000006        9.00000000    
  0.81300000000000006        11.0000000    
  0.81400000000000006        7.00000000    
  0.81500000000000006        11.0000000    
  0.81600000000000006        4.00000000    
  0.81700000000000006        9.00000000    
  0.81800000000000006        10.0000000    
  0.81900000000000006        13.0000000    
  0.82000000000000006        7.00000000    
  0.82100000000000006        6.00000000    
  0.82200000000000006        10.0000000    
  0.82300000000000006        2.00000000    
  0.82400000000000007        9.00000000    
  0.82500000000000007        7.00000000    
  0.82600000000000007        4.00000000    
  0.82700000000000007        7.00000000    
  0.82800000000000007        6.00000000    
  0.82900000000000007        10.0000000    
  0.83000000000000007        7.00000000    
  0.83100000000000007        9.00000000    
  0.83200000000000007        9.00000000    
  0.83299999999999996        7.00000000    
  0.83399999999999996        3.00000000    
  0.83499999999999996        8.00000000    
  0.83599999999999997        11.0000000    
  0.83699999999999997        9.00000000    
  0.83799999999999997        10.0000000    
  0.83899999999999997        11.0000000    
  0.83999999999999997        9.00000000    
  0.84099999999999997        8.00000000    
  0.84199999999999997        7.00000000    
  0.84299999999999997        11.0000000    
  0.84399999999999997        7.00000000    
  0.84499999999999997        7.00000000    
  0.84599999999999997        11.0000000    
  0.84699999999999998        10.0000000    
  0.84799999999999998        6.00000000    
  0.84899999999999998        15.0000000    
  0.84999999999999998        8.00000000    
  0.85099999999999998        5.00000000    
  0.85199999999999998        10.0000000    
  0.85299999999999998        13.0000000    
  0.85399999999999998        8.00000000    
  0.85499999999999998        8.00000000    
  0.85599999999999998        6.00000000    
  0.85699999999999998        10.0000000    
  0.85799999999999998        17.0000000    
  0.85899999999999999        7.00000000    
  0.85999999999999999        8.00000000    
  0.86099999999999999        6.00000000    
  0.86199999999999999        9.00000000    
  0.86299999999999999        8.00000000    
  0.86399999999999999        8.00000000    
  0.86499999999999999        6.00000000    
  0.86599999999999999        13.0000000    
  0.86699999999999999        3.00000000    
  0.86799999999999999        7.00000000    
  0.86899999999999999        9.00000000    
  0.87000000000000000        7.00000000    
  0.87100000000000000        13.0000000    
  0.87200000000000000        7.00000000    
  0.87300000000000000        7.00000000    
  0.87400000000000000        12.0000000    
  0.87500000000000000        10.0000000    
  0.87600000000000000        5.00000000    
  0.87700000000000000        13.0000000    
  0.87800000000000000        9.00000000    
  0.87900000000000000        9.00000000    
  0.88000000000000000        14.0000000    
  0.88100000000000001        9.00000000    
  0.88200000000000001        11.0000000    
  0.88300000000000001        11.0000000    
  0.88400000000000001        10.0000000    
  0.88500000000000001        12.0000000    
  0.88600000000000001        13.0000000    
  0.88700000000000001        14.0000000    
  0.88800000000000001        7.00000000    
  0.88900000000000001        4.00000000    
  0.89000000000000001        4.00000000    
  0.89100000000000001        14.0000000    
  0.89200000000000002        5.00000000    
  0.89300000000000002        9.00000000    
  0.89400000000000002        9.00000000    
  0.89500000000000002        13.0000000    
  0.89600000000000002        10.0000000    
  0.89700000000000002        11.0000000    
  0.89800000000000002        12.0000000    
  0.89900000000000002        12.0000000    
  0.90000000000000002        4.00000000    
  0.90100000000000002        5.00000000    
  0.90200000000000002        11.0000000    
  0.90300000000000002        15.0000000    
  0.90400000000000003        7.00000000    
  0.90500000000000003        11.0000000    
  0.90600000000000003        12.0000000    
  0.90700000000000003        6.00000000    
  0.90800000000000003        11.0000000    
  0.90900000000000003        10.0000000    
  0.91000000000000003        18.0000000    
  0.91100000000000003        7.00000000    
  0.91200000000000003        9.00000000    
  0.91300000000000003        9.00000000    
  0.91400000000000003        12.0000000    
  0.91500000000000004        6.00000000    
  0.91600000000000004        13.0000000    
  0.91700000000000004        11.0000000    
  0.91800000000000004        8.00000000    
  0.91900000000000004        11.0000000    
  0.92000000000000004        8.00000000    
  0.92100000000000004        5.00000000    
  0.92200000000000004        16.0000000    
  0.92300000000000004        9.00000000    
  0.92400000000000004        14.0000000    
  0.92500000000000004        15.0000000    
  0.92600000000000005        10.0000000    
  0.92700000000000005        11.0000000    
  0.92800000000000005        11.0000000    
  0.92900000000000005        12.0000000    
  0.93000000000000005        13.0000000    
  0.93100000000000005        9.00000000    
  0.93200000000000005        12.0000000    
  0.93300000000000005        13.0000000    
  0.93400000000000005        14.0000000    
  0.93500000000000005        15.0000000    
  0.93600000000000005        14.0000000    
  0.93700000000000006        11.0000000    
  0.93800000000000006        16.0000000    
  0.93900000000000006        14.0000000    
  0.94000000000000006        14.0000000    
  0.94100000000000006        8.00000000    
  0.94200000000000006        15.0000000    
  0.94300000000000006        15.0000000    
  0.94400000000000006        16.0000000    
  0.94500000000000006        9.00000000    
  0.94600000000000006        15.0000000    
  0.94700000000000006        14.0000000    
  0.94800000000000006        15.0000000    
  0.94900000000000007        20.0000000    
  0.95000000000000007        18.0000000    
  0.95100000000000007        10.0000000    
  0.95200000000000007        15.0000000    
  0.95300000000000007        10.0000000    
  0.95400000000000007        17.0000000    
  0.95500000000000007        10.0000000    
  0.95600000000000007        12.0000000    
  0.95700000000000007        15.0000000    
  0.95800000000000007        23.0000000    
  0.95900000000000007        22.0000000    
  0.95999999999999996        11.0000000    
  0.96099999999999997        16.0000000    
  0.96199999999999997        15.0000000    
  0.96299999999999997        17.0000000    
  0.96399999999999997        18.0000000    
  0.96499999999999997        19.0000000    
  0.96599999999999997        26.0000000    
  0.96699999999999997        14.0000000    
  0.96799999999999997        12.0000000    
  0.96899999999999997        9.00000000    
  0.96999999999999997        14.0000000    
  0.97099999999999997        19.0000000    
  0.97199999999999998        17.0000000    
  0.97299999999999998        15.0000000    
  0.97399999999999998        18.0000000    
  0.97499999999999998        21.0000000    
  0.97599999999999998        16.0000000    
  0.97699999999999998        19.0000000    
  0.97799999999999998        23.0000000    
  0.97899999999999998        19.0000000    
  0.97999999999999998        22.0000000    
  0.98099999999999998        24.0000000    
  0.98199999999999998        21.0000000    
  0.98299999999999998        19.0000000    
  0.98399999999999999        27.0000000    
  0.98499999999999999        28.0000000    
  0.98599999999999999        24.0000000    
  0.98699999999999999        25.0000000    
  0.98799999999999999        21.0000000    
  0.98899999999999999        40.0000000    
  0.98999999999999999        37.0000000    
  0.99099999999999999        42.0000000    
  0.99199999999999999        31.0000000    
  0.99299999999999999        39.0000000    
  0.99399999999999999        57.0000000    
  0.99500000000000000        46.0000000    
  0.99600000000000000        52.0000000    
  0.99700000000000000        69.0000000    
  0.99800000000000000        79.0000000    
  0.99900000000000000        206.000000    
