 -0.3142E+01 -0.1716E+00  0.0000E+00  0.2946E-01  0.3300E+01
 -0.3129E+01  0.4474E-03 -0.4865E-05  0.2002E-06  0.3300E+01
 -0.3117E+01  0.4472E-03 -0.9727E-05  0.2001E-06  0.3300E+01
 -0.3105E+01  0.4469E-03 -0.1458E-04  0.1999E-06  0.3300E+01
 -0.3093E+01  0.4464E-03 -0.1942E-04  0.1997E-06  0.3300E+01
 -0.3080E+01  0.4459E-03 -0.2425E-04  0.1994E-06  0.3300E+01
 -0.3068E+01  0.4452E-03 -0.2906E-04  0.1990E-06  0.3300E+01
 -0.3056E+01  0.4444E-03 -0.3385E-04  0.1986E-06  0.3300E+01
 -0.3043E+01  0.4434E-03 -0.3862E-04  0.1981E-06  0.3300E+01
 -0.3031E+01  0.4424E-03 -0.4335E-04  0.1976E-06  0.3300E+01
 -0.3019E+01  0.4412E-03 -0.4805E-04  0.1969E-06  0.3300E+01
 -0.3007E+01  0.4399E-03 -0.5272E-04  0.1962E-06  0.3300E+01
 -0.2994E+01  0.4384E-03 -0.5735E-04  0.1955E-06  0.3300E+01
 -0.2982E+01  0.4369E-03 -0.6193E-04  0.1947E-06  0.3300E+01
 -0.2970E+01  0.4352E-03 -0.6647E-04  0.1938E-06  0.3300E+01
 -0.2958E+01  0.4334E-03 -0.7096E-04  0.1929E-06  0.3300E+01
 -0.2945E+01  0.4315E-03 -0.7539E-04  0.1919E-06  0.3300E+01
 -0.2933E+01  0.4295E-03 -0.7977E-04  0.1908E-06  0.3300E+01
 -0.2921E+01  0.4274E-03 -0.8409E-04  0.1897E-06  0.3300E+01
 -0.2908E+01  0.4252E-03 -0.8835E-04  0.1886E-06  0.3300E+01
 -0.2896E+01  0.4228E-03 -0.9255E-04  0.1873E-06  0.3300E+01
 -0.2884E+01  0.4204E-03 -0.9667E-04  0.1861E-06  0.3300E+01
 -0.2872E+01  0.4178E-03 -0.1007E-03  0.1847E-06  0.3300E+01
 -0.2859E+01  0.4152E-03 -0.1047E-03  0.1833E-06  0.3300E+01
 -0.2847E+01  0.4124E-03 -0.1086E-03  0.1819E-06  0.3300E+01
 -0.2835E+01  0.4096E-03 -0.1124E-03  0.1804E-06  0.3300E+01
 -0.2823E+01  0.4067E-03 -0.1162E-03  0.1789E-06  0.3300E+01
 -0.2810E+01  0.4036E-03 -0.1198E-03  0.1773E-06  0.3300E+01
 -0.2798E+01  0.4005E-03 -0.1234E-03  0.1756E-06  0.3300E+01
 -0.2786E+01  0.3973E-03 -0.1269E-03  0.1739E-06  0.3300E+01
 -0.2773E+01  0.3940E-03 -0.1303E-03  0.1722E-06  0.3300E+01
 -0.2761E+01  0.3907E-03 -0.1336E-03  0.1704E-06  0.3300E+01
 -0.2749E+01  0.3872E-03 -0.1368E-03  0.1686E-06  0.3300E+01
 -0.2737E+01  0.3837E-03 -0.1399E-03  0.1668E-06  0.3300E+01
 -0.2724E+01  0.3801E-03 -0.1429E-03  0.1649E-06  0.3300E+01
 -0.2712E+01  0.3764E-03 -0.1458E-03  0.1630E-06  0.3300E+01
 -0.2700E+01  0.3727E-03 -0.1486E-03  0.1610E-06  0.3300E+01
 -0.2688E+01  0.3689E-03 -0.1513E-03  0.1590E-06  0.3300E+01
 -0.2675E+01  0.3651E-03 -0.1539E-03  0.1570E-06  0.3300E+01
 -0.2663E+01  0.3612E-03 -0.1563E-03  0.1549E-06  0.3300E+01
 -0.2651E+01  0.3572E-03 -0.1587E-03  0.1528E-06  0.3300E+01
 -0.2638E+01  0.3532E-03 -0.1610E-03  0.1507E-06  0.3300E+01
 -0.2626E+01  0.3492E-03 -0.1631E-03  0.1485E-06  0.3300E+01
 -0.2614E+01  0.3451E-03 -0.1651E-03  0.1463E-06  0.3300E+01
 -0.2602E+01  0.3409E-03 -0.1670E-03  0.1441E-06  0.3300E+01
 -0.2589E+01  0.3367E-03 -0.1688E-03  0.1419E-06  0.3300E+01
 -0.2577E+01  0.3325E-03 -0.1705E-03  0.1397E-06  0.3300E+01
 -0.2565E+01  0.3283E-03 -0.1721E-03  0.1374E-06  0.3300E+01
 -0.2553E+01  0.3240E-03 -0.1736E-03  0.1351E-06  0.3300E+01
 -0.2540E+01  0.3198E-03 -0.1749E-03  0.1328E-06  0.3300E+01
 -0.2528E+01  0.3155E-03 -0.1761E-03  0.1305E-06  0.3300E+01
 -0.2516E+01  0.3111E-03 -0.1772E-03  0.1282E-06  0.3300E+01
 -0.2503E+01  0.3068E-03 -0.1782E-03  0.1259E-06  0.3300E+01
 -0.2491E+01  0.3025E-03 -0.1790E-03  0.1235E-06  0.3300E+01
 -0.2479E+01  0.2981E-03 -0.1798E-03  0.1212E-06  0.3300E+01
 -0.2467E+01  0.2938E-03 -0.1804E-03  0.1189E-06  0.3300E+01
 -0.2454E+01  0.2894E-03 -0.1809E-03  0.1165E-06  0.3300E+01
 -0.2442E+01  0.2851E-03 -0.1813E-03  0.1141E-06  0.3300E+01
 -0.2430E+01  0.2808E-03 -0.1816E-03  0.1118E-06  0.3300E+01
 -0.2418E+01  0.2764E-03 -0.1817E-03  0.1094E-06  0.3300E+01
 -0.2405E+01  0.2721E-03 -0.1818E-03  0.1071E-06  0.3300E+01
 -0.2393E+01  0.2679E-03 -0.1817E-03  0.1048E-06  0.3300E+01
 -0.2381E+01  0.2636E-03 -0.1815E-03  0.1024E-06  0.3300E+01
 -0.2368E+01  0.2594E-03 -0.1812E-03  0.1001E-06  0.3300E+01
 -0.2356E+01  0.2552E-03 -0.1808E-03  0.9778E-07  0.3300E+01
 -0.2344E+01  0.2510E-03 -0.1802E-03  0.9548E-07  0.3300E+01
 -0.2332E+01  0.2469E-03 -0.1796E-03  0.9319E-07  0.3300E+01
 -0.2319E+01  0.2428E-03 -0.1788E-03  0.9091E-07  0.3300E+01
 -0.2307E+01  0.2387E-03 -0.1780E-03  0.8866E-07  0.3300E+01
 -0.2295E+01  0.2347E-03 -0.1770E-03  0.8642E-07  0.3300E+01
 -0.2283E+01  0.2308E-03 -0.1759E-03  0.8421E-07  0.3300E+01
 -0.2270E+01  0.2269E-03 -0.1748E-03  0.8201E-07  0.3300E+01
 -0.2258E+01  0.2230E-03 -0.1735E-03  0.7984E-07  0.3300E+01
 -0.2246E+01  0.2193E-03 -0.1721E-03  0.7770E-07  0.3300E+01
 -0.2233E+01  0.2155E-03 -0.1707E-03  0.7558E-07  0.3300E+01
 -0.2221E+01  0.2119E-03 -0.1691E-03  0.7349E-07  0.3300E+01
 -0.2209E+01  0.2083E-03 -0.1675E-03  0.7143E-07  0.3300E+01
 -0.2197E+01  0.2048E-03 -0.1657E-03  0.6941E-07  0.3300E+01
 -0.2184E+01  0.2014E-03 -0.1639E-03  0.6741E-07  0.3300E+01
 -0.2172E+01  0.1980E-03 -0.1620E-03  0.6545E-07  0.3300E+01
 -0.2160E+01  0.1947E-03 -0.1600E-03  0.6353E-07  0.3300E+01
 -0.2148E+01  0.1915E-03 -0.1580E-03  0.6164E-07  0.3300E+01
 -0.2135E+01  0.1884E-03 -0.1558E-03  0.5979E-07  0.3300E+01
 -0.2123E+01  0.1854E-03 -0.1536E-03  0.5799E-07  0.3300E+01
 -0.2111E+01  0.1825E-03 -0.1514E-03  0.5622E-07  0.3300E+01
 -0.2098E+01  0.1797E-03 -0.1491E-03  0.5449E-07  0.3300E+01
 -0.2086E+01  0.1769E-03 -0.1467E-03  0.5281E-07  0.3300E+01
 -0.2074E+01  0.1743E-03 -0.1442E-03  0.5117E-07  0.3300E+01
 -0.2062E+01  0.1717E-03 -0.1418E-03  0.4958E-07  0.3300E+01
 -0.2049E+01  0.1693E-03 -0.1392E-03  0.4804E-07  0.3300E+01
 -0.2037E+01  0.1669E-03 -0.1367E-03  0.4654E-07  0.3300E+01
 -0.2025E+01  0.1647E-03 -0.1341E-03  0.4509E-07  0.3300E+01
 -0.2013E+01  0.1625E-03 -0.1314E-03  0.4368E-07  0.3300E+01
 -0.2000E+01  0.1605E-03 -0.1288E-03  0.4233E-07  0.3300E+01
 -0.1988E+01  0.1585E-03 -0.1261E-03  0.4102E-07  0.3300E+01
 -0.1976E+01  0.1567E-03 -0.1234E-03  0.3977E-07  0.3300E+01
 -0.1963E+01  0.1549E-03 -0.1207E-03  0.3856E-07  0.3300E+01
 -0.1951E+01  0.1533E-03 -0.1179E-03  0.3741E-07  0.3300E+01
 -0.1939E+01  0.1518E-03 -0.1152E-03  0.3630E-07  0.3300E+01
 -0.1927E+01  0.1503E-03 -0.1125E-03  0.3525E-07  0.3300E+01
 -0.1914E+01  0.1490E-03 -0.1098E-03  0.3424E-07  0.3300E+01
 -0.1902E+01  0.1477E-03 -0.1071E-03  0.3329E-07  0.3300E+01
 -0.1890E+01  0.1466E-03 -0.1044E-03  0.3238E-07  0.3300E+01
 -0.1878E+01  0.1455E-03 -0.1017E-03  0.3152E-07  0.3300E+01
 -0.1865E+01  0.1445E-03 -0.9906E-04  0.3071E-07  0.3300E+01
 -0.1853E+01  0.1437E-03 -0.9644E-04  0.2994E-07  0.3300E+01
 -0.1841E+01  0.1429E-03 -0.9386E-04  0.2922E-07  0.3300E+01
 -0.1829E+01  0.1421E-03 -0.9132E-04  0.2854E-07  0.3300E+01
 -0.1816E+01  0.1415E-03 -0.8881E-04  0.2791E-07  0.3300E+01
 -0.1804E+01  0.1409E-03 -0.8635E-04  0.2731E-07  0.3300E+01
 -0.1792E+01  0.1404E-03 -0.8394E-04  0.2676E-07  0.3300E+01
 -0.1779E+01  0.1399E-03 -0.8158E-04  0.2624E-07  0.3300E+01
 -0.1767E+01  0.1395E-03 -0.7926E-04  0.2576E-07  0.3300E+01
 -0.1755E+01  0.1392E-03 -0.7700E-04  0.2531E-07  0.3300E+01
 -0.1743E+01  0.1389E-03 -0.7480E-04  0.2489E-07  0.3300E+01
 -0.1730E+01  0.1386E-03 -0.7265E-04  0.2450E-07  0.3300E+01
 -0.1718E+01  0.1384E-03 -0.7055E-04  0.2414E-07  0.3300E+01
 -0.1706E+01  0.1382E-03 -0.6851E-04  0.2380E-07  0.3300E+01
 -0.1694E+01  0.1381E-03 -0.6653E-04  0.2349E-07  0.3300E+01
 -0.1681E+01  0.1379E-03 -0.6460E-04  0.2319E-07  0.3300E+01
 -0.1669E+01  0.1378E-03 -0.6272E-04  0.2291E-07  0.3300E+01
 -0.1657E+01  0.1376E-03 -0.6089E-04  0.2265E-07  0.3300E+01
 -0.1644E+01  0.1375E-03 -0.5911E-04  0.2240E-07  0.3300E+01
 -0.1632E+01  0.1374E-03 -0.5738E-04  0.2217E-07  0.3300E+01
 -0.1620E+01  0.1373E-03 -0.5569E-04  0.2194E-07  0.3300E+01
 -0.1608E+01  0.1371E-03 -0.5403E-04  0.2172E-07  0.3300E+01
 -0.1595E+01  0.1370E-03 -0.5241E-04  0.2150E-07  0.3300E+01
 -0.1583E+01  0.1368E-03 -0.5082E-04  0.2129E-07  0.3300E+01
 -0.1571E+01  0.1366E-03 -0.4925E-04  0.2109E-07  0.3300E+01
 -0.1559E+01  0.1364E-03 -0.4770E-04  0.2088E-07  0.3300E+01
 -0.1546E+01  0.1362E-03 -0.4616E-04  0.2067E-07  0.3300E+01
 -0.1534E+01  0.1359E-03 -0.4464E-04  0.2047E-07  0.3300E+01
 -0.1522E+01  0.1357E-03 -0.4312E-04  0.2026E-07  0.3300E+01
 -0.1509E+01  0.1354E-03 -0.4160E-04  0.2005E-07  0.3300E+01
 -0.1497E+01  0.1350E-03 -0.4008E-04  0.1984E-07  0.3300E+01
 -0.1485E+01  0.1347E-03 -0.3854E-04  0.1963E-07  0.3300E+01
 -0.1473E+01  0.1344E-03 -0.3699E-04  0.1942E-07  0.3300E+01
 -0.1460E+01  0.1340E-03 -0.3542E-04  0.1921E-07  0.3300E+01
 -0.1448E+01  0.1336E-03 -0.3383E-04  0.1899E-07  0.3300E+01
 -0.1436E+01  0.1332E-03 -0.3221E-04  0.1878E-07  0.3300E+01
 -0.1424E+01  0.1328E-03 -0.3056E-04  0.1857E-07  0.3300E+01
 -0.1411E+01  0.1324E-03 -0.2887E-04  0.1836E-07  0.3300E+01
 -0.1399E+01  0.1320E-03 -0.2715E-04  0.1815E-07  0.3300E+01
 -0.1387E+01  0.1316E-03 -0.2539E-04  0.1796E-07  0.3300E+01
 -0.1374E+01  0.1312E-03 -0.2359E-04  0.1776E-07  0.3300E+01
 -0.1362E+01  0.1308E-03 -0.2174E-04  0.1758E-07  0.3300E+01
 -0.1350E+01  0.1304E-03 -0.1985E-04  0.1740E-07  0.3300E+01
 -0.1338E+01  0.1301E-03 -0.1792E-04  0.1724E-07  0.3300E+01
 -0.1325E+01  0.1297E-03 -0.1595E-04  0.1709E-07  0.3300E+01
 -0.1313E+01  0.1294E-03 -0.1393E-04  0.1695E-07  0.3300E+01
 -0.1301E+01  0.1292E-03 -0.1186E-04  0.1683E-07  0.3300E+01
 -0.1289E+01  0.1290E-03 -0.9754E-05  0.1673E-07  0.3300E+01
 -0.1276E+01  0.1288E-03 -0.7606E-05  0.1664E-07  0.3300E+01
 -0.1264E+01  0.1287E-03 -0.5418E-05  0.1658E-07  0.3300E+01
 -0.1252E+01  0.1286E-03 -0.3192E-05  0.1654E-07  0.3300E+01
 -0.1239E+01  0.1286E-03 -0.9301E-06  0.1653E-07  0.3300E+01
 -0.1227E+01  0.1286E-03  0.1365E-05  0.1654E-07  0.3300E+01
 -0.1215E+01  0.1287E-03  0.3690E-05  0.1657E-07  0.3300E+01
 -0.1203E+01  0.1288E-03  0.6043E-05  0.1663E-07  0.3300E+01
 -0.1190E+01  0.1290E-03  0.8421E-05  0.1672E-07  0.3300E+01
 -0.1178E+01  0.1293E-03  0.1082E-04  0.1685E-07  0.3300E+01
 -0.1166E+01  0.1297E-03  0.1324E-04  0.1700E-07  0.3300E+01
 -0.1154E+01  0.1301E-03  0.1567E-04  0.1718E-07  0.3300E+01
 -0.1141E+01  0.1306E-03  0.1811E-04  0.1740E-07  0.3300E+01
 -0.1129E+01  0.1312E-03  0.2056E-04  0.1764E-07  0.3300E+01
 -0.1117E+01  0.1319E-03  0.2302E-04  0.1792E-07  0.3300E+01
 -0.1104E+01  0.1326E-03  0.2547E-04  0.1824E-07  0.3300E+01
 -0.1092E+01  0.1334E-03  0.2792E-04  0.1859E-07  0.3300E+01
 -0.1080E+01  0.1343E-03  0.3037E-04  0.1897E-07  0.3300E+01
 -0.1068E+01  0.1353E-03  0.3280E-04  0.1939E-07  0.3300E+01
 -0.1055E+01  0.1364E-03  0.3522E-04  0.1984E-07  0.3300E+01
 -0.1043E+01  0.1375E-03  0.3762E-04  0.2033E-07  0.3300E+01
 -0.1031E+01  0.1387E-03  0.3999E-04  0.2085E-07  0.3300E+01
 -0.1019E+01  0.1400E-03  0.4235E-04  0.2140E-07  0.3300E+01
 -0.1006E+01  0.1414E-03  0.4467E-04  0.2199E-07  0.3300E+01
 -0.9940E+00  0.1429E-03  0.4696E-04  0.2261E-07  0.3300E+01
 -0.9817E+00  0.1444E-03  0.4922E-04  0.2327E-07  0.3300E+01
 -0.9695E+00  0.1460E-03  0.5143E-04  0.2396E-07  0.3300E+01
 -0.9572E+00  0.1477E-03  0.5361E-04  0.2468E-07  0.3300E+01
 -0.9449E+00  0.1494E-03  0.5574E-04  0.2543E-07  0.3300E+01
 -0.9327E+00  0.1512E-03  0.5782E-04  0.2621E-07  0.3300E+01
 -0.9204E+00  0.1531E-03  0.5985E-04  0.2702E-07  0.3300E+01
 -0.9081E+00  0.1551E-03  0.6183E-04  0.2787E-07  0.3300E+01
 -0.8958E+00  0.1571E-03  0.6375E-04  0.2874E-07  0.3300E+01
 -0.8836E+00  0.1592E-03  0.6561E-04  0.2964E-07  0.3300E+01
 -0.8713E+00  0.1613E-03  0.6741E-04  0.3057E-07  0.3300E+01
 -0.8590E+00  0.1635E-03  0.6915E-04  0.3152E-07  0.3300E+01
 -0.8468E+00  0.1658E-03  0.7082E-04  0.3250E-07  0.3300E+01
 -0.8345E+00  0.1681E-03  0.7243E-04  0.3350E-07  0.3300E+01
 -0.8222E+00  0.1705E-03  0.7396E-04  0.3453E-07  0.3300E+01
 -0.8099E+00  0.1729E-03  0.7542E-04  0.3558E-07  0.3300E+01
 -0.7977E+00  0.1754E-03  0.7681E-04  0.3665E-07  0.3300E+01
 -0.7854E+00  0.1779E-03  0.7812E-04  0.3774E-07  0.3300E+01
 -0.7731E+00  0.1804E-03  0.7935E-04  0.3885E-07  0.3300E+01
 -0.7609E+00  0.1830E-03  0.8051E-04  0.3997E-07  0.3300E+01
 -0.7486E+00  0.1856E-03  0.8158E-04  0.4112E-07  0.3300E+01
 -0.7363E+00  0.1883E-03  0.8258E-04  0.4228E-07  0.3300E+01
 -0.7240E+00  0.1910E-03  0.8349E-04  0.4345E-07  0.3300E+01
 -0.7118E+00  0.1937E-03  0.8432E-04  0.4464E-07  0.3300E+01
 -0.6995E+00  0.1965E-03  0.8506E-04  0.4584E-07  0.3300E+01
 -0.6872E+00  0.1992E-03  0.8572E-04  0.4705E-07  0.3300E+01
 -0.6750E+00  0.2020E-03  0.8629E-04  0.4826E-07  0.3300E+01
 -0.6627E+00  0.2048E-03  0.8677E-04  0.4949E-07  0.3300E+01
 -0.6504E+00  0.2077E-03  0.8717E-04  0.5072E-07  0.3300E+01
 -0.6381E+00  0.2105E-03  0.8747E-04  0.5196E-07  0.3300E+01
 -0.6259E+00  0.2133E-03  0.8769E-04  0.5321E-07  0.3300E+01
 -0.6136E+00  0.2162E-03  0.8782E-04  0.5445E-07  0.3300E+01
 -0.6013E+00  0.2190E-03  0.8786E-04  0.5570E-07  0.3300E+01
 -0.5890E+00  0.2219E-03  0.8781E-04  0.5695E-07  0.3300E+01
 -0.5768E+00  0.2247E-03  0.8767E-04  0.5820E-07  0.3300E+01
 -0.5645E+00  0.2276E-03  0.8745E-04  0.5944E-07  0.3300E+01
 -0.5522E+00  0.2304E-03  0.8713E-04  0.6069E-07  0.3300E+01
 -0.5400E+00  0.2332E-03  0.8672E-04  0.6192E-07  0.3300E+01
 -0.5277E+00  0.2361E-03  0.8623E-04  0.6316E-07  0.3300E+01
 -0.5154E+00  0.2388E-03  0.8565E-04  0.6438E-07  0.3300E+01
 -0.5031E+00  0.2416E-03  0.8498E-04  0.6560E-07  0.3300E+01
 -0.4909E+00  0.2444E-03  0.8422E-04  0.6680E-07  0.3300E+01
 -0.4786E+00  0.2471E-03  0.8338E-04  0.6800E-07  0.3300E+01
 -0.4663E+00  0.2498E-03  0.8245E-04  0.6918E-07  0.3300E+01
 -0.4541E+00  0.2524E-03  0.8144E-04  0.7035E-07  0.3300E+01
 -0.4418E+00  0.2550E-03  0.8034E-04  0.7151E-07  0.3300E+01
 -0.4295E+00  0.2576E-03  0.7917E-04  0.7264E-07  0.3300E+01
 -0.4172E+00  0.2602E-03  0.7791E-04  0.7377E-07  0.3300E+01
 -0.4050E+00  0.2627E-03  0.7657E-04  0.7487E-07  0.3300E+01
 -0.3927E+00  0.2652E-03  0.7515E-04  0.7596E-07  0.3300E+01
 -0.3804E+00  0.2676E-03  0.7366E-04  0.7702E-07  0.3300E+01
 -0.3682E+00  0.2699E-03  0.7209E-04  0.7806E-07  0.3300E+01
 -0.3559E+00  0.2722E-03  0.7044E-04  0.7908E-07  0.3300E+01
 -0.3436E+00  0.2745E-03  0.6873E-04  0.8008E-07  0.3300E+01
 -0.3313E+00  0.2767E-03  0.6694E-04  0.8105E-07  0.3300E+01
 -0.3191E+00  0.2789E-03  0.6508E-04  0.8199E-07  0.3300E+01
 -0.3068E+00  0.2809E-03  0.6316E-04  0.8291E-07  0.3300E+01
 -0.2945E+00  0.2830E-03  0.6117E-04  0.8380E-07  0.3300E+01
 -0.2823E+00  0.2849E-03  0.5912E-04  0.8467E-07  0.3300E+01
 -0.2700E+00  0.2868E-03  0.5700E-04  0.8550E-07  0.3300E+01
 -0.2577E+00  0.2886E-03  0.5483E-04  0.8630E-07  0.3300E+01
 -0.2454E+00  0.2904E-03  0.5260E-04  0.8707E-07  0.3300E+01
 -0.2332E+00  0.2920E-03  0.5032E-04  0.8781E-07  0.3300E+01
 -0.2209E+00  0.2936E-03  0.4799E-04  0.8852E-07  0.3300E+01
 -0.2086E+00  0.2951E-03  0.4560E-04  0.8919E-07  0.3300E+01
 -0.1963E+00  0.2966E-03  0.4317E-04  0.8982E-07  0.3300E+01
 -0.1841E+00  0.2979E-03  0.4069E-04  0.9043E-07  0.3300E+01
 -0.1718E+00  0.2992E-03  0.3817E-04  0.9099E-07  0.3300E+01
 -0.1595E+00  0.3004E-03  0.3562E-04  0.9152E-07  0.3300E+01
 -0.1473E+00  0.3015E-03  0.3302E-04  0.9202E-07  0.3300E+01
 -0.1350E+00  0.3026E-03  0.3039E-04  0.9247E-07  0.3300E+01
 -0.1227E+00  0.3035E-03  0.2773E-04  0.9289E-07  0.3300E+01
 -0.1104E+00  0.3044E-03  0.2504E-04  0.9327E-07  0.3300E+01
 -0.9817E-01  0.3051E-03  0.2232E-04  0.9361E-07  0.3300E+01
 -0.8590E-01  0.3058E-03  0.1958E-04  0.9391E-07  0.3300E+01
 -0.7363E-01  0.3064E-03  0.1682E-04  0.9417E-07  0.3300E+01
 -0.6136E-01  0.3069E-03  0.1405E-04  0.9440E-07  0.3300E+01
 -0.4909E-01  0.3073E-03  0.1126E-04  0.9458E-07  0.3300E+01
 -0.3682E-01  0.3076E-03  0.8452E-05  0.9472E-07  0.3300E+01
 -0.2454E-01  0.3079E-03  0.5639E-05  0.9482E-07  0.3300E+01
 -0.1227E-01  0.3080E-03  0.2821E-05  0.9488E-07  0.3300E+01
  0.0000E+00  0.6518E+00  0.0000E+00  0.4249E+00  0.3300E+01
  0.1227E-01  0.3080E-03 -0.2821E-05  0.9488E-07  0.3300E+01
  0.2454E-01  0.3079E-03 -0.5639E-05  0.9482E-07  0.3300E+01
  0.3682E-01  0.3076E-03 -0.8452E-05  0.9472E-07  0.3300E+01
  0.4909E-01  0.3073E-03 -0.1126E-04  0.9458E-07  0.3300E+01
  0.6136E-01  0.3069E-03 -0.1405E-04  0.9440E-07  0.3300E+01
  0.7363E-01  0.3064E-03 -0.1682E-04  0.9417E-07  0.3300E+01
  0.8590E-01  0.3058E-03 -0.1958E-04  0.9391E-07  0.3300E+01
  0.9817E-01  0.3051E-03 -0.2232E-04  0.9361E-07  0.3300E+01
  0.1104E+00  0.3044E-03 -0.2504E-04  0.9327E-07  0.3300E+01
  0.1227E+00  0.3035E-03 -0.2773E-04  0.9289E-07  0.3300E+01
  0.1350E+00  0.3026E-03 -0.3039E-04  0.9247E-07  0.3300E+01
  0.1473E+00  0.3015E-03 -0.3302E-04  0.9202E-07  0.3300E+01
  0.1595E+00  0.3004E-03 -0.3562E-04  0.9152E-07  0.3300E+01
  0.1718E+00  0.2992E-03 -0.3817E-04  0.9099E-07  0.3300E+01
  0.1841E+00  0.2979E-03 -0.4069E-04  0.9043E-07  0.3300E+01
  0.1963E+00  0.2966E-03 -0.4317E-04  0.8982E-07  0.3300E+01
  0.2086E+00  0.2951E-03 -0.4560E-04  0.8919E-07  0.3300E+01
  0.2209E+00  0.2936E-03 -0.4799E-04  0.8852E-07  0.3300E+01
  0.2332E+00  0.2920E-03 -0.5032E-04  0.8781E-07  0.3300E+01
  0.2454E+00  0.2904E-03 -0.5260E-04  0.8707E-07  0.3300E+01
  0.2577E+00  0.2886E-03 -0.5483E-04  0.8630E-07  0.3300E+01
  0.2700E+00  0.2868E-03 -0.5700E-04  0.8550E-07  0.3300E+01
  0.2823E+00  0.2849E-03 -0.5912E-04  0.8467E-07  0.3300E+01
  0.2945E+00  0.2830E-03 -0.6117E-04  0.8380E-07  0.3300E+01
  0.3068E+00  0.2809E-03 -0.6316E-04  0.8291E-07  0.3300E+01
  0.3191E+00  0.2789E-03 -0.6508E-04  0.8199E-07  0.3300E+01
  0.3313E+00  0.2767E-03 -0.6694E-04  0.8105E-07  0.3300E+01
  0.3436E+00  0.2745E-03 -0.6873E-04  0.8008E-07  0.3300E+01
  0.3559E+00  0.2722E-03 -0.7044E-04  0.7908E-07  0.3300E+01
  0.3682E+00  0.2699E-03 -0.7209E-04  0.7806E-07  0.3300E+01
  0.3804E+00  0.2676E-03 -0.7366E-04  0.7702E-07  0.3300E+01
  0.3927E+00  0.2652E-03 -0.7515E-04  0.7596E-07  0.3300E+01
  0.4050E+00  0.2627E-03 -0.7657E-04  0.7487E-07  0.3300E+01
  0.4172E+00  0.2602E-03 -0.7791E-04  0.7377E-07  0.3300E+01
  0.4295E+00  0.2576E-03 -0.7917E-04  0.7264E-07  0.3300E+01
  0.4418E+00  0.2550E-03 -0.8034E-04  0.7151E-07  0.3300E+01
  0.4541E+00  0.2524E-03 -0.8144E-04  0.7035E-07  0.3300E+01
  0.4663E+00  0.2498E-03 -0.8245E-04  0.6918E-07  0.3300E+01
  0.4786E+00  0.2471E-03 -0.8338E-04  0.6800E-07  0.3300E+01
  0.4909E+00  0.2444E-03 -0.8422E-04  0.6680E-07  0.3300E+01
  0.5031E+00  0.2416E-03 -0.8498E-04  0.6560E-07  0.3300E+01
  0.5154E+00  0.2388E-03 -0.8565E-04  0.6438E-07  0.3300E+01
  0.5277E+00  0.2361E-03 -0.8623E-04  0.6316E-07  0.3300E+01
  0.5400E+00  0.2332E-03 -0.8672E-04  0.6192E-07  0.3300E+01
  0.5522E+00  0.2304E-03 -0.8713E-04  0.6069E-07  0.3300E+01
  0.5645E+00  0.2276E-03 -0.8745E-04  0.5944E-07  0.3300E+01
  0.5768E+00  0.2247E-03 -0.8767E-04  0.5820E-07  0.3300E+01
  0.5890E+00  0.2219E-03 -0.8781E-04  0.5695E-07  0.3300E+01
  0.6013E+00  0.2190E-03 -0.8786E-04  0.5570E-07  0.3300E+01
  0.6136E+00  0.2162E-03 -0.8782E-04  0.5445E-07  0.3300E+01
  0.6259E+00  0.2133E-03 -0.8769E-04  0.5321E-07  0.3300E+01
  0.6381E+00  0.2105E-03 -0.8747E-04  0.5196E-07  0.3300E+01
  0.6504E+00  0.2077E-03 -0.8717E-04  0.5072E-07  0.3300E+01
  0.6627E+00  0.2048E-03 -0.8677E-04  0.4949E-07  0.3300E+01
  0.6750E+00  0.2020E-03 -0.8629E-04  0.4826E-07  0.3300E+01
  0.6872E+00  0.1992E-03 -0.8572E-04  0.4705E-07  0.3300E+01
  0.6995E+00  0.1965E-03 -0.8506E-04  0.4584E-07  0.3300E+01
  0.7118E+00  0.1937E-03 -0.8432E-04  0.4464E-07  0.3300E+01
  0.7240E+00  0.1910E-03 -0.8349E-04  0.4345E-07  0.3300E+01
  0.7363E+00  0.1883E-03 -0.8258E-04  0.4228E-07  0.3300E+01
  0.7486E+00  0.1856E-03 -0.8158E-04  0.4112E-07  0.3300E+01
  0.7609E+00  0.1830E-03 -0.8051E-04  0.3997E-07  0.3300E+01
  0.7731E+00  0.1804E-03 -0.7935E-04  0.3885E-07  0.3300E+01
  0.7854E+00  0.1779E-03 -0.7812E-04  0.3774E-07  0.3300E+01
  0.7977E+00  0.1754E-03 -0.7681E-04  0.3665E-07  0.3300E+01
  0.8099E+00  0.1729E-03 -0.7542E-04  0.3558E-07  0.3300E+01
  0.8222E+00  0.1705E-03 -0.7396E-04  0.3453E-07  0.3300E+01
  0.8345E+00  0.1681E-03 -0.7243E-04  0.3350E-07  0.3300E+01
  0.8468E+00  0.1658E-03 -0.7082E-04  0.3250E-07  0.3300E+01
  0.8590E+00  0.1635E-03 -0.6915E-04  0.3152E-07  0.3300E+01
  0.8713E+00  0.1613E-03 -0.6741E-04  0.3057E-07  0.3300E+01
  0.8836E+00  0.1592E-03 -0.6561E-04  0.2964E-07  0.3300E+01
  0.8958E+00  0.1571E-03 -0.6375E-04  0.2874E-07  0.3300E+01
  0.9081E+00  0.1551E-03 -0.6183E-04  0.2787E-07  0.3300E+01
  0.9204E+00  0.1531E-03 -0.5985E-04  0.2702E-07  0.3300E+01
  0.9327E+00  0.1512E-03 -0.5782E-04  0.2621E-07  0.3300E+01
  0.9449E+00  0.1494E-03 -0.5574E-04  0.2543E-07  0.3300E+01
  0.9572E+00  0.1477E-03 -0.5361E-04  0.2468E-07  0.3300E+01
  0.9695E+00  0.1460E-03 -0.5143E-04  0.2396E-07  0.3300E+01
  0.9817E+00  0.1444E-03 -0.4922E-04  0.2327E-07  0.3300E+01
  0.9940E+00  0.1429E-03 -0.4696E-04  0.2261E-07  0.3300E+01
  0.1006E+01  0.1414E-03 -0.4467E-04  0.2199E-07  0.3300E+01
  0.1019E+01  0.1400E-03 -0.4235E-04  0.2140E-07  0.3300E+01
  0.1031E+01  0.1387E-03 -0.3999E-04  0.2085E-07  0.3300E+01
  0.1043E+01  0.1375E-03 -0.3762E-04  0.2033E-07  0.3300E+01
  0.1055E+01  0.1364E-03 -0.3522E-04  0.1984E-07  0.3300E+01
  0.1068E+01  0.1353E-03 -0.3280E-04  0.1939E-07  0.3300E+01
  0.1080E+01  0.1343E-03 -0.3037E-04  0.1897E-07  0.3300E+01
  0.1092E+01  0.1334E-03 -0.2792E-04  0.1859E-07  0.3300E+01
  0.1104E+01  0.1326E-03 -0.2547E-04  0.1824E-07  0.3300E+01
  0.1117E+01  0.1319E-03 -0.2302E-04  0.1792E-07  0.3300E+01
  0.1129E+01  0.1312E-03 -0.2056E-04  0.1764E-07  0.3300E+01
  0.1141E+01  0.1306E-03 -0.1811E-04  0.1740E-07  0.3300E+01
  0.1154E+01  0.1301E-03 -0.1567E-04  0.1718E-07  0.3300E+01
  0.1166E+01  0.1297E-03 -0.1324E-04  0.1700E-07  0.3300E+01
  0.1178E+01  0.1293E-03 -0.1082E-04  0.1685E-07  0.3300E+01
  0.1190E+01  0.1290E-03 -0.8421E-05  0.1672E-07  0.3300E+01
  0.1203E+01  0.1288E-03 -0.6043E-05  0.1663E-07  0.3300E+01
  0.1215E+01  0.1287E-03 -0.3690E-05  0.1657E-07  0.3300E+01
  0.1227E+01  0.1286E-03 -0.1365E-05  0.1654E-07  0.3300E+01
  0.1239E+01  0.1286E-03  0.9301E-06  0.1653E-07  0.3300E+01
  0.1252E+01  0.1286E-03  0.3192E-05  0.1654E-07  0.3300E+01
  0.1264E+01  0.1287E-03  0.5418E-05  0.1658E-07  0.3300E+01
  0.1276E+01  0.1288E-03  0.7606E-05  0.1664E-07  0.3300E+01
  0.1289E+01  0.1290E-03  0.9754E-05  0.1673E-07  0.3300E+01
  0.1301E+01  0.1292E-03  0.1186E-04  0.1683E-07  0.3300E+01
  0.1313E+01  0.1294E-03  0.1393E-04  0.1695E-07  0.3300E+01
  0.1325E+01  0.1297E-03  0.1595E-04  0.1709E-07  0.3300E+01
  0.1338E+01  0.1301E-03  0.1792E-04  0.1724E-07  0.3300E+01
  0.1350E+01  0.1304E-03  0.1985E-04  0.1740E-07  0.3300E+01
  0.1362E+01  0.1308E-03  0.2174E-04  0.1758E-07  0.3300E+01
  0.1374E+01  0.1312E-03  0.2359E-04  0.1776E-07  0.3300E+01
  0.1387E+01  0.1316E-03  0.2539E-04  0.1796E-07  0.3300E+01
  0.1399E+01  0.1320E-03  0.2715E-04  0.1815E-07  0.3300E+01
  0.1411E+01  0.1324E-03  0.2887E-04  0.1836E-07  0.3300E+01
  0.1424E+01  0.1328E-03  0.3056E-04  0.1857E-07  0.3300E+01
  0.1436E+01  0.1332E-03  0.3221E-04  0.1878E-07  0.3300E+01
  0.1448E+01  0.1336E-03  0.3383E-04  0.1899E-07  0.3300E+01
  0.1460E+01  0.1340E-03  0.3542E-04  0.1921E-07  0.3300E+01
  0.1473E+01  0.1344E-03  0.3699E-04  0.1942E-07  0.3300E+01
  0.1485E+01  0.1347E-03  0.3854E-04  0.1963E-07  0.3300E+01
  0.1497E+01  0.1350E-03  0.4008E-04  0.1984E-07  0.3300E+01
  0.1509E+01  0.1354E-03  0.4160E-04  0.2005E-07  0.3300E+01
  0.1522E+01  0.1357E-03  0.4312E-04  0.2026E-07  0.3300E+01
  0.1534E+01  0.1359E-03  0.4464E-04  0.2047E-07  0.3300E+01
  0.1546E+01  0.1362E-03  0.4616E-04  0.2067E-07  0.3300E+01
  0.1559E+01  0.1364E-03  0.4770E-04  0.2088E-07  0.3300E+01
  0.1571E+01  0.1366E-03  0.4925E-04  0.2109E-07  0.3300E+01
  0.1583E+01  0.1368E-03  0.5082E-04  0.2129E-07  0.3300E+01
  0.1595E+01  0.1370E-03  0.5241E-04  0.2150E-07  0.3300E+01
  0.1608E+01  0.1371E-03  0.5403E-04  0.2172E-07  0.3300E+01
  0.1620E+01  0.1373E-03  0.5569E-04  0.2194E-07  0.3300E+01
  0.1632E+01  0.1374E-03  0.5738E-04  0.2217E-07  0.3300E+01
  0.1644E+01  0.1375E-03  0.5911E-04  0.2240E-07  0.3300E+01
  0.1657E+01  0.1376E-03  0.6089E-04  0.2265E-07  0.3300E+01
  0.1669E+01  0.1378E-03  0.6272E-04  0.2291E-07  0.3300E+01
  0.1681E+01  0.1379E-03  0.6460E-04  0.2319E-07  0.3300E+01
  0.1694E+01  0.1381E-03  0.6653E-04  0.2349E-07  0.3300E+01
  0.1706E+01  0.1382E-03  0.6851E-04  0.2380E-07  0.3300E+01
  0.1718E+01  0.1384E-03  0.7055E-04  0.2414E-07  0.3300E+01
  0.1730E+01  0.1386E-03  0.7265E-04  0.2450E-07  0.3300E+01
  0.1743E+01  0.1389E-03  0.7480E-04  0.2489E-07  0.3300E+01
  0.1755E+01  0.1392E-03  0.7700E-04  0.2531E-07  0.3300E+01
  0.1767E+01  0.1395E-03  0.7926E-04  0.2576E-07  0.3300E+01
  0.1779E+01  0.1399E-03  0.8158E-04  0.2624E-07  0.3300E+01
  0.1792E+01  0.1404E-03  0.8394E-04  0.2676E-07  0.3300E+01
  0.1804E+01  0.1409E-03  0.8635E-04  0.2731E-07  0.3300E+01
  0.1816E+01  0.1415E-03  0.8881E-04  0.2791E-07  0.3300E+01
  0.1829E+01  0.1421E-03  0.9132E-04  0.2854E-07  0.3300E+01
  0.1841E+01  0.1429E-03  0.9386E-04  0.2922E-07  0.3300E+01
  0.1853E+01  0.1437E-03  0.9644E-04  0.2994E-07  0.3300E+01
  0.1865E+01  0.1445E-03  0.9906E-04  0.3071E-07  0.3300E+01
  0.1878E+01  0.1455E-03  0.1017E-03  0.3152E-07  0.3300E+01
  0.1890E+01  0.1466E-03  0.1044E-03  0.3238E-07  0.3300E+01
  0.1902E+01  0.1477E-03  0.1071E-03  0.3329E-07  0.3300E+01
  0.1914E+01  0.1490E-03  0.1098E-03  0.3424E-07  0.3300E+01
  0.1927E+01  0.1503E-03  0.1125E-03  0.3525E-07  0.3300E+01
  0.1939E+01  0.1518E-03  0.1152E-03  0.3630E-07  0.3300E+01
  0.1951E+01  0.1533E-03  0.1179E-03  0.3741E-07  0.3300E+01
  0.1963E+01  0.1549E-03  0.1207E-03  0.3856E-07  0.3300E+01
  0.1976E+01  0.1567E-03  0.1234E-03  0.3977E-07  0.3300E+01
  0.1988E+01  0.1585E-03  0.1261E-03  0.4102E-07  0.3300E+01
  0.2000E+01  0.1605E-03  0.1288E-03  0.4233E-07  0.3300E+01
  0.2013E+01  0.1625E-03  0.1314E-03  0.4368E-07  0.3300E+01
  0.2025E+01  0.1647E-03  0.1341E-03  0.4509E-07  0.3300E+01
  0.2037E+01  0.1669E-03  0.1367E-03  0.4654E-07  0.3300E+01
  0.2049E+01  0.1693E-03  0.1392E-03  0.4804E-07  0.3300E+01
  0.2062E+01  0.1717E-03  0.1418E-03  0.4958E-07  0.3300E+01
  0.2074E+01  0.1743E-03  0.1442E-03  0.5117E-07  0.3300E+01
  0.2086E+01  0.1769E-03  0.1467E-03  0.5281E-07  0.3300E+01
  0.2098E+01  0.1797E-03  0.1491E-03  0.5449E-07  0.3300E+01
  0.2111E+01  0.1825E-03  0.1514E-03  0.5622E-07  0.3300E+01
  0.2123E+01  0.1854E-03  0.1536E-03  0.5799E-07  0.3300E+01
  0.2135E+01  0.1884E-03  0.1558E-03  0.5979E-07  0.3300E+01
  0.2148E+01  0.1915E-03  0.1580E-03  0.6164E-07  0.3300E+01
  0.2160E+01  0.1947E-03  0.1600E-03  0.6353E-07  0.3300E+01
  0.2172E+01  0.1980E-03  0.1620E-03  0.6545E-07  0.3300E+01
  0.2184E+01  0.2014E-03  0.1639E-03  0.6741E-07  0.3300E+01
  0.2197E+01  0.2048E-03  0.1657E-03  0.6941E-07  0.3300E+01
  0.2209E+01  0.2083E-03  0.1675E-03  0.7143E-07  0.3300E+01
  0.2221E+01  0.2119E-03  0.1691E-03  0.7349E-07  0.3300E+01
  0.2233E+01  0.2155E-03  0.1707E-03  0.7558E-07  0.3300E+01
  0.2246E+01  0.2193E-03  0.1721E-03  0.7770E-07  0.3300E+01
  0.2258E+01  0.2230E-03  0.1735E-03  0.7984E-07  0.3300E+01
  0.2270E+01  0.2269E-03  0.1748E-03  0.8201E-07  0.3300E+01
  0.2283E+01  0.2308E-03  0.1759E-03  0.8421E-07  0.3300E+01
  0.2295E+01  0.2347E-03  0.1770E-03  0.8642E-07  0.3300E+01
  0.2307E+01  0.2387E-03  0.1780E-03  0.8866E-07  0.3300E+01
  0.2319E+01  0.2428E-03  0.1788E-03  0.9091E-07  0.3300E+01
  0.2332E+01  0.2469E-03  0.1796E-03  0.9319E-07  0.3300E+01
  0.2344E+01  0.2510E-03  0.1802E-03  0.9548E-07  0.3300E+01
  0.2356E+01  0.2552E-03  0.1808E-03  0.9778E-07  0.3300E+01
  0.2368E+01  0.2594E-03  0.1812E-03  0.1001E-06  0.3300E+01
  0.2381E+01  0.2636E-03  0.1815E-03  0.1024E-06  0.3300E+01
  0.2393E+01  0.2679E-03  0.1817E-03  0.1048E-06  0.3300E+01
  0.2405E+01  0.2721E-03  0.1818E-03  0.1071E-06  0.3300E+01
  0.2418E+01  0.2764E-03  0.1817E-03  0.1094E-06  0.3300E+01
  0.2430E+01  0.2808E-03  0.1816E-03  0.1118E-06  0.3300E+01
  0.2442E+01  0.2851E-03  0.1813E-03  0.1141E-06  0.3300E+01
  0.2454E+01  0.2894E-03  0.1809E-03  0.1165E-06  0.3300E+01
  0.2467E+01  0.2938E-03  0.1804E-03  0.1189E-06  0.3300E+01
  0.2479E+01  0.2981E-03  0.1798E-03  0.1212E-06  0.3300E+01
  0.2491E+01  0.3025E-03  0.1790E-03  0.1235E-06  0.3300E+01
  0.2503E+01  0.3068E-03  0.1782E-03  0.1259E-06  0.3300E+01
  0.2516E+01  0.3111E-03  0.1772E-03  0.1282E-06  0.3300E+01
  0.2528E+01  0.3155E-03  0.1761E-03  0.1305E-06  0.3300E+01
  0.2540E+01  0.3198E-03  0.1749E-03  0.1328E-06  0.3300E+01
  0.2553E+01  0.3240E-03  0.1736E-03  0.1351E-06  0.3300E+01
  0.2565E+01  0.3283E-03  0.1721E-03  0.1374E-06  0.3300E+01
  0.2577E+01  0.3325E-03  0.1705E-03  0.1397E-06  0.3300E+01
  0.2589E+01  0.3367E-03  0.1688E-03  0.1419E-06  0.3300E+01
  0.2602E+01  0.3409E-03  0.1670E-03  0.1441E-06  0.3300E+01
  0.2614E+01  0.3451E-03  0.1651E-03  0.1463E-06  0.3300E+01
  0.2626E+01  0.3492E-03  0.1631E-03  0.1485E-06  0.3300E+01
  0.2638E+01  0.3532E-03  0.1610E-03  0.1507E-06  0.3300E+01
  0.2651E+01  0.3572E-03  0.1587E-03  0.1528E-06  0.3300E+01
  0.2663E+01  0.3612E-03  0.1563E-03  0.1549E-06  0.3300E+01
  0.2675E+01  0.3651E-03  0.1539E-03  0.1570E-06  0.3300E+01
  0.2688E+01  0.3689E-03  0.1513E-03  0.1590E-06  0.3300E+01
  0.2700E+01  0.3727E-03  0.1486E-03  0.1610E-06  0.3300E+01
  0.2712E+01  0.3764E-03  0.1458E-03  0.1630E-06  0.3300E+01
  0.2724E+01  0.3801E-03  0.1429E-03  0.1649E-06  0.3300E+01
  0.2737E+01  0.3837E-03  0.1399E-03  0.1668E-06  0.3300E+01
  0.2749E+01  0.3872E-03  0.1368E-03  0.1686E-06  0.3300E+01
  0.2761E+01  0.3907E-03  0.1336E-03  0.1704E-06  0.3300E+01
  0.2773E+01  0.3940E-03  0.1303E-03  0.1722E-06  0.3300E+01
  0.2786E+01  0.3973E-03  0.1269E-03  0.1739E-06  0.3300E+01
  0.2798E+01  0.4005E-03  0.1234E-03  0.1756E-06  0.3300E+01
  0.2810E+01  0.4036E-03  0.1198E-03  0.1773E-06  0.3300E+01
  0.2823E+01  0.4067E-03  0.1162E-03  0.1789E-06  0.3300E+01
  0.2835E+01  0.4096E-03  0.1124E-03  0.1804E-06  0.3300E+01
  0.2847E+01  0.4124E-03  0.1086E-03  0.1819E-06  0.3300E+01
  0.2859E+01  0.4152E-03  0.1047E-03  0.1833E-06  0.3300E+01
  0.2872E+01  0.4178E-03  0.1007E-03  0.1847E-06  0.3300E+01
  0.2884E+01  0.4204E-03  0.9667E-04  0.1861E-06  0.3300E+01
  0.2896E+01  0.4228E-03  0.9255E-04  0.1873E-06  0.3300E+01
  0.2908E+01  0.4252E-03  0.8835E-04  0.1886E-06  0.3300E+01
  0.2921E+01  0.4274E-03  0.8409E-04  0.1897E-06  0.3300E+01
  0.2933E+01  0.4295E-03  0.7977E-04  0.1908E-06  0.3300E+01
  0.2945E+01  0.4315E-03  0.7539E-04  0.1919E-06  0.3300E+01
  0.2958E+01  0.4334E-03  0.7096E-04  0.1929E-06  0.3300E+01
  0.2970E+01  0.4352E-03  0.6647E-04  0.1938E-06  0.3300E+01
  0.2982E+01  0.4369E-03  0.6193E-04  0.1947E-06  0.3300E+01
  0.2994E+01  0.4384E-03  0.5735E-04  0.1955E-06  0.3300E+01
  0.3007E+01  0.4399E-03  0.5272E-04  0.1962E-06  0.3300E+01
  0.3019E+01  0.4412E-03  0.4805E-04  0.1969E-06  0.3300E+01
  0.3031E+01  0.4424E-03  0.4335E-04  0.1976E-06  0.3300E+01
  0.3043E+01  0.4434E-03  0.3862E-04  0.1981E-06  0.3300E+01
  0.3056E+01  0.4444E-03  0.3385E-04  0.1986E-06  0.3300E+01
  0.3068E+01  0.4452E-03  0.2906E-04  0.1990E-06  0.3300E+01
  0.3080E+01  0.4459E-03  0.2425E-04  0.1994E-06  0.3300E+01
  0.3093E+01  0.4464E-03  0.1942E-04  0.1997E-06  0.3300E+01
  0.3105E+01  0.4469E-03  0.1458E-04  0.1999E-06  0.3300E+01
  0.3117E+01  0.4472E-03  0.9727E-05  0.2001E-06  0.3300E+01
  0.3129E+01  0.4474E-03  0.4865E-05  0.2002E-06  0.3300E+01
  0.3142E+01 -0.1716E+00  0.0000E+00  0.2946E-01  0.3300E+01
