      0.00      1.0000      1.0000  0.0000E+00
      0.01      1.0000      1.0000  0.7971E-10
      0.01      0.9999      0.9999  0.1594E-09
      0.02      0.9999      0.9999  0.2391E-09
      0.02      0.9998      0.9998  0.3187E-09
      0.03      0.9997      0.9997  0.3982E-09
      0.03      0.9995      0.9995  0.4774E-09
      0.04      0.9994      0.9994  0.5564E-09
      0.04      0.9992      0.9992  0.6350E-09
      0.05      0.9990      0.9990  0.7131E-09
      0.05      0.9987      0.9987  0.7905E-09
      0.06      0.9985      0.9985  0.8671E-09
      0.06      0.9982      0.9982  0.9428E-09
      0.07      0.9979      0.9979  0.1017E-08
      0.07      0.9975      0.9975  0.1090E-08
      0.08      0.9972      0.9972  0.1162E-08
      0.08      0.9968      0.9968  0.1232E-08
      0.09      0.9964      0.9964  0.1299E-08
      0.09      0.9959      0.9959  0.1365E-08
      0.10      0.9955      0.9955  0.1427E-08
      0.10      0.9950      0.9950  0.1487E-08
      0.11      0.9944      0.9944  0.1544E-08
      0.11      0.9939      0.9939  0.1597E-08
      0.12      0.9933      0.9933  0.1646E-08
      0.12      0.9928      0.9928  0.1691E-08
      0.13      0.9921      0.9921  0.1731E-08
      0.13      0.9915      0.9915  0.1767E-08
      0.14      0.9908      0.9908  0.1796E-08
      0.14      0.9902      0.9902  0.1820E-08
      0.15      0.9894      0.9894  0.1838E-08
      0.15      0.9887      0.9887  0.1849E-08
      0.16      0.9879      0.9879  0.1852E-08
      0.16      0.9872      0.9872  0.1848E-08
      0.17      0.9863      0.9863  0.1836E-08
      0.17      0.9855      0.9855  0.1815E-08
      0.18      0.9847      0.9847  0.1784E-08
      0.18      0.9838      0.9838  0.1744E-08
      0.19      0.9829      0.9829  0.1693E-08
      0.19      0.9819      0.9819  0.1631E-08
      0.20      0.9810      0.9810  0.1558E-08
      0.20      0.9800      0.9800  0.1472E-08
      0.21      0.9790      0.9790  0.1373E-08
      0.21      0.9780      0.9780  0.1261E-08
      0.22      0.9769      0.9769  0.1135E-08
      0.22      0.9759      0.9759  0.9934E-09
      0.23      0.9748      0.9748  0.8365E-09
      0.23      0.9736      0.9736  0.6633E-09
      0.24      0.9725      0.9725  0.4730E-09
      0.24      0.9713      0.9713  0.2649E-09
      0.25      0.9701      0.9701  0.3829E-10
      0.25      0.9689      0.9689  0.2077E-09
      0.26      0.9677      0.9677  0.4739E-09
      0.26      0.9664      0.9664  0.7610E-09
      0.27      0.9652      0.9652  0.1070E-08
      0.27      0.9639      0.9639  0.1401E-08
      0.28      0.9625      0.9625  0.1756E-08
      0.28      0.9612      0.9612  0.2136E-08
      0.29      0.9598      0.9598  0.2541E-08
      0.29      0.9584      0.9584  0.2972E-08
      0.30      0.9570      0.9570  0.3430E-08
      0.30      0.9556      0.9556  0.3916E-08
      0.31      0.9541      0.9541  0.4431E-08
      0.31      0.9526      0.9526  0.4976E-08
      0.32      0.9511      0.9511  0.5552E-08
      0.32      0.9496      0.9496  0.6160E-08
      0.33      0.9481      0.9481  0.6801E-08
      0.33      0.9465      0.9465  0.7477E-08
      0.34      0.9449      0.9449  0.8187E-08
      0.34      0.9433      0.9433  0.8934E-08
      0.35      0.9417      0.9417  0.9718E-08
      0.35      0.9400      0.9400  0.1054E-07
      0.36      0.9383      0.9383  0.1140E-07
      0.36      0.9366      0.9366  0.1230E-07
      0.37      0.9349      0.9349  0.1325E-07
      0.37      0.9332      0.9332  0.1424E-07
      0.38      0.9314      0.9314  0.1527E-07
      0.38      0.9297      0.9297  0.1634E-07
      0.39      0.9279      0.9279  0.1747E-07
      0.39      0.9261      0.9261  0.1864E-07
      0.40      0.9242      0.9242  0.1986E-07
      0.40      0.9224      0.9224  0.2113E-07
      0.41      0.9205      0.9205  0.2245E-07
      0.41      0.9186      0.9186  0.2383E-07
      0.42      0.9167      0.9167  0.2526E-07
      0.42      0.9148      0.9148  0.2674E-07
      0.43      0.9128      0.9128  0.2828E-07
      0.43      0.9108      0.9108  0.2988E-07
      0.44      0.9089      0.9089  0.3154E-07
      0.44      0.9069      0.9069  0.3326E-07
      0.45      0.9048      0.9048  0.3505E-07
      0.45      0.9028      0.9028  0.3689E-07
      0.46      0.9007      0.9007  0.3881E-07
      0.46      0.8986      0.8986  0.4079E-07
      0.47      0.8965      0.8965  0.4283E-07
      0.47      0.8944      0.8944  0.4495E-07
      0.48      0.8923      0.8923  0.4714E-07
      0.48      0.8902      0.8902  0.4940E-07
      0.49      0.8880      0.8880  0.5174E-07
      0.49      0.8858      0.8858  0.5415E-07
      0.50      0.8836      0.8836  0.5664E-07
      0.50      0.8814      0.8814  0.5921E-07
      0.51      0.8792      0.8792  0.6186E-07
      0.51      0.8769      0.8769  0.6459E-07
      0.52      0.8746      0.8746  0.6741E-07
      0.52      0.8724      0.8724  0.7031E-07
      0.53      0.8701      0.8701  0.7330E-07
      0.53      0.8677      0.8677  0.7637E-07
      0.54      0.8654      0.8654  0.7954E-07
      0.54      0.8631      0.8631  0.8280E-07
      0.55      0.8607      0.8607  0.8616E-07
      0.55      0.8583      0.8583  0.8961E-07
      0.56      0.8559      0.8559  0.9316E-07
      0.56      0.8535      0.8535  0.9681E-07
      0.57      0.8511      0.8511  0.1006E-06
      0.57      0.8487      0.8487  0.1044E-06
      0.58      0.8462      0.8462  0.1084E-06
      0.58      0.8438      0.8438  0.1124E-06
      0.59      0.8413      0.8413  0.1166E-06
      0.59      0.8388      0.8388  0.1209E-06
      0.60      0.8363      0.8363  0.1253E-06
      0.60      0.8338      0.8338  0.1298E-06
      0.61      0.8312      0.8312  0.1344E-06
      0.61      0.8287      0.8287  0.1392E-06
      0.62      0.8261      0.8261  0.1440E-06
      0.62      0.8235      0.8235  0.1490E-06
      0.63      0.8210      0.8210  0.1541E-06
      0.63      0.8184      0.8184  0.1594E-06
      0.64      0.8158      0.8158  0.1647E-06
      0.64      0.8131      0.8131  0.1702E-06
      0.65      0.8105      0.8105  0.1759E-06
      0.65      0.8079      0.8079  0.1816E-06
      0.66      0.8052      0.8052  0.1875E-06
      0.66      0.8025      0.8025  0.1936E-06
      0.67      0.7998      0.7998  0.1997E-06
      0.67      0.7972      0.7972  0.2061E-06
      0.68      0.7944      0.7944  0.2125E-06
      0.68      0.7917      0.7917  0.2191E-06
      0.69      0.7890      0.7890  0.2259E-06
      0.69      0.7863      0.7863  0.2328E-06
      0.70      0.7835      0.7835  0.2399E-06
      0.70      0.7808      0.7808  0.2471E-06
      0.71      0.7780      0.7780  0.2545E-06
      0.71      0.7752      0.7752  0.2620E-06
      0.72      0.7725      0.7725  0.2697E-06
      0.72      0.7697      0.7697  0.2776E-06
      0.73      0.7669      0.7669  0.2856E-06
      0.73      0.7640      0.7640  0.2939E-06
      0.74      0.7612      0.7612  0.3022E-06
      0.74      0.7584      0.7584  0.3108E-06
      0.75      0.7556      0.7556  0.3195E-06
      0.75      0.7527      0.7527  0.3284E-06
      0.76      0.7498      0.7498  0.3375E-06
      0.76      0.7470      0.7470  0.3468E-06
      0.77      0.7441      0.7441  0.3563E-06
      0.77      0.7412      0.7412  0.3659E-06
      0.78      0.7383      0.7383  0.3758E-06
      0.78      0.7355      0.7355  0.3858E-06
      0.79      0.7326      0.7326  0.3961E-06
      0.79      0.7296      0.7296  0.4065E-06
      0.80      0.7267      0.7267  0.4171E-06
      0.80      0.7238      0.7238  0.4280E-06
      0.81      0.7209      0.7209  0.4390E-06
      0.81      0.7180      0.7180  0.4503E-06
      0.82      0.7150      0.7150  0.4618E-06
      0.82      0.7121      0.7121  0.4734E-06
      0.83      0.7091      0.7091  0.4853E-06
      0.83      0.7062      0.7062  0.4975E-06
      0.84      0.7032      0.7032  0.5098E-06
      0.84      0.7002      0.7002  0.5224E-06
      0.85      0.6973      0.6973  0.5352E-06
      0.85      0.6943      0.6943  0.5482E-06
      0.86      0.6913      0.6913  0.5615E-06
      0.86      0.6883      0.6883  0.5750E-06
      0.87      0.6853      0.6853  0.5887E-06
      0.87      0.6823      0.6823  0.6027E-06
      0.88      0.6793      0.6793  0.6169E-06
      0.88      0.6763      0.6763  0.6314E-06
      0.89      0.6733      0.6733  0.6461E-06
      0.89      0.6703      0.6703  0.6611E-06
      0.90      0.6673      0.6673  0.6763E-06
      0.90      0.6643      0.6643  0.6918E-06
      0.91      0.6612      0.6612  0.7076E-06
      0.91      0.6582      0.6582  0.7236E-06
      0.92      0.6552      0.6552  0.7399E-06
      0.92      0.6522      0.6522  0.7565E-06
      0.93      0.6491      0.6491  0.7733E-06
      0.93      0.6461      0.6461  0.7904E-06
      0.94      0.6431      0.6431  0.8078E-06
      0.94      0.6400      0.6400  0.8255E-06
      0.95      0.6370      0.6370  0.8434E-06
      0.95      0.6339      0.6339  0.8617E-06
      0.96      0.6309      0.6309  0.8802E-06
      0.96      0.6279      0.6279  0.8991E-06
      0.97      0.6248      0.6248  0.9182E-06
      0.97      0.6218      0.6218  0.9376E-06
      0.98      0.6187      0.6187  0.9574E-06
      0.98      0.6157      0.6157  0.9774E-06
      0.99      0.6126      0.6126  0.9978E-06
      0.99      0.6096      0.6096  0.1018E-05
      1.00      0.6065      0.6065  0.1039E-05
