  0.5000E-02   0.0000E+00   0.0000E+00
  0.1000E-01   0.4421E-03   0.2653E-04
  0.5000E-02   0.0000E+00   0.0000E+00
  0.1000E-01   0.7842E-03   0.4705E-04
  0.5000E-02   0.0000E+00   0.0000E+00
  0.1000E-01   0.1070E-02   0.6422E-04
  0.5000E-02   0.0000E+00   0.0000E+00
  0.1000E-01   0.1398E-02   0.8389E-04
  0.5000E-02   0.0000E+00   0.0000E+00
  0.1000E-01   0.1730E-02   0.1038E-03
  0.5000E-02   0.0000E+00   0.0000E+00
  0.1000E-01   0.2017E-02   0.1210E-03
  0.5000E-02   0.0000E+00   0.0000E+00
  0.1000E-01   0.2297E-02   0.1378E-03
  0.5000E-02   0.0000E+00   0.0000E+00
  0.1000E-01   0.2678E-02   0.1607E-03
  0.5000E-02   0.0000E+00   0.0000E+00
  0.1000E-01   0.2971E-02   0.1782E-03
  0.5000E-02   0.0000E+00   0.0000E+00
  0.1000E-01   0.3291E-02   0.1975E-03
