  0.1000E+00   0.1489E+00   0.8427E-02   0.1735E+02    0.2463E+00
  0.2222E+00   0.5265E+01   0.4600E+00   0.4771E+03    0.2633E+02
  0.3444E+00   0.3679E+01   0.3171E+00   0.3368E+03    0.1781E+02
  0.4667E+00   0.3760E+01   0.3219E+00   0.3459E+03    0.1789E+02
  0.5889E+00   0.3831E+01   0.3255E+00   0.3543E+03    0.1790E+02
  0.7111E+00   0.3918E+01   0.3311E+00   0.3639E+03    0.1805E+02
  0.8333E+00   0.4004E+01   0.3366E+00   0.3732E+03    0.1821E+02
  0.9556E+00   0.4067E+01   0.3398E+00   0.3807E+03    0.1823E+02
  0.1078E+01   0.4144E+01   0.3441E+00   0.3894E+03    0.1829E+02
  0.1200E+01   0.4217E+01   0.3481E+00   0.3980E+03    0.1833E+02
