         rij       g(rij)
  0.5602E-02   0.0000E+00
  0.9336E-02   0.0000E+00
  0.1307E-01   0.0000E+00
  0.1681E-01   0.0000E+00
  0.2054E-01   0.0000E+00
  0.2427E-01   0.0000E+00
  0.2801E-01   0.0000E+00
  0.3174E-01   0.0000E+00
  0.3548E-01   0.0000E+00
  0.3921E-01   0.0000E+00
  0.4295E-01   0.0000E+00
  0.4668E-01   0.0000E+00
  0.5042E-01   0.0000E+00
  0.5415E-01   0.0000E+00
  0.5788E-01   0.0000E+00
  0.6162E-01   0.0000E+00
  0.6535E-01   0.0000E+00
  0.6909E-01   0.0000E+00
  0.7282E-01   0.0000E+00
  0.7656E-01   0.0000E+00
  0.8029E-01   0.0000E+00
  0.8403E-01   0.0000E+00
  0.8776E-01   0.0000E+00
  0.9150E-01   0.0000E+00
  0.9523E-01   0.0000E+00
  0.9896E-01   0.0000E+00
  0.1027E+00   0.0000E+00
  0.1064E+00   0.0000E+00
  0.1102E+00   0.0000E+00
  0.1139E+00   0.0000E+00
  0.1176E+00   0.0000E+00
  0.1214E+00   0.0000E+00
  0.1251E+00   0.0000E+00
  0.1288E+00   0.0000E+00
  0.1326E+00   0.0000E+00
  0.1363E+00   0.0000E+00
  0.1400E+00   0.0000E+00
  0.1438E+00   0.0000E+00
  0.1475E+00   0.0000E+00
  0.1512E+00   0.0000E+00
  0.1550E+00   0.0000E+00
  0.1587E+00   0.0000E+00
  0.1625E+00   0.0000E+00
  0.1662E+00   0.0000E+00
  0.1699E+00   0.0000E+00
  0.1737E+00   0.0000E+00
  0.1774E+00   0.0000E+00
  0.1811E+00   0.0000E+00
  0.1849E+00   0.0000E+00
  0.1886E+00   0.0000E+00
  0.1923E+00   0.0000E+00
  0.1961E+00   0.0000E+00
  0.1998E+00   0.0000E+00
  0.2035E+00   0.0000E+00
  0.2073E+00   0.0000E+00
  0.2110E+00   0.0000E+00
  0.2147E+00   0.0000E+00
  0.2185E+00   0.0000E+00
  0.2222E+00   0.0000E+00
  0.2259E+00   0.0000E+00
  0.2297E+00   0.0000E+00
  0.2334E+00   0.0000E+00
  0.2371E+00   0.0000E+00
  0.2409E+00   0.0000E+00
  0.2446E+00   0.0000E+00
  0.2483E+00   0.0000E+00
  0.2521E+00   0.0000E+00
  0.2558E+00   0.0000E+00
  0.2595E+00   0.0000E+00
  0.2633E+00   0.0000E+00
  0.2670E+00   0.0000E+00
  0.2708E+00   0.0000E+00
  0.2745E+00   0.0000E+00
  0.2782E+00   0.0000E+00
  0.2820E+00   0.0000E+00
  0.2857E+00   0.0000E+00
  0.2894E+00   0.0000E+00
  0.2932E+00   0.0000E+00
  0.2969E+00   0.0000E+00
  0.3006E+00   0.0000E+00
  0.3044E+00   0.0000E+00
  0.3081E+00   0.0000E+00
  0.3118E+00   0.0000E+00
  0.3156E+00   0.0000E+00
  0.3193E+00   0.0000E+00
  0.3230E+00   0.0000E+00
  0.3268E+00   0.0000E+00
  0.3305E+00   0.0000E+00
  0.3342E+00   0.0000E+00
  0.3380E+00   0.0000E+00
  0.3417E+00   0.0000E+00
  0.3454E+00   0.0000E+00
  0.3492E+00   0.0000E+00
  0.3529E+00   0.0000E+00
  0.3566E+00   0.0000E+00
  0.3604E+00   0.0000E+00
  0.3641E+00   0.0000E+00
  0.3678E+00   0.0000E+00
  0.3716E+00   0.0000E+00
  0.3753E+00   0.0000E+00
  0.3791E+00   0.0000E+00
  0.3828E+00   0.0000E+00
  0.3865E+00   0.0000E+00
  0.3903E+00   0.0000E+00
  0.3940E+00   0.0000E+00
  0.3977E+00   0.0000E+00
  0.4015E+00   0.0000E+00
  0.4052E+00   0.0000E+00
  0.4089E+00   0.0000E+00
  0.4127E+00   0.0000E+00
  0.4164E+00   0.0000E+00
  0.4201E+00   0.0000E+00
  0.4239E+00   0.0000E+00
  0.4276E+00   0.0000E+00
  0.4313E+00   0.0000E+00
  0.4351E+00   0.0000E+00
  0.4388E+00   0.0000E+00
  0.4425E+00   0.0000E+00
  0.4463E+00   0.0000E+00
  0.4500E+00   0.0000E+00
  0.4537E+00   0.0000E+00
  0.4575E+00   0.0000E+00
  0.4612E+00   0.0000E+00
  0.4649E+00   0.0000E+00
  0.4687E+00   0.0000E+00
  0.4724E+00   0.0000E+00
  0.4761E+00   0.0000E+00
  0.4799E+00   0.0000E+00
  0.4836E+00   0.0000E+00
  0.4874E+00   0.0000E+00
  0.4911E+00   0.0000E+00
  0.4948E+00   0.0000E+00
  0.4986E+00   0.0000E+00
  0.5023E+00   0.0000E+00
  0.5060E+00   0.0000E+00
  0.5098E+00   0.0000E+00
  0.5135E+00   0.0000E+00
  0.5172E+00   0.0000E+00
  0.5210E+00   0.0000E+00
  0.5247E+00   0.0000E+00
  0.5284E+00   0.0000E+00
  0.5322E+00   0.0000E+00
  0.5359E+00   0.0000E+00
  0.5396E+00   0.0000E+00
  0.5434E+00   0.0000E+00
  0.5471E+00   0.0000E+00
  0.5508E+00   0.0000E+00
  0.5546E+00   0.0000E+00
  0.5583E+00   0.0000E+00
  0.5620E+00   0.0000E+00
  0.5658E+00   0.0000E+00
  0.5695E+00   0.0000E+00
  0.5732E+00   0.0000E+00
  0.5770E+00   0.0000E+00
  0.5807E+00   0.0000E+00
  0.5844E+00   0.0000E+00
  0.5882E+00   0.0000E+00
  0.5919E+00   0.0000E+00
  0.5957E+00   0.0000E+00
  0.5994E+00   0.0000E+00
  0.6031E+00   0.0000E+00
  0.6069E+00   0.0000E+00
  0.6106E+00   0.0000E+00
  0.6143E+00   0.0000E+00
  0.6181E+00   0.0000E+00
  0.6218E+00   0.0000E+00
  0.6255E+00   0.0000E+00
  0.6293E+00   0.0000E+00
  0.6330E+00   0.0000E+00
  0.6367E+00   0.0000E+00
  0.6405E+00   0.0000E+00
  0.6442E+00   0.0000E+00
  0.6479E+00   0.0000E+00
  0.6517E+00   0.0000E+00
  0.6554E+00   0.0000E+00
  0.6591E+00   0.0000E+00
  0.6629E+00   0.0000E+00
  0.6666E+00   0.0000E+00
  0.6703E+00   0.0000E+00
  0.6741E+00   0.0000E+00
  0.6778E+00   0.0000E+00
  0.6815E+00   0.0000E+00
  0.6853E+00   0.0000E+00
  0.6890E+00   0.0000E+00
  0.6928E+00   0.0000E+00
  0.6965E+00   0.0000E+00
  0.7002E+00   0.0000E+00
  0.7040E+00   0.0000E+00
  0.7077E+00   0.0000E+00
  0.7114E+00   0.0000E+00
  0.7152E+00   0.0000E+00
  0.7189E+00   0.0000E+00
  0.7226E+00   0.0000E+00
  0.7264E+00   0.0000E+00
  0.7301E+00   0.0000E+00
  0.7338E+00   0.0000E+00
  0.7376E+00   0.0000E+00
  0.7413E+00   0.0000E+00
  0.7450E+00   0.0000E+00
  0.7488E+00   0.0000E+00
  0.7525E+00   0.0000E+00
  0.7562E+00   0.0000E+00
  0.7600E+00   0.0000E+00
  0.7637E+00   0.0000E+00
  0.7674E+00   0.0000E+00
  0.7712E+00   0.0000E+00
  0.7749E+00   0.0000E+00
  0.7786E+00   0.0000E+00
  0.7824E+00   0.0000E+00
  0.7861E+00   0.0000E+00
  0.7898E+00   0.0000E+00
  0.7936E+00   0.0000E+00
  0.7973E+00   0.0000E+00
  0.8011E+00   0.0000E+00
  0.8048E+00   0.0000E+00
  0.8085E+00   0.0000E+00
  0.8123E+00   0.0000E+00
  0.8160E+00   0.0000E+00
  0.8197E+00   0.0000E+00
  0.8235E+00   0.0000E+00
  0.8272E+00   0.0000E+00
  0.8309E+00   0.0000E+00
  0.8347E+00   0.0000E+00
  0.8384E+00   0.0000E+00
  0.8421E+00   0.0000E+00
  0.8459E+00   0.0000E+00
  0.8496E+00   0.0000E+00
  0.8533E+00   0.0000E+00
  0.8571E+00   0.0000E+00
  0.8608E+00   0.0000E+00
  0.8645E+00   0.0000E+00
  0.8683E+00   0.0000E+00
  0.8720E+00   0.0000E+00
  0.8757E+00   0.0000E+00
  0.8795E+00   0.0000E+00
  0.8832E+00   0.0000E+00
  0.8869E+00   0.0000E+00
  0.8907E+00   0.0000E+00
  0.8944E+00   0.0000E+00
  0.8981E+00   0.0000E+00
  0.9019E+00   0.8732E-01
  0.9056E+00   0.0000E+00
  0.9094E+00   0.8590E-01
  0.9131E+00   0.0000E+00
  0.9168E+00   0.0000E+00
  0.9206E+00   0.0000E+00
  0.9243E+00   0.0000E+00
  0.9280E+00   0.8247E-01
  0.9318E+00   0.8181E-01
  0.9355E+00   0.8116E-01
  0.9392E+00   0.4026E+00
  0.9430E+00   0.2396E+00
  0.9467E+00   0.3963E+00
  0.9504E+00   0.3932E+00
  0.9542E+00   0.7022E+00
  0.9579E+00   0.1006E+01
  0.9616E+00   0.8449E+00
  0.9654E+00   0.1372E+01
  0.9691E+00   0.1739E+01
  0.9728E+00   0.2176E+01
  0.9766E+00   0.2234E+01
  0.9803E+00   0.2661E+01
  0.9840E+00   0.2421E+01
  0.9878E+00   0.2694E+01
  0.9915E+00   0.3829E+01
  0.9952E+00   0.3442E+01
  0.9990E+00   0.3701E+01
  0.1003E+01   0.4733E+01
  0.1006E+01   0.4558E+01
  0.1010E+01   0.4663E+01
  0.1014E+01   0.3869E+01
  0.1018E+01   0.4664E+01
  0.1021E+01   0.4902E+01
  0.1025E+01   0.4799E+01
  0.1029E+01   0.5972E+01
  0.1033E+01   0.5929E+01
  0.1036E+01   0.5357E+01
  0.1040E+01   0.5844E+01
  0.1044E+01   0.4759E+01
  0.1048E+01   0.4661E+01
  0.1051E+01   0.4370E+01
  0.1055E+01   0.4276E+01
  0.1059E+01   0.4879E+01
  0.1062E+01   0.4656E+01
  0.1066E+01   0.3686E+01
  0.1070E+01   0.5708E+01
  0.1074E+01   0.4375E+01
  0.1077E+01   0.4650E+01
  0.1081E+01   0.4497E+01
  0.1085E+01   0.3923E+01
  0.1089E+01   0.4256E+01
  0.1092E+01   0.3572E+01
  0.1096E+01   0.3488E+01
  0.1100E+01   0.3699E+01
  0.1104E+01   0.2625E+01
  0.1107E+01   0.2433E+01
  0.1111E+01   0.2129E+01
  0.1115E+01   0.2686E+01
  0.1118E+01   0.2214E+01
  0.1122E+01   0.2933E+01
  0.1126E+01   0.2129E+01
  0.1130E+01   0.2004E+01
  0.1133E+01   0.1548E+01
  0.1137E+01   0.1428E+01
  0.1141E+01   0.1583E+01
  0.1145E+01   0.1735E+01
  0.1148E+01   0.1131E+01
  0.1152E+01   0.5351E+00
  0.1156E+01   0.7975E+00
  0.1160E+01   0.1004E+01
  0.1163E+01   0.1102E+01
  0.1167E+01   0.7823E+00
  0.1171E+01   0.5700E+00
  0.1175E+01   0.4634E+00
  0.1178E+01   0.5116E+00
  0.1182E+01   0.2542E+00
  0.1186E+01   0.4042E+00
  0.1189E+01   0.3012E+00
  0.1193E+01   0.3492E+00
  0.1197E+01   0.1983E+00
  0.1201E+01   0.2956E+00
  0.1204E+01   0.2448E+00
  0.1208E+01   0.1947E+00
  0.1212E+01   0.4837E-01
  0.1216E+01   0.1923E+00
  0.1219E+01   0.9555E-01
  0.1223E+01   0.4748E-01
  0.1227E+01   0.4720E-01
  0.1231E+01   0.1407E+00
  0.1234E+01   0.9325E-01
  0.1238E+01   0.0000E+00
  0.1242E+01   0.4607E-01
  0.1245E+01   0.9158E-01
  0.1249E+01   0.4552E-01
  0.1253E+01   0.4525E-01
  0.1257E+01   0.4498E-01
  0.1260E+01   0.0000E+00
  0.1264E+01   0.0000E+00
  0.1268E+01   0.0000E+00
  0.1272E+01   0.4393E-01
  0.1275E+01   0.4367E-01
  0.1279E+01   0.4342E-01
  0.1283E+01   0.0000E+00
  0.1287E+01   0.0000E+00
  0.1290E+01   0.0000E+00
  0.1294E+01   0.4242E-01
  0.1298E+01   0.8435E-01
  0.1301E+01   0.4193E-01
  0.1305E+01   0.4169E-01
  0.1309E+01   0.4146E-01
  0.1313E+01   0.0000E+00
  0.1316E+01   0.0000E+00
  0.1320E+01   0.0000E+00
  0.1324E+01   0.4053E-01
  0.1328E+01   0.0000E+00
  0.1331E+01   0.2404E+00
  0.1335E+01   0.1594E+00
  0.1339E+01   0.3963E-01
  0.1343E+01   0.1182E+00
  0.1346E+01   0.7838E-01
  0.1350E+01   0.3897E-01
  0.1354E+01   0.1938E+00
  0.1357E+01   0.1156E+00
  0.1361E+01   0.1150E+00
  0.1365E+01   0.1525E+00
  0.1369E+01   0.2275E+00
  0.1372E+01   0.2263E+00
  0.1376E+01   0.3375E+00
  0.1380E+01   0.2238E+00
  0.1384E+01   0.2597E+00
  0.1387E+01   0.2214E+00
  0.1391E+01   0.3303E+00
  0.1395E+01   0.5111E+00
  0.1399E+01   0.4358E+00
  0.1402E+01   0.5418E+00
  0.1406E+01   0.2874E+00
  0.1410E+01   0.2502E+00
  0.1414E+01   0.5332E+00
  0.1417E+01   0.7780E+00
  0.1421E+01   0.7739E+00
  0.1425E+01   0.6649E+00
  0.1428E+01   0.6614E+00
  0.1432E+01   0.5194E+00
  0.1436E+01   0.4823E+00
  0.1440E+01   0.7197E+00
  0.1443E+01   0.1159E+01
  0.1447E+01   0.8479E+00
  0.1451E+01   0.7424E+00
  0.1455E+01   0.8393E+00
  0.1458E+01   0.1303E+01
  0.1462E+01   0.9968E+00
  0.1466E+01   0.1256E+01
  0.1470E+01   0.1151E+01
  0.1473E+01   0.9817E+00
  0.1477E+01   0.1237E+01
  0.1481E+01   0.1199E+01
  0.1484E+01   0.1257E+01
  0.1488E+01   0.9621E+00
  0.1492E+01   0.9254E+00
  0.1496E+01   0.1302E+01
  0.1499E+01   0.9162E+00
  0.1503E+01   0.8488E+00
  0.1507E+01   0.7507E+00
  0.1511E+01   0.1214E+01
  0.1514E+01   0.7743E+00
  0.1518E+01   0.7705E+00
  0.1522E+01   0.7668E+00
  0.1526E+01   0.9766E+00
  0.1529E+01   0.9111E+00
  0.1533E+01   0.6649E+00
  0.1537E+01   0.9625E+00
  0.1540E+01   0.8381E+00
  0.1544E+01   0.6851E+00
  0.1548E+01   0.7707E+00
  0.1552E+01   0.5605E+00
  0.1555E+01   0.7633E+00
  0.1559E+01   0.6428E+00
  0.1563E+01   0.4653E+00
  0.1567E+01   0.5209E+00
  0.1570E+01   0.5185E+00
  0.1574E+01   0.6880E+00
  0.1578E+01   0.5421E+00
  0.1582E+01   0.4259E+00
  0.1585E+01   0.3392E+00
  0.1589E+01   0.5345E+00
  0.1593E+01   0.3080E+00
  0.1597E+01   0.2229E+00
  0.1600E+01   0.4993E+00
  0.1604E+01   0.2209E+00
  0.1608E+01   0.3023E+00
  0.1611E+01   0.1368E+00
  0.1615E+01   0.2178E+00
  0.1619E+01   0.4065E+00
  0.1623E+01   0.1079E+00
  0.1626E+01   0.0000E+00
  0.1630E+01   0.5346E-01
  0.1634E+01   0.1330E+00
  0.1638E+01   0.2649E+00
  0.1641E+01   0.1055E+00
  0.1645E+01   0.1837E+00
  0.1649E+01   0.1306E+00
  0.1653E+01   0.1301E+00
  0.1656E+01   0.1813E+00
  0.1660E+01   0.1804E+00
  0.1664E+01   0.2309E+00
  0.1667E+01   0.2044E+00
  0.1671E+01   0.2289E+00
  0.1675E+01   0.1772E+00
  0.1679E+01   0.1008E+00
  0.1682E+01   0.1757E+00
  0.1686E+01   0.2748E+00
  0.1690E+01   0.4477E+00
  0.1694E+01   0.2476E+00
  0.1697E+01   0.3452E+00
  0.1701E+01   0.2209E+00
  0.1705E+01   0.5377E+00
  0.1709E+01   0.4137E+00
  0.1712E+01   0.5330E+00
  0.1716E+01   0.6995E+00
  0.1720E+01   0.7445E+00
  0.1723E+01   0.7413E+00
  0.1727E+01   0.9762E+00
  0.1731E+01   0.9246E+00
  0.1735E+01   0.9914E+00
  0.1738E+01   0.9166E+00
  0.1742E+01   0.1287E+01
  0.1746E+01   0.1282E+01
  0.1750E+01   0.1392E+01
  0.1753E+01   0.1710E+01
  0.1757E+01   0.1910E+01
  0.1761E+01   0.1649E+01
  0.1765E+01   0.1688E+01
  0.1768E+01   0.1863E+01
  0.1772E+01   0.2330E+01
  0.1776E+01   0.2320E+01
  0.1779E+01   0.1817E+01
  0.1783E+01   0.2457E+01
  0.1787E+01   0.2269E+01
  0.1791E+01   0.2547E+01
  0.1794E+01   0.2890E+01
  0.1798E+01   0.2438E+01
  0.1802E+01   0.3063E+01
  0.1806E+01   0.3203E+01
  0.1809E+01   0.2929E+01
  0.1813E+01   0.3306E+01
  0.1817E+01   0.2690E+01
  0.1821E+01   0.2829E+01
  0.1824E+01   0.3073E+01
  0.1828E+01   0.2954E+01
  0.1832E+01   0.2498E+01
  0.1836E+01   0.2846E+01
  0.1839E+01   0.2814E+01
  0.1843E+01   0.2530E+01
  0.1847E+01   0.2708E+01
  0.1850E+01   0.2697E+01
  0.1854E+01   0.2500E+01
  0.1858E+01   0.2963E+01
  0.1862E+01   0.2869E+01
  0.1865E+01   0.2858E+01
  0.1869E+01   0.2236E+01
  0.1873E+01   0.2167E+01
  0.1877E+01   0.1775E+01
  0.1880E+01   0.1808E+01
  0.1884E+01   0.1981E+01
  0.1888E+01   0.1893E+01
  0.1892E+01   0.2065E+01
  0.1895E+01   0.1503E+01
  0.1899E+01   0.1300E+01
  0.1903E+01   0.1746E+01
  0.1906E+01   0.1739E+01
  0.1910E+01   0.1090E+01
  0.1914E+01   0.1512E+01
  0.1918E+01   0.9657E+00
  0.1921E+01   0.1174E+01
  0.1925E+01   0.1131E+01
  0.1929E+01   0.7446E+00
  0.1933E+01   0.9128E+00
  0.1936E+01   0.7388E+00
  0.1940E+01   0.6982E+00
  0.1944E+01   0.4888E+00
  0.1948E+01   0.4494E+00
  0.1951E+01   0.4477E+00
  0.1955E+01   0.5018E+00
  0.1959E+01   0.3332E+00
  0.1962E+01   0.3873E+00
  0.1966E+01   0.3675E+00
  0.1970E+01   0.2196E+00
  0.1974E+01   0.3647E+00
  0.1977E+01   0.4541E+00
  0.1981E+01   0.3619E+00
  0.1985E+01   0.3425E+00
  0.1989E+01   0.2694E+00
  0.1992E+01   0.2863E+00
  0.1996E+01   0.3744E+00
  0.2000E+01   0.3907E+00
  0.2004E+01   0.4247E+00
  0.2007E+01   0.3526E+00
  0.2011E+01   0.3688E+00
  0.2015E+01   0.5424E+00
  0.2018E+01   0.5056E+00
  0.2022E+01   0.4863E+00
  0.2026E+01   0.2942E+00
  0.2030E+01   0.5172E+00
  0.2033E+01   0.6012E+00
  0.2037E+01   0.6161E+00
  0.2041E+01   0.5286E+00
  0.2045E+01   0.5947E+00
  0.2048E+01   0.9480E+00
  0.2052E+01   0.7590E+00
  0.2056E+01   0.1076E+01
  0.2060E+01   0.8205E+00
  0.2063E+01   0.9677E+00
  0.2067E+01   0.7980E+00
  0.2071E+01   0.9607E+00
  0.2075E+01   0.8747E+00
  0.2078E+01   0.1069E+01
  0.2082E+01   0.9996E+00
  0.2086E+01   0.9960E+00
  0.2089E+01   0.1041E+01
  0.2093E+01   0.1038E+01
  0.2097E+01   0.1098E+01
  0.2101E+01   0.9175E+00
  0.2104E+01   0.1219E+01
  0.2108E+01   0.1023E+01
  0.2112E+01   0.1163E+01
  0.2116E+01   0.1333E+01
  0.2119E+01   0.1154E+01
  0.2123E+01   0.1009E+01
  0.2127E+01   0.9893E+00
  0.2131E+01   0.1017E+01
  0.2134E+01   0.1107E+01
  0.2138E+01   0.9013E+00
  0.2142E+01   0.8362E+00
  0.2145E+01   0.7098E+00
  0.2149E+01   0.8919E+00
  0.2153E+01   0.8122E+00
  0.2157E+01   0.6872E+00
  0.2160E+01   0.6696E+00
  0.2164E+01   0.1122E+01
  0.2168E+01   0.6801E+00
  0.2172E+01   0.7832E+00
  0.2175E+01   0.8255E+00
  0.2179E+01   0.6582E+00
  0.2183E+01   0.5516E+00
  0.2187E+01   0.6537E+00
  0.2190E+01   0.5774E+00
  0.2194E+01   0.5312E+00
  0.2198E+01   0.4853E+00
  0.2201E+01   0.4250E+00
  0.2205E+01   0.6135E+00
  0.2209E+01   0.5240E+00
  0.2213E+01   0.4207E+00
  0.2216E+01   0.4916E+00
  0.2220E+01   0.4899E+00
  0.2224E+01   0.5314E+00
  0.2228E+01   0.4867E+00
  0.2231E+01   0.5136E+00
  0.2235E+01   0.4976E+00
  0.2239E+01   0.5385E+00
  0.2243E+01   0.6214E+00
  0.2246E+01   0.4082E+00
  0.2250E+01   0.6173E+00
  0.2254E+01   0.5733E+00
  0.2258E+01   0.5436E+00
  0.2261E+01   0.5557E+00
  0.2265E+01   0.8446E+00
  0.2269E+01   0.8694E+00
  0.2272E+01   0.9078E+00
  0.2276E+01   0.6169E+00
  0.2280E+01   0.9975E+00
  0.2284E+01   0.8853E+00
  0.2287E+01   0.1208E+01
  0.2291E+01   0.1191E+01
  0.2295E+01   0.1133E+01
  0.2299E+01   0.1170E+01
  0.2302E+01   0.1085E+01
  0.2306E+01   0.1229E+01
  0.2310E+01   0.1318E+01
  0.2314E+01   0.1367E+01
  0.2317E+01   0.1296E+01
  0.2321E+01   0.1345E+01
  0.2325E+01   0.1327E+01
  0.2328E+01   0.1467E+01
  0.2332E+01   0.1410E+01
  0.2336E+01   0.1809E+01
  0.2340E+01   0.1804E+01
  0.2343E+01   0.1707E+01
  0.2347E+01   0.1586E+01
  0.2351E+01   0.1427E+01
  0.2355E+01   0.1742E+01
  0.2358E+01   0.1609E+01
  0.2362E+01   0.1400E+01
  0.2366E+01   0.1789E+01
  0.2370E+01   0.1531E+01
  0.2373E+01   0.1488E+01
  0.2377E+01   0.1622E+01
  0.2381E+01   0.1667E+01
  0.2384E+01   0.1449E+01
  0.2388E+01   0.1457E+01
  0.2392E+01   0.1440E+01
  0.2396E+01   0.1423E+01
  0.2399E+01   0.1443E+01
  0.2403E+01   0.1316E+01
  0.2407E+01   0.1717E+01
  0.2411E+01   0.1173E+01
  0.2414E+01   0.1182E+01
  0.2418E+01   0.1203E+01
  0.2422E+01   0.9688E+00
  0.2426E+01   0.1159E+01
  0.2429E+01   0.1119E+01
  0.2433E+01   0.1140E+01
  0.2437E+01   0.8852E+00
  0.2440E+01   0.7990E+00
  0.2444E+01   0.7847E+00
  0.2448E+01   0.9838E+00
  0.2452E+01   0.7208E+00
  0.2455E+01   0.7304E+00
  0.2459E+01   0.7165E+00
  0.2463E+01   0.5269E+00
  0.2467E+01   0.4319E+00
  0.2470E+01   0.6169E+00
  0.2474E+01   0.5802E+00
  0.2478E+01   0.4049E+00
  0.2482E+01   0.5306E+00
  0.2485E+01   0.5520E+00
  0.2489E+01   0.3669E+00
  0.2493E+01   0.3886E+00
  0.2497E+01   0.3647E+00
  0.2500E+01   0.4090E+00
  0.2504E+01   0.4758E+00
  0.2508E+01   0.3614E+00
  0.2511E+01   0.5068E+00
  0.2515E+01   0.5389E+00
  0.2519E+01   0.3918E+00
  0.2523E+01   0.3460E+00
  0.2526E+01   0.3561E+00
  0.2530E+01   0.4105E+00
  0.2534E+01   0.3872E+00
  0.2538E+01   0.4633E+00
  0.2541E+01   0.3849E+00
  0.2545E+01   0.5373E+00
  0.2549E+01   0.4373E+00
  0.2553E+01   0.5233E+00
  0.2556E+01   0.3913E+00
  0.2560E+01   0.4877E+00
  0.2564E+01   0.4863E+00
  0.2567E+01   0.4310E+00
  0.2571E+01   0.3760E+00
  0.2575E+01   0.5249E+00
  0.2579E+01   0.4807E+00
  0.2582E+01   0.4686E+00
  0.2586E+01   0.6903E+00
  0.2590E+01   0.4448E+00
  0.2594E+01   0.4857E+00
  0.2597E+01   0.4949E+00
  0.2601E+01   0.5144E+00
  0.2605E+01   0.4920E+00
  0.2609E+01   0.5010E+00
  0.2612E+01   0.4163E+00
  0.2616E+01   0.3736E+00
  0.2620E+01   0.6106E+00
  0.2623E+01   0.4541E+00
  0.2627E+01   0.5042E+00
  0.2631E+01   0.5028E+00
  0.2635E+01   0.5423E+00
  0.2638E+01   0.5102E+00
  0.2642E+01   0.4070E+00
  0.2646E+01   0.5580E+00
  0.2650E+01   0.6880E+00
  0.2653E+01   0.5751E+00
  0.2657E+01   0.4728E+00
  0.2661E+01   0.5919E+00
  0.2665E+01   0.5802E+00
  0.2668E+01   0.6185E+00
  0.2672E+01   0.7461E+00
  0.2676E+01   0.7639E+00
  0.2680E+01   0.7123E+00
  0.2683E+01   0.8583E+00
  0.2687E+01   0.9641E+00
  0.2691E+01   0.1099E+01
  0.2694E+01   0.8512E+00
  0.2698E+01   0.7610E+00
  0.2702E+01   0.9827E+00
  0.2706E+01   0.1446E+01
  0.2709E+01   0.1239E+01
  0.2713E+01   0.1225E+01
  0.2717E+01   0.1501E+01
  0.2721E+01   0.1401E+01
  0.2724E+01   0.1579E+01
  0.2728E+01   0.1794E+01
  0.2732E+01   0.1561E+01
  0.2736E+01   0.1500E+01
  0.2739E+01   0.1742E+01
  0.2743E+01   0.1964E+01
  0.2747E+01   0.1911E+01
  0.2750E+01   0.2066E+01
  0.2754E+01   0.1873E+01
  0.2758E+01   0.2251E+01
  0.2762E+01   0.2254E+01
  0.2765E+01   0.2266E+01
  0.2769E+01   0.2232E+01
  0.2773E+01   0.2245E+01
  0.2777E+01   0.2395E+01
  0.2780E+01   0.2380E+01
  0.2784E+01   0.2438E+01
  0.2788E+01   0.2605E+01
  0.2792E+01   0.2434E+01
  0.2795E+01   0.2436E+01
  0.2799E+01   0.2303E+01
  0.2803E+01   0.2423E+01
  0.2806E+01   0.2669E+01
  0.2810E+01   0.2087E+01
  0.2814E+01   0.2180E+01
  0.2818E+01   0.2272E+01
  0.2821E+01   0.2257E+01
  0.2825E+01   0.2020E+01
  0.2829E+01   0.2183E+01
  0.2833E+01   0.2027E+01
  0.2836E+01   0.1934E+01
  0.2840E+01   0.1788E+01
  0.2844E+01   0.1967E+01
  0.2848E+01   0.1726E+01
  0.2851E+01   0.1643E+01
  0.2855E+01   0.1359E+01
  0.2859E+01   0.1451E+01
  0.2862E+01   0.1543E+01
  0.2866E+01   0.1461E+01
  0.2870E+01   0.1319E+01
  0.2874E+01   0.1385E+01
  0.2877E+01   0.1132E+01
  0.2881E+01   0.1292E+01
  0.2885E+01   0.1067E+01
  0.2889E+01   0.1098E+01
  0.2892E+01   0.8066E+00
  0.2896E+01   0.7876E+00
  0.2900E+01   0.9291E+00
  0.2904E+01   0.6824E+00
  0.2907E+01   0.7059E+00
  0.2911E+01   0.5700E+00
  0.2915E+01   0.7023E+00
  0.2919E+01   0.6004E+00
  0.2922E+01   0.5323E+00
  0.2926E+01   0.5808E+00
  0.2930E+01   0.5710E+00
  0.2933E+01   0.3962E+00
  0.2937E+01   0.4858E+00
  0.2941E+01   0.4188E+00
  0.2945E+01   0.4260E+00
  0.2948E+01   0.3840E+00
  0.2952E+01   0.3668E+00
  0.2956E+01   0.4471E+00
  0.2960E+01   0.2838E+00
  0.2963E+01   0.3074E+00
  0.2967E+01   0.4034E+00
  0.2971E+01   0.3541E+00
  0.2975E+01   0.3131E+00
  0.2978E+01   0.3283E+00
  0.2982E+01   0.3195E+00
  0.2986E+01   0.3745E+00
  0.2989E+01   0.2941E+00
  0.2993E+01   0.4440E+00
  0.2997E+01   0.2926E+00
  0.3001E+01   0.2761E+00
  0.3004E+01   0.4643E+00
  0.3008E+01   0.3689E+00
  0.3012E+01   0.3680E+00
  0.3016E+01   0.3359E+00
  0.3019E+01   0.3272E+00
  0.3023E+01   0.3575E+00
  0.3027E+01   0.3101E+00
  0.3031E+01   0.4486E+00
  0.3034E+01   0.4166E+00
  0.3038E+01   0.3925E+00
  0.3042E+01   0.4069E+00
  0.3045E+01   0.4059E+00
  0.3049E+01   0.3438E+00
  0.3053E+01   0.3963E+00
  0.3057E+01   0.6462E+00
  0.3060E+01   0.4702E+00
  0.3064E+01   0.5901E+00
  0.3068E+01   0.7622E+00
  0.3072E+01   0.6851E+00
  0.3075E+01   0.6909E+00
  0.3079E+01   0.6892E+00
  0.3083E+01   0.8445E+00
  0.3087E+01   0.8798E+00
  0.3090E+01   0.8330E+00
  0.3094E+01   0.8904E+00
  0.3098E+01   0.1014E+01
  0.3102E+01   0.9452E+00
  0.3105E+01   0.9208E+00
  0.3109E+01   0.1139E+01
  0.3113E+01   0.1063E+01
  0.3116E+01   0.1090E+01
  0.3120E+01   0.1240E+01
  0.3124E+01   0.1252E+01
  0.3128E+01   0.1205E+01
  0.3131E+01   0.1224E+01
  0.3135E+01   0.1344E+01
  0.3139E+01   0.1182E+01
  0.3143E+01   0.1302E+01
  0.3146E+01   0.1248E+01
  0.3150E+01   0.1389E+01
  0.3154E+01   0.1471E+01
  0.3158E+01   0.1446E+01
  0.3161E+01   0.1379E+01
  0.3165E+01   0.1376E+01
  0.3169E+01   0.1316E+01
  0.3172E+01   0.1291E+01
  0.3176E+01   0.1500E+01
  0.3180E+01   0.1328E+01
  0.3184E+01   0.1402E+01
  0.3187E+01   0.1391E+01
  0.3191E+01   0.1374E+01
  0.3195E+01   0.1454E+01
  0.3199E+01   0.1277E+01
  0.3202E+01   0.1240E+01
  0.3206E+01   0.1396E+01
  0.3210E+01   0.1234E+01
  0.3214E+01   0.1293E+01
  0.3217E+01   0.1311E+01
  0.3221E+01   0.1239E+01
  0.3225E+01   0.1141E+01
  0.3228E+01   0.1268E+01
  0.3232E+01   0.1054E+01
  0.3236E+01   0.1133E+01
  0.3240E+01   0.1103E+01
  0.3243E+01   0.1087E+01
  0.3247E+01   0.1037E+01
  0.3251E+01   0.1055E+01
  0.3255E+01   0.1080E+01
  0.3258E+01   0.1070E+01
  0.3262E+01   0.1015E+01
  0.3266E+01   0.1032E+01
  0.3270E+01   0.9169E+00
  0.3273E+01   0.9148E+00
  0.3277E+01   0.9657E+00
  0.3281E+01   0.1003E+01
  0.3284E+01   0.9086E+00
  0.3288E+01   0.1045E+01
  0.3292E+01   0.9045E+00
  0.3296E+01   0.7063E+00
  0.3299E+01   0.9787E+00
  0.3303E+01   0.8853E+00
  0.3307E+01   0.7859E+00
  0.3311E+01   0.9202E+00
  0.3314E+01   0.9182E+00
  0.3318E+01   0.8000E+00
  0.3322E+01   0.7531E+00
  0.3326E+01   0.9056E+00
  0.3329E+01   0.1115E+01
  0.3333E+01   0.9399E+00
  0.3337E+01   0.8740E+00
  0.3341E+01   0.9611E+00
  0.3344E+01   0.9780E+00
  0.3348E+01   0.9252E+00
  0.3352E+01   0.9041E+00
  0.3355E+01   0.8895E+00
  0.3359E+01   0.9820E+00
  0.3363E+01   0.8228E+00
  0.3367E+01   0.9525E+00
  0.3370E+01   0.9692E+00
  0.3374E+01   0.8797E+00
  0.3378E+01   0.8155E+00
  0.3382E+01   0.9317E+00
  0.3385E+01   0.8429E+00
  0.3389E+01   0.7112E+00
  0.3393E+01   0.7898E+00
  0.3397E+01   0.8866E+00
  0.3400E+01   0.9707E+00
  0.3404E+01   0.7662E+00
  0.3408E+01   0.7646E+00
  0.3411E+01   0.8483E+00
  0.3415E+01   0.7308E+00
  0.3419E+01   0.7899E+00
  0.3423E+01   0.7822E+00
  0.3426E+01   0.7805E+00
  0.3430E+01   0.6761E+00
  0.3434E+01   0.6506E+00
  0.3438E+01   0.7634E+00
  0.3441E+01   0.9356E+00
  0.3445E+01   0.7900E+00
  0.3449E+01   0.8778E+00
  0.3453E+01   0.8164E+00
  0.3456E+01   0.8919E+00
  0.3460E+01   0.7713E+00
  0.3464E+01   0.7933E+00
  0.3467E+01   0.8979E+00
  0.3471E+01   0.8489E+00
  0.3475E+01   0.8529E+00
  0.3479E+01   0.8746E+00
  0.3482E+01   0.9313E+00
  0.3486E+01   0.8942E+00
  0.3490E+01   0.8106E+00
  0.3494E+01   0.7682E+00
  0.3497E+01   0.7143E+00
  0.3501E+01   0.8460E+00
  0.3505E+01   0.8673E+00
  0.3509E+01   0.8597E+00
  0.3512E+01   0.8867E+00
  0.3516E+01   0.7756E+00
  0.3520E+01   0.8715E+00
  0.3524E+01   0.8296E+00
  0.3527E+01   0.8335E+00
  0.3531E+01   0.7292E+00
  0.3535E+01   0.9664E+00
  0.3538E+01   0.8453E+00
  0.3542E+01   0.7699E+00
  0.3546E+01   0.8078E+00
  0.3550E+01   0.7441E+00
  0.3553E+01   0.8888E+00
  0.3557E+01   0.7915E+00
  0.3561E+01   0.7506E+00
  0.3565E+01   0.8776E+00
  0.3568E+01   0.7085E+00
  0.3572E+01   0.8684E+00
  0.3576E+01   0.8722E+00
  0.3580E+01   0.7484E+00
  0.3583E+01   0.7966E+00
  0.3587E+01   0.6569E+00
  0.3591E+01   0.7107E+00
  0.3594E+01   0.7861E+00
  0.3598E+01   0.6419E+00
  0.3602E+01   0.7774E+00
  0.3606E+01   0.8741E+00
  0.3609E+01   0.8287E+00
  0.3613E+01   0.7726E+00
  0.3617E+01   0.7873E+00
  0.3621E+01   0.7965E+00
  0.3624E+01   0.8219E+00
  0.3628E+01   0.7824E+00
  0.3632E+01   0.7431E+00
  0.3636E+01   0.8115E+00
  0.3639E+01   0.9546E+00
  0.3643E+01   0.8991E+00
  0.3647E+01   0.8332E+00
  0.3650E+01   0.8848E+00
  0.3654E+01   0.8989E+00
  0.3658E+01   0.9130E+00
  0.3662E+01   0.1038E+01
  0.3665E+01   0.8829E+00
  0.3669E+01   0.9813E+00
  0.3673E+01   0.1090E+01
  0.3677E+01   0.1088E+01
  0.3680E+01   0.9754E+00
  0.3684E+01   0.1031E+01
  0.3688E+01   0.1206E+01
  0.3692E+01   0.1131E+01
  0.3695E+01   0.1092E+01
  0.3699E+01   0.1111E+01
  0.3703E+01   0.1171E+01
  0.3706E+01   0.1220E+01
  0.3710E+01   0.1202E+01
  0.3714E+01   0.1462E+01
  0.3718E+01   0.1223E+01
  0.3721E+01   0.1303E+01
  0.3725E+01   0.1459E+01
  0.3729E+01   0.1451E+01
  0.3733E+01   0.1489E+01
  0.3736E+01   0.0000E+00
