          vx        p(vx)           vy        p(vy)           vz        p(vz)        v_tot      p(vtot)
  0.6770E+00   0.3088E+00  -0.1716E+01   0.9968E-01   0.1055E+01   0.2294E+00   0.2125E+01   0.4009E+00
  0.9227E-01   0.3789E+00  -0.4683E+00   0.3443E+00   0.4745E+00   0.3434E+00   0.6731E+00   0.2550E+00
  0.1298E+01   0.1768E+00   0.1943E+00   0.3739E+00  -0.9585E+00   0.2505E+00   0.1625E+01   0.5498E+00
 -0.5302E+00   0.3347E+00  -0.1702E+01   0.1020E+00   0.6013E+00   0.3227E+00   0.1881E+01   0.4899E+00
 -0.1171E+01   0.2039E+00   0.2553E+00   0.3693E+00   0.9290E+00   0.2569E+00   0.1517E+01   0.5592E+00
 -0.6346E+00   0.3167E+00   0.1635E+01   0.1128E+00  -0.7939E+00   0.2856E+00   0.1925E+01   0.4755E+00
  0.7092E+00   0.3026E+00   0.5030E-01   0.3799E+00   0.4904E+00   0.3410E+00   0.8637E+00   0.3676E+00
  0.1330E+01   0.1702E+00   0.1735E+01   0.9687E-01  -0.1748E+01   0.9480E-01   0.2799E+01   0.1539E+00
  0.1511E+01   0.1348E+00  -0.1240E+01   0.1891E+00  -0.1538E+01   0.1298E+00   0.2487E+01   0.2572E+00
  0.8562E+00   0.2726E+00   0.1398E+01   0.1565E+00   0.1493E+01   0.1381E+00   0.2217E+01   0.3639E+00
  0.1729E+01   0.9780E-01   0.1747E+01   0.9506E-01   0.1012E+01   0.2389E+00   0.2658E+01   0.1971E+00
 -0.3234E+00   0.3627E+00   0.4337E+00   0.3492E+00   0.1643E+01   0.1116E+00   0.1730E+01   0.5311E+00
  0.1687E+00   0.3755E+00   0.8857E+00   0.2663E+00   0.5475E+00   0.3319E+00   0.1055E+01   0.4641E+00
 -0.9190E+00   0.2591E+00   0.1248E+01   0.1874E+00  -0.5188E+00   0.3366E+00   0.1634E+01   0.5486E+00
 -0.1111E+01   0.2170E+00   0.1454E+01   0.1455E+00  -0.6847E+00   0.3074E+00   0.1954E+01   0.4656E+00
 -0.8942E+00   0.2645E+00   0.1063E+01   0.2276E+00  -0.2088E+00   0.3729E+00   0.1405E+01   0.5565E+00
  0.6356E+00   0.3166E+00  -0.9369E+00   0.2552E+00  -0.3788E+00   0.3564E+00   0.1194E+01   0.5157E+00
 -0.4264E+00   0.3502E+00   0.5694E-01   0.3798E+00  -0.7246E+00   0.2996E+00   0.8427E+00   0.3556E+00
 -0.1569E+01   0.1242E+00  -0.1409E+01   0.1543E+00   0.1553E+01   0.1270E+00   0.2619E+01   0.2099E+00
  0.1426E+01   0.1510E+00  -0.7230E+00   0.2999E+00  -0.2051E-01   0.3803E+00   0.1599E+01   0.5532E+00
  0.1723E+00   0.3753E+00   0.2739E+00   0.3676E+00   0.5448E+00   0.3324E+00   0.6336E+00   0.2314E+00
 -0.1695E+01   0.1030E+00   0.1656E+01   0.1094E+00  -0.1552E+01   0.1273E+00   0.2833E+01   0.1446E+00
  0.1355E+01   0.1651E+00  -0.7232E+00   0.2999E+00   0.6943E+00   0.3055E+00   0.1686E+01   0.5401E+00
 -0.9287E+00   0.2570E+00   0.4708E+00   0.3439E+00  -0.1668E+01   0.1074E+00   0.1966E+01   0.4612E+00
 -0.1646E+01   0.1111E+00  -0.1374E+01   0.1612E+00   0.1610E+01   0.1171E+00   0.2681E+01   0.1894E+00
 -0.3036E+00   0.3648E+00   0.5505E+00   0.3314E+00  -0.1445E+01   0.1472E+00   0.1576E+01   0.5555E+00
  0.1435E+01   0.1492E+00   0.6031E+00   0.3224E+00   0.1025E+00   0.3786E+00   0.1560E+01   0.5568E+00
  0.2589E+00   0.3690E+00  -0.1175E+01   0.2032E+00   0.1519E+01   0.1333E+00   0.1938E+01   0.4713E+00
  0.1174E+01   0.2034E+00   0.1422E+01   0.1517E+00   0.3198E+00   0.3631E+00   0.1871E+01   0.4930E+00
  0.8266E+00   0.2788E+00   0.1738E+01   0.9629E-01   0.1565E+01   0.1249E+00   0.2481E+01   0.2595E+00
  0.4288E+00   0.3499E+00   0.1348E+01   0.1664E+00  -0.7345E+00   0.2977E+00   0.1594E+01   0.5536E+00
  0.9397E+00   0.2546E+00  -0.1626E+00   0.3758E+00  -0.1801E+00   0.3748E+00   0.9705E+00   0.4246E+00
  0.7199E+00   0.3005E+00  -0.6392E+00   0.3159E+00   0.8153E+00   0.2812E+00   0.1262E+01   0.5339E+00
  0.1268E+01   0.1832E+00   0.1332E+01   0.1699E+00   0.1556E+01   0.1266E+00   0.2408E+01   0.2872E+00
  0.1507E+01   0.1354E+00   0.1022E+01   0.2366E+00   0.6055E+00   0.3220E+00   0.1919E+01   0.4775E+00
 -0.2658E+00   0.3684E+00  -0.4356E+00   0.3489E+00   0.1776E+00   0.3750E+00   0.5403E+00   0.1768E+00
 -0.1772E+01   0.9124E-01  -0.7097E+00   0.3025E+00   0.1042E+01   0.2322E+00   0.2175E+01   0.3810E+00
  0.1925E+00   0.3740E+00   0.1455E+01   0.1454E+00   0.1600E+01   0.1189E+00   0.2171E+01   0.3827E+00
 -0.1789E+01   0.8884E-01  -0.1750E+01   0.9452E-01  -0.1727E+01   0.9805E-01   0.3041E+01   0.9566E-01
 -0.4744E+00   0.3434E+00   0.1104E+01   0.2185E+00   0.1490E+01   0.1386E+00   0.1915E+01   0.4790E+00
  0.1364E+01   0.1633E+00   0.1335E+01   0.1692E+00  -0.3685E+00   0.3576E+00   0.1944E+01   0.4692E+00
  0.3549E+00   0.3592E+00  -0.2064E+00   0.3731E+00   0.1534E+01   0.1305E+00   0.1588E+01   0.5543E+00
 -0.7492E+00   0.2947E+00   0.3894E+00   0.3550E+00  -0.1559E+01   0.1260E+00   0.1773E+01   0.5209E+00
  0.1011E-01   0.3804E+00  -0.7682E+00   0.2909E+00  -0.1724E+01   0.9853E-01   0.1887E+01   0.4880E+00
  0.7316E+00   0.2982E+00  -0.1607E+01   0.1177E+00   0.5389E-01   0.3799E+00   0.1766E+01   0.5225E+00
  0.1250E+01   0.1870E+00  -0.1519E+01   0.1333E+00  -0.5942E+00   0.3240E+00   0.2055E+01   0.4284E+00
  0.1223E+01   0.1928E+00  -0.6458E-01   0.3797E+00   0.1507E+01   0.1355E+00   0.1942E+01   0.4699E+00
 -0.1738E+00   0.3752E+00  -0.1611E+01   0.1170E+00  -0.1331E+01   0.1701E+00   0.2096E+01   0.4124E+00
 -0.1309E+01   0.1745E+00   0.3652E+00   0.3580E+00  -0.1291E+00   0.3775E+00   0.1365E+01   0.5525E+00
  0.1025E+01   0.2359E+00   0.1650E+01   0.1104E+00   0.9272E+00   0.2573E+00   0.2152E+01   0.3901E+00
 -0.2592E+00   0.3689E+00  -0.6083E+00   0.3215E+00  -0.1485E+01   0.1396E+00   0.1625E+01   0.5498E+00
  0.1429E+01   0.1503E+00  -0.1621E+01   0.1152E+00   0.1227E+01   0.1918E+00   0.2485E+01   0.2577E+00
 -0.7758E+00   0.2893E+00  -0.1708E+01   0.1009E+00   0.1211E+01   0.1953E+00   0.2233E+01   0.3574E+00
 -0.5631E+00   0.3293E+00   0.1161E+01   0.2062E+00  -0.7155E+00   0.3014E+00   0.1475E+01   0.5597E+00
 -0.9453E+00   0.2534E+00  -0.8172E+00   0.2808E+00   0.1261E+01   0.1845E+00   0.1776E+01   0.5202E+00
  0.1203E+01   0.1969E+00  -0.9558E+00   0.2511E+00  -0.1396E+01   0.1568E+00   0.2076E+01   0.4201E+00
 -0.1372E-01   0.3803E+00  -0.1753E+01   0.9408E-01  -0.1462E+01   0.1439E+00   0.2283E+01   0.3373E+00
 -0.6224E+00   0.3190E+00  -0.1231E+01   0.1909E+00  -0.4289E+00   0.3499E+00   0.1445E+01   0.5590E+00
 -0.5093E+00   0.3381E+00   0.2930E+00   0.3658E+00  -0.1134E+01   0.2120E+00   0.1277E+01   0.5375E+00
 -0.8627E+00   0.2712E+00  -0.7098E+00   0.3025E+00  -0.7470E+00   0.2952E+00   0.1344E+01   0.5496E+00
 -0.6672E+00   0.3107E+00   0.1172E+01   0.2036E+00   0.1588E+01   0.1209E+00   0.2084E+01   0.4173E+00
 -0.9475E+00   0.2529E+00   0.1715E+01   0.9991E-01  -0.8587E+00   0.2721E+00   0.2139E+01   0.3953E+00
  0.2820E-01   0.3802E+00  -0.1713E+01   0.1002E+00  -0.8188E+00   0.2804E+00   0.1899E+01   0.4843E+00
 -0.1479E+00   0.3766E+00   0.1006E+01   0.2400E+00   0.9411E+00   0.2543E+00   0.1386E+01   0.5548E+00
  0.5115E+00   0.3377E+00  -0.1725E+01   0.9837E-01   0.1231E-01   0.3804E+00   0.1799E+01   0.5140E+00
  0.1323E+01   0.1717E+00   0.1282E+00   0.3775E+00  -0.1498E+01   0.1372E+00   0.2003E+01   0.4481E+00
 -0.1496E+00   0.3765E+00  -0.1259E+01   0.1851E+00   0.1131E+01   0.2127E+00   0.1699E+01   0.5376E+00
 -0.1154E+01   0.2076E+00  -0.3783E+00   0.3564E+00   0.8234E+00   0.2795E+00   0.1467E+01   0.5596E+00
  0.6751E+00   0.3092E+00  -0.3328E+00   0.3617E+00   0.3149E+00   0.3636E+00   0.8159E+00   0.3402E+00
  0.8533E+00   0.2732E+00  -0.8351E+00   0.2770E+00   0.3503E+00   0.3597E+00   0.1244E+01   0.5297E+00
 -0.1500E+01   0.1368E+00  -0.3632E+00   0.3582E+00   0.1406E+01   0.1549E+00   0.2087E+01   0.4158E+00
  0.1077E+01   0.2244E+00   0.1404E+00   0.3770E+00   0.7167E+00   0.3012E+00   0.1302E+01   0.5425E+00
 -0.1437E+01   0.1488E+00  -0.4795E+00   0.3426E+00   0.7294E+00   0.2987E+00   0.1681E+01   0.5409E+00
 -0.4392E+00   0.3484E+00  -0.5775E+00   0.3269E+00  -0.6764E+00   0.3090E+00   0.9919E+00   0.4351E+00
 -0.1541E+01   0.1293E+00   0.1154E+01   0.2076E+00  -0.1062E+01   0.2277E+00   0.2199E+01   0.3713E+00
 -0.1205E+00   0.3779E+00  -0.4113E+00   0.3522E+00   0.4380E+00   0.3486E+00   0.6128E+00   0.2190E+00
  0.7238E+00   0.2998E+00   0.1032E+01   0.2345E+00  -0.1763E+01   0.9265E-01   0.2167E+01   0.3843E+00
  0.5565E+00   0.3304E+00  -0.8466E+00   0.2746E+00  -0.1615E+01   0.1162E+00   0.1907E+01   0.4816E+00
 -0.1805E+01   0.8656E-01   0.5560E+00   0.3305E+00   0.1400E+01   0.1561E+00   0.2350E+01   0.3101E+00
 -0.1651E+01   0.1102E+00  -0.1592E+01   0.1201E+00   0.1619E+00   0.3759E+00   0.2299E+01   0.3306E+00
  0.2558E+00   0.3692E+00   0.1699E+01   0.1024E+00  -0.1502E+01   0.1364E+00   0.2282E+01   0.3376E+00
  0.3063E+00   0.3645E+00   0.9743E+00   0.2471E+00  -0.1328E+01   0.1707E+00   0.1675E+01   0.5421E+00
 -0.1106E+01   0.2182E+00   0.2554E+00   0.3693E+00  -0.4046E+00   0.3531E+00   0.1205E+01   0.5190E+00
  0.1716E+01   0.9981E-01   0.1693E+01   0.1033E+00  -0.9883E+00   0.2440E+00   0.2605E+01   0.2146E+00
 -0.7156E+00   0.3014E+00  -0.5861E+00   0.3254E+00   0.2564E+00   0.3692E+00   0.9599E+00   0.4192E+00
  0.8701E+00   0.2696E+00  -0.4699E+00   0.3441E+00   0.8238E+00   0.2794E+00   0.1287E+01   0.5396E+00
 -0.8491E+00   0.2741E+00   0.1567E+01   0.1247E+00   0.1208E+01   0.1959E+00   0.2153E+01   0.3899E+00
  0.2097E+00   0.3728E+00  -0.1498E+01   0.1371E+00  -0.5601E+00   0.3298E+00   0.1613E+01   0.5514E+00
  0.1118E+01   0.2156E+00   0.1305E+01   0.1755E+00  -0.1442E+01   0.1478E+00   0.2243E+01   0.3535E+00
  0.5226E+00   0.3360E+00   0.6956E+00   0.3053E+00   0.1655E+01   0.1096E+00   0.1869E+01   0.4936E+00
  0.1227E+01   0.1919E+00   0.5319E-01   0.3799E+00  -0.7869E-01   0.3793E+00   0.1231E+01   0.5262E+00
 -0.1106E+01   0.2181E+00   0.1032E+01   0.2345E+00   0.4019E+00   0.3535E+00   0.1565E+01   0.5564E+00
  0.6321E+00   0.3172E+00   0.7001E+00   0.3044E+00   0.3618E-01   0.3802E+00   0.9439E+00   0.4110E+00
  0.1619E+01   0.1156E+00  -0.1100E+01   0.2196E+00   0.6630E-01   0.3796E+00   0.1958E+01   0.4642E+00
  0.1691E+01   0.1036E+00   0.4474E+00   0.3473E+00   0.1738E+00   0.3752E+00   0.1758E+01   0.5245E+00
 -0.9801E+00   0.2458E+00  -0.1550E+01   0.1277E+00  -0.1537E+01   0.1299E+00   0.2393E+01   0.2934E+00
 -0.1389E+01   0.1582E+00   0.8836E+00   0.2667E+00   0.1338E+01   0.1686E+00   0.2121E+01   0.4024E+00
 -0.8066E+00   0.2830E+00  -0.1604E+01   0.1180E+00  -0.1865E+01   0.7832E-01   0.2589E+01   0.2203E+00
 -0.7270E+00   0.2991E+00  -0.1480E+01   0.1406E+00   0.5075E-01   0.3799E+00   0.1649E+01   0.5463E+00
  0.1223E+01   0.1928E+00  -0.1670E+01   0.1071E+00  -0.4547E+00   0.3463E+00   0.2119E+01   0.4034E+00
 -0.6054E+00   0.3220E+00  -0.1216E+01   0.1942E+00  -0.1196E+01   0.1986E+00   0.1810E+01   0.5111E+00
 -0.1323E+01   0.1717E+00  -0.8375E+00   0.2765E+00   0.1036E+01   0.2335E+00   0.1877E+01   0.4912E+00
 -0.8939E+00   0.2645E+00   0.9666E+00   0.2487E+00  -0.9804E+00   0.2457E+00   0.1641E+01   0.5475E+00
 -0.3580E+00   0.3588E+00  -0.9830E+00   0.2452E+00  -0.1048E+01   0.2309E+00   0.1481E+01   0.5597E+00
  0.8685E+00   0.2700E+00   0.3255E+00   0.3625E+00  -0.5078E+00   0.3383E+00   0.1057E+01   0.4652E+00
  0.6245E+00   0.3186E+00  -0.2121E+00   0.3727E+00  -0.4145E+00   0.3518E+00   0.7789E+00   0.3185E+00
  0.1322E+01   0.1719E+00   0.5533E+00   0.3310E+00   0.1523E+01   0.1325E+00   0.2091E+01   0.4144E+00
  0.7119E-01   0.3795E+00  -0.9668E+00   0.2487E+00  -0.1116E+01   0.2159E+00   0.1479E+01   0.5597E+00
  0.1531E+00   0.3763E+00  -0.1157E+01   0.2069E+00   0.4200E+00   0.3511E+00   0.1241E+01   0.5288E+00
  0.6732E+00   0.3096E+00  -0.1087E+01   0.2222E+00  -0.1338E+01   0.1686E+00   0.1851E+01   0.4993E+00
 -0.5106E+00   0.3379E+00   0.6064E+00   0.3218E+00   0.1424E+01   0.1513E+00   0.1630E+01   0.5492E+00
  0.3031E+00   0.3648E+00   0.1018E+01   0.2375E+00  -0.1551E+01   0.1274E+00   0.1880E+01   0.4903E+00
  0.7080E+00   0.3029E+00   0.1115E+01   0.2162E+00   0.6388E+00   0.3160E+00   0.1467E+01   0.5596E+00
 -0.4699E-01   0.3800E+00   0.1191E+00   0.3779E+00  -0.1437E+01   0.1488E+00   0.1443E+01   0.5589E+00
  0.1268E+01   0.1831E+00  -0.4427E+00   0.3480E+00  -0.1625E-01   0.3803E+00   0.1343E+01   0.5495E+00
 -0.8159E-01   0.3792E+00  -0.1705E+01   0.1015E+00   0.1521E+01   0.1330E+00   0.2286E+01   0.3361E+00
  0.1569E+01   0.1243E+00  -0.1375E+01   0.1611E+00  -0.1288E+00   0.3775E+00   0.2090E+01   0.4149E+00
 -0.3022E+00   0.3649E+00   0.7646E+00   0.2916E+00   0.7311E+00   0.2983E+00   0.1100E+01   0.4829E+00
 -0.2176E+00   0.3723E+00  -0.6321E+00   0.3172E+00   0.1204E+01   0.1967E+00   0.1377E+01   0.5539E+00
 -0.8704E+00   0.2696E+00  -0.2280E+00   0.3715E+00   0.1276E+01   0.1814E+00   0.1562E+01   0.5567E+00
 -0.1091E+01   0.2214E+00  -0.1744E+01   0.9551E-01  -0.2507E+00   0.3697E+00   0.2072E+01   0.4218E+00
  0.9555E+00   0.2512E+00   0.4331E-01   0.3801E+00   0.1003E+01   0.2408E+00   0.1386E+01   0.5548E+00
  0.5113E+00   0.3378E+00  -0.1114E+01   0.2164E+00   0.1432E+01   0.1498E+00   0.1885E+01   0.4888E+00
  0.6240E+00   0.3187E+00  -0.9568E+00   0.2509E+00   0.5693E+00   0.3283E+00   0.1276E+01   0.5373E+00
 -0.4988E-01   0.3799E+00   0.1114E+01   0.2165E+00   0.6047E-01   0.3797E+00   0.1116E+01   0.4892E+00
  0.1271E+01   0.1825E+00  -0.7989E+00   0.2846E+00   0.3555E+00   0.3591E+00   0.1543E+01   0.5579E+00
 -0.8341E-01   0.3792E+00  -0.7974E+00   0.2849E+00  -0.1586E+01   0.1213E+00   0.1777E+01   0.5198E+00
 -0.5854E+00   0.3255E+00   0.7441E-01   0.3794E+00  -0.6833E+00   0.3076E+00   0.9029E+00   0.3892E+00
 -0.1216E+01   0.1941E+00   0.1158E+01   0.2067E+00  -0.1362E+01   0.1637E+00   0.2163E+01   0.3860E+00
 -0.1522E+01   0.1327E+00   0.1095E+01   0.2205E+00  -0.6281E+00   0.3179E+00   0.1977E+01   0.4572E+00
 -0.1132E+01   0.2123E+00   0.1092E+01   0.2213E+00  -0.5612E+00   0.3296E+00   0.1670E+01   0.5429E+00
  0.5762E-01   0.3798E+00   0.1117E+01   0.2158E+00   0.3066E+00   0.3645E+00   0.1159E+01   0.5046E+00
 -0.7614E+00   0.2923E+00  -0.1161E+01   0.2060E+00   0.1150E+01   0.2085E+00   0.1803E+01   0.5130E+00
 -0.5039E+00   0.3389E+00  -0.7495E+00   0.2947E+00  -0.4575E+00   0.3458E+00   0.1012E+01   0.4449E+00
  0.1332E+01   0.1699E+00   0.1480E+01   0.1406E+00  -0.1178E+01   0.2024E+00   0.2313E+01   0.3251E+00
 -0.4504E+00   0.3469E+00  -0.1208E+01   0.1961E+00  -0.1346E+01   0.1669E+00   0.1864E+01   0.4954E+00
 -0.9967E+00   0.2422E+00   0.1673E+01   0.1065E+00   0.9792E+00   0.2460E+00   0.2180E+01   0.3790E+00
  0.1435E+01   0.1493E+00   0.1675E+01   0.1062E+00   0.2731E+00   0.3677E+00   0.2222E+01   0.3618E+00
  0.2721E+00   0.3678E+00   0.6226E+00   0.3189E+00  -0.1508E+01   0.1353E+00   0.1654E+01   0.5456E+00
 -0.5692E+00   0.3283E+00  -0.1296E+00   0.3775E+00  -0.1199E+01   0.1978E+00   0.1334E+01   0.5481E+00
  0.1148E+01   0.2090E+00   0.1154E+01   0.2076E+00  -0.1479E+01   0.1407E+00   0.2199E+01   0.3712E+00
  0.1355E+01   0.1652E+00   0.5180E+00   0.3367E+00   0.1536E+01   0.1301E+00   0.2113E+01   0.4058E+00
 -0.1532E+00   0.3763E+00  -0.2524E+00   0.3695E+00  -0.5989E+00   0.3231E+00   0.6677E+00   0.2518E+00
 -0.1239E+01   0.1892E+00  -0.5905E+00   0.3246E+00  -0.1450E+01   0.1463E+00   0.1997E+01   0.4502E+00
  0.8438E+00   0.2752E+00  -0.4506E+00   0.3468E+00   0.7370E+00   0.2972E+00   0.1208E+01   0.5198E+00
 -0.5278E+00   0.3351E+00   0.1538E+01   0.1297E+00   0.6373E+00   0.3163E+00   0.1747E+01   0.5272E+00
  0.9483E+00   0.2528E+00  -0.1419E+01   0.1523E+00  -0.7895E+00   0.2865E+00   0.1881E+01   0.4901E+00
 -0.7279E+00   0.2990E+00   0.4808E+00   0.3424E+00  -0.7840E-01   0.3793E+00   0.8758E+00   0.3743E+00
  0.9672E+00   0.2486E+00   0.1001E+01   0.2412E+00   0.1217E+01   0.1939E+00   0.1849E+01   0.4998E+00
  0.5501E+00   0.3315E+00   0.9271E+00   0.2574E+00  -0.5782E+00   0.3267E+00   0.1223E+01   0.5242E+00
 -0.5792E+00   0.3266E+00   0.8317E+00   0.2778E+00  -0.3558E+00   0.3591E+00   0.1074E+01   0.4723E+00
 -0.5871E+00   0.3252E+00   0.1229E+01   0.1915E+00  -0.1464E+01   0.1435E+00   0.2000E+01   0.4491E+00
 -0.1091E+01   0.2214E+00  -0.1697E+01   0.1028E+00   0.9909E+00   0.2434E+00   0.2247E+01   0.3517E+00
  0.1042E+01   0.2323E+00   0.1280E+01   0.1806E+00  -0.1903E+01   0.7337E-01   0.2519E+01   0.2454E+00
  0.3524E+00   0.3595E+00   0.5032E+00   0.3390E+00  -0.1544E+01   0.1286E+00   0.1662E+01   0.5443E+00
  0.1372E+01   0.1616E+00   0.8926E+00   0.2648E+00   0.1020E+01   0.2371E+00   0.1929E+01   0.4742E+00
 -0.1598E+00   0.3760E+00  -0.3265E+00   0.3624E+00  -0.1235E+01   0.1902E+00   0.1287E+01   0.5396E+00
 -0.3613E+00   0.3585E+00  -0.3343E+00   0.3615E+00  -0.1096E+01   0.2204E+00   0.1201E+01   0.5179E+00
 -0.3936E+00   0.3545E+00  -0.6867E+00   0.3070E+00   0.9119E+00   0.2606E+00   0.1207E+01   0.5197E+00
  0.1514E+01   0.1343E+00   0.3049E-01   0.3802E+00  -0.2827E+00   0.3668E+00   0.1540E+01   0.5581E+00
 -0.1093E+01   0.2209E+00   0.1560E+01   0.1258E+00   0.4154E+00   0.3517E+00   0.1950E+01   0.4670E+00
  0.1163E+01   0.2057E+00   0.3371E+00   0.3612E+00   0.6373E+00   0.3163E+00   0.1368E+01   0.5529E+00
 -0.7364E+00   0.2973E+00   0.1994E+00   0.3736E+00   0.1382E+01   0.1597E+00   0.1579E+01   0.5552E+00
  0.3260E+00   0.3624E+00   0.6419E+00   0.3154E+00   0.1640E+01   0.1121E+00   0.1791E+01   0.5163E+00
 -0.1542E+01   0.1291E+00   0.3614E+00   0.3585E+00  -0.9900E+00   0.2436E+00   0.1867E+01   0.4942E+00
  0.6579E+00   0.3124E+00   0.2873E+00   0.3664E+00  -0.1271E+01   0.1826E+00   0.1459E+01   0.5594E+00
  0.1682E+01   0.1051E+00  -0.3927E+00   0.3546E+00  -0.1558E+01   0.1262E+00   0.2326E+01   0.3198E+00
 -0.1142E+01   0.2102E+00   0.5877E+00   0.3251E+00   0.6796E+00   0.3083E+00   0.1453E+01   0.5593E+00
  0.2379E+00   0.3707E+00   0.1142E+01   0.2103E+00  -0.4876E+00   0.3414E+00   0.1264E+01   0.5345E+00
  0.1175E+01   0.2031E+00  -0.7045E+00   0.3036E+00  -0.1728E+01   0.9790E-01   0.2205E+01   0.3688E+00
  0.3301E+00   0.3620E+00   0.1749E+01   0.9471E-01   0.8895E+00   0.2655E+00   0.1990E+01   0.4528E+00
 -0.1220E+00   0.3778E+00  -0.1426E+01   0.1509E+00  -0.6056E+00   0.3220E+00   0.1554E+01   0.5572E+00
  0.7052E+00   0.3034E+00  -0.1705E+01   0.1015E+00  -0.3770E+00   0.3566E+00   0.1883E+01   0.4893E+00
 -0.1114E+01   0.2163E+00  -0.1387E+01   0.1586E+00   0.1162E+01   0.2060E+00   0.2125E+01   0.4010E+00
 -0.1730E+00   0.3752E+00  -0.1642E+01   0.1117E+00  -0.1013E+00   0.3786E+00   0.1654E+01   0.5456E+00
 -0.1510E+01   0.1350E+00  -0.1311E+01   0.1742E+00  -0.1565E+01   0.1250E+00   0.2539E+01   0.2381E+00
  0.6648E+00   0.3111E+00   0.1095E+01   0.2205E+00  -0.7854E+00   0.2874E+00   0.1503E+01   0.5595E+00
  0.7211E+00   0.3003E+00  -0.1281E+01   0.1804E+00  -0.1002E+01   0.2409E+00   0.1779E+01   0.5192E+00
  0.1166E+01   0.2050E+00   0.1385E+01   0.1590E+00   0.1336E+01   0.1690E+00   0.2250E+01   0.3505E+00
  0.1018E+01   0.2375E+00   0.1375E+01   0.1610E+00   0.1624E+01   0.1147E+00   0.2359E+01   0.3067E+00
 -0.1685E+01   0.1047E+00   0.1756E+01   0.9372E-01   0.1524E+01   0.1324E+00   0.2871E+01   0.1345E+00
  0.4332E+00   0.3493E+00  -0.1768E+01   0.9186E-01   0.1581E+00   0.3761E+00   0.1827E+01   0.5062E+00
 -0.1590E+00   0.3760E+00   0.2265E-01   0.3803E+00  -0.1456E+01   0.1452E+00   0.1464E+01   0.5596E+00
  0.1567E+01   0.1245E+00   0.2671E+00   0.3682E+00  -0.6445E+00   0.3149E+00   0.1716E+01   0.5341E+00
  0.3022E+00   0.3649E+00  -0.2054E+00   0.3731E+00  -0.5848E+00   0.3256E+00   0.6896E+00   0.2649E+00
  0.4262E+00   0.3502E+00   0.1398E+01   0.1564E+00  -0.2656E+00   0.3684E+00   0.1486E+01   0.5597E+00
 -0.1486E+01   0.1394E+00   0.1003E+00   0.3786E+00  -0.1399E+00   0.3770E+00   0.1496E+01   0.5596E+00
 -0.8216E-01   0.3792E+00   0.5802E+00   0.3264E+00   0.1652E+01   0.1100E+00   0.1753E+01   0.5257E+00
 -0.6468E+00   0.3145E+00   0.1297E+01   0.1771E+00  -0.3494E+00   0.3598E+00   0.1491E+01   0.5597E+00
  0.1594E+01   0.1198E+00   0.9692E+00   0.2482E+00  -0.8512E+00   0.2736E+00   0.2051E+01   0.4300E+00
  0.4946E+00   0.3403E+00  -0.8302E+00   0.2781E+00   0.6472E+00   0.3144E+00   0.1163E+01   0.5058E+00
  0.1545E+01   0.1286E+00   0.1753E+01   0.9408E-01   0.1624E+01   0.1147E+00   0.2845E+01   0.1412E+00
 -0.1624E+01   0.1146E+00  -0.1544E+01   0.1287E+00   0.2614E-01   0.3803E+00   0.2241E+01   0.3542E+00
  0.9957E+00   0.2424E+00   0.1634E+01   0.1131E+00  -0.1866E+00   0.3744E+00   0.1922E+01   0.4765E+00
 -0.8276E+00   0.2786E+00   0.6262E+00   0.3183E+00   0.1051E+01   0.2303E+00   0.1477E+01   0.5597E+00
 -0.1113E+01   0.2166E+00   0.1194E+01   0.1991E+00   0.1368E+01   0.1625E+00   0.2130E+01   0.3992E+00
 -0.1728E-02   0.3804E+00   0.1247E+01   0.1876E+00   0.1414E+01   0.1533E+00   0.1885E+01   0.4886E+00
  0.6864E+00   0.3070E+00  -0.6869E+00   0.3070E+00  -0.7895E+00   0.2865E+00   0.1252E+01   0.5315E+00
  0.1010E+01   0.2393E+00   0.5003E+00   0.3395E+00   0.7332E+00   0.2979E+00   0.1344E+01   0.5497E+00
  0.2388E+00   0.3706E+00   0.3569E-01   0.3802E+00   0.1498E+01   0.1371E+00   0.1518E+01   0.5591E+00
 -0.3941E+00   0.3545E+00  -0.7138E+00   0.3017E+00  -0.2737E+00   0.3676E+00   0.8601E+00   0.3655E+00
  0.2821E+00   0.3669E+00  -0.1442E+01   0.1478E+00   0.2782E+00   0.3672E+00   0.1496E+01   0.5597E+00
  0.1549E+01   0.1279E+00   0.9161E+00   0.2597E+00  -0.8579E+00   0.2722E+00   0.1993E+01   0.4514E+00
  0.1312E+01   0.1739E+00  -0.1684E+01   0.1048E+00  -0.1259E+01   0.1850E+00   0.2479E+01   0.2602E+00
 -0.1036E+01   0.2336E+00  -0.1208E+01   0.1960E+00   0.1556E+01   0.1265E+00   0.2226E+01   0.3605E+00
 -0.1388E+01   0.1585E+00  -0.4097E+00   0.3524E+00  -0.2943E+00   0.3657E+00   0.1477E+01   0.5597E+00
 -0.1773E+01   0.9107E-01   0.1342E+01   0.1677E+00   0.2901E+00   0.3661E+00   0.2243E+01   0.3535E+00
 -0.9166E+00   0.2596E+00  -0.1571E+00   0.3761E+00   0.6233E+00   0.3188E+00   0.1119E+01   0.4903E+00
  0.1313E+01   0.1737E+00  -0.1694E+01   0.1032E+00   0.1249E+01   0.1872E+00   0.2481E+01   0.2596E+00
  0.1295E+01   0.1776E+00  -0.1401E+01   0.1558E+00   0.1491E+01   0.1385E+00   0.2421E+01   0.2822E+00
 -0.1177E+01   0.2026E+00  -0.1468E+01   0.1427E+00  -0.1378E+01   0.1605E+00   0.2333E+01   0.3173E+00
  0.2689E+00   0.3681E+00  -0.7539E+00   0.2938E+00   0.1325E+01   0.1712E+00   0.1548E+01   0.5576E+00
 -0.2561E+00   0.3692E+00   0.8219E+00   0.2798E+00  -0.9844E+00   0.2449E+00   0.1308E+01   0.5436E+00
 -0.6413E+00   0.3155E+00   0.1749E+01   0.9475E-01  -0.9482E+00   0.2528E+00   0.2090E+01   0.4148E+00
 -0.6103E+00   0.3211E+00  -0.1648E+00   0.3757E+00   0.1035E+00   0.3785E+00   0.6406E+00   0.2355E+00
 -0.5287E+00   0.3350E+00   0.1408E+01   0.1545E+00  -0.2067E+00   0.3731E+00   0.1518E+01   0.5591E+00
 -0.6619E+00   0.3117E+00  -0.3201E+00   0.3631E+00   0.1543E+01   0.1289E+00   0.1709E+01   0.5355E+00
  0.8858E-01   0.3790E+00   0.1363E+01   0.1635E+00  -0.4007E+00   0.3536E+00   0.1423E+01   0.5579E+00
  0.8536E+00   0.2731E+00   0.1317E+00   0.3774E+00   0.4383E+00   0.3486E+00   0.9685E+00   0.4235E+00
 -0.1689E+01   0.1040E+00  -0.1672E+01   0.1068E+00  -0.7078E+00   0.3029E+00   0.2480E+01   0.2599E+00
  0.8264E+00   0.2789E+00  -0.6334E+00   0.3170E+00   0.1334E+01   0.1694E+00   0.1692E+01   0.5389E+00
 -0.1733E+01   0.9711E-01  -0.1608E+01   0.1175E+00  -0.1889E+01   0.7514E-01   0.3026E+01   0.9865E-01
  0.1383E+01   0.1594E+00  -0.5192E-02   0.3804E+00   0.9385E+00   0.2549E+00   0.1672E+01   0.5426E+00
 -0.1645E+01   0.1111E+00   0.8136E+00   0.2816E+00  -0.2568E+00   0.3691E+00   0.1853E+01   0.4985E+00
 -0.1550E+01   0.1276E+00   0.5973E+00   0.3234E+00   0.1228E+01   0.1917E+00   0.2066E+01   0.4243E+00
  0.6329E+00   0.3171E+00  -0.1062E+01   0.2277E+00  -0.6044E+00   0.3222E+00   0.1377E+01   0.5538E+00
 -0.3710E+00   0.3573E+00   0.1698E+01   0.1026E+00   0.8103E+00   0.2822E+00   0.1917E+01   0.4781E+00
 -0.1457E+01   0.1450E+00  -0.1340E+01   0.1682E+00   0.1319E+01   0.1725E+00   0.2378E+01   0.2991E+00
 -0.9725E+00   0.2475E+00  -0.4742E-02   0.3804E+00  -0.5230E+00   0.3359E+00   0.1104E+01   0.4845E+00
  0.1541E+01   0.1293E+00   0.5422E+00   0.3328E+00  -0.2397E+00   0.3706E+00   0.1651E+01   0.5461E+00
  0.1098E+01   0.2199E+00   0.1514E+01   0.1342E+00   0.5647E+00   0.3291E+00   0.1953E+01   0.4658E+00
  0.2213E+00   0.3720E+00  -0.8399E+00   0.2760E+00   0.6238E-01   0.3797E+00   0.8708E+00   0.3715E+00
 -0.5290E+00   0.3349E+00  -0.6470E-02   0.3804E+00   0.1369E+01   0.1623E+00   0.1467E+01   0.5596E+00
 -0.5800E+00   0.3264E+00  -0.8384E+00   0.2763E+00  -0.8501E+00   0.2739E+00   0.1327E+01   0.5470E+00
  0.1704E+01   0.1017E+00  -0.1177E+01   0.2027E+00  -0.1659E+01   0.1089E+00   0.2653E+01   0.1985E+00
  0.2123E-01   0.3803E+00  -0.9569E+00   0.2509E+00   0.1634E+01   0.1129E+00   0.1894E+01   0.4858E+00
  0.2575E+00   0.3691E+00  -0.6776E+00   0.3087E+00  -0.3456E-01   0.3802E+00   0.7257E+00   0.2867E+00
 -0.2749E+00   0.3675E+00   0.1062E+01   0.2279E+00  -0.1334E+01   0.1693E+00   0.1727E+01   0.5316E+00
 -0.1301E+01   0.1762E+00   0.1114E+01   0.2165E+00   0.1645E+01   0.1112E+00   0.2375E+01   0.3005E+00
 -0.3154E+00   0.3636E+00   0.5197E+00   0.3364E+00   0.3455E+00   0.3603E+00   0.6992E+00   0.2708E+00
 -0.5819E+00   0.3261E+00  -0.1503E+01   0.1363E+00   0.1327E+00   0.3773E+00   0.1617E+01   0.5510E+00
 -0.1596E+01   0.1195E+00  -0.1589E+01   0.1208E+00   0.9047E+00   0.2622E+00   0.2427E+01   0.2801E+00
 -0.1025E+00   0.3786E+00  -0.3956E+00   0.3543E+00  -0.1194E+01   0.1989E+00   0.1262E+01   0.5341E+00
 -0.2397E+00   0.3706E+00   0.9914E+00   0.2433E+00   0.1014E+01   0.2384E+00   0.1438E+01   0.5587E+00
 -0.1697E+01   0.1027E+00   0.1464E+00   0.3767E+00  -0.1651E+01   0.1102E+00   0.2372E+01   0.3016E+00
 -0.1659E+01   0.1089E+00  -0.1504E+01   0.1360E+00   0.1486E+01   0.1394E+00   0.2687E+01   0.1874E+00
  0.6382E+00   0.3161E+00   0.3148E+00   0.3636E+00  -0.1677E+01   0.1059E+00   0.1822E+01   0.5078E+00
  0.1007E+01   0.2398E+00   0.7470E-01   0.3794E+00  -0.9223E+00   0.2584E+00   0.1368E+01   0.5528E+00
 -0.5317E+00   0.3345E+00   0.8452E+00   0.2749E+00   0.9951E+00   0.2425E+00   0.1410E+01   0.5569E+00
  0.3583E+00   0.3588E+00   0.1722E+01   0.9886E-01   0.1115E+01   0.2162E+00   0.2082E+01   0.4178E+00
 -0.1495E+01   0.1376E+00  -0.1316E+01   0.1731E+00  -0.2188E-01   0.3803E+00   0.1992E+01   0.4519E+00
 -0.1462E+01   0.1440E+00   0.8848E+00   0.2665E+00   0.8924E-02   0.3804E+00   0.1709E+01   0.5356E+00
  0.1155E+01   0.2075E+00   0.5657E+00   0.3289E+00   0.2420E+00   0.3704E+00   0.1308E+01   0.5437E+00
 -0.1511E+01   0.1347E+00  -0.1030E+01   0.2349E+00  -0.1345E+01   0.1671E+00   0.2270E+01   0.3424E+00
  0.1043E+01   0.2321E+00  -0.2816E+00   0.3669E+00   0.9840E+00   0.2449E+00   0.1461E+01   0.5595E+00
  0.1666E+01   0.1078E+00   0.4699E-01   0.3800E+00  -0.1621E+01   0.1152E+00   0.2325E+01   0.3204E+00
