          fx           fy           fz
 -0.5940E-14  -0.5940E-14  -0.6217E-14
 -0.2644E-14  -0.1762E-14  -0.4788E-14
 -0.3414E-14  -0.4496E-14  -0.2220E-14
 -0.5995E-14  -0.2359E-14  -0.2359E-14
 -0.5017E-14  -0.5010E-14   0.2082E-15
 -0.4850E-14  -0.4392E-14   0.1874E-15
 -0.4635E-14  -0.5114E-14   0.2602E-14
 -0.5697E-14  -0.3136E-14   0.2692E-14
 -0.4698E-14  -0.5142E-14   0.8465E-15
 -0.2630E-14  -0.2463E-14   0.8327E-15
 -0.2692E-14  -0.3997E-14  -0.5669E-14
 -0.4163E-14  -0.1749E-14  -0.5482E-14
 -0.5024E-14  -0.5905E-14  -0.1957E-14
 -0.2630E-14  -0.2394E-14  -0.1950E-14
 -0.4365E-14  -0.4163E-14   0.1251E-13
 -0.5884E-14  -0.2366E-14   0.1218E-13
 -0.6425E-14   0.2220E-15  -0.5579E-14
 -0.3220E-14   0.2304E-14  -0.4614E-14
 -0.2262E-14   0.1242E-14  -0.3324E-14
 -0.5662E-14   0.2186E-14  -0.2776E-14
 -0.6259E-14   0.3053E-15  -0.1388E-15
 -0.4288E-14   0.2678E-14  -0.4788E-15
 -0.3608E-14   0.1187E-14   0.3761E-14
 -0.6127E-14   0.1346E-14   0.2442E-14
 -0.6023E-14  -0.3469E-15   0.8049E-15
 -0.1443E-14   0.1256E-14   0.6037E-15
 -0.2068E-14   0.1874E-15  -0.6252E-14
 -0.4621E-14   0.9506E-15  -0.5884E-14
 -0.6203E-14  -0.5829E-15  -0.1991E-14
 -0.1790E-14   0.1291E-14  -0.1728E-14
 -0.3421E-14   0.5204E-15   0.1135E-13
 -0.7168E-14   0.2283E-14   0.1226E-13
 -0.5204E-14  -0.5829E-15  -0.6460E-14
 -0.1610E-14  -0.6092E-14  -0.5218E-14
 -0.9437E-15   0.1811E-14  -0.1672E-14
 -0.5440E-14  -0.5600E-14  -0.1721E-14
 -0.6967E-14   0.8049E-15   0.2082E-15
 -0.2262E-14  -0.7598E-14  -0.2845E-15
 -0.1416E-14   0.7216E-15   0.1617E-14
 -0.6037E-14  -0.6523E-14   0.1166E-14
 -0.7577E-14   0.7494E-15   0.5274E-15
 -0.1527E-15  -0.6710E-14   0.6661E-15
  0.5274E-15   0.1867E-14  -0.5045E-14
 -0.4510E-14  -0.6259E-14  -0.5260E-14
 -0.5995E-14   0.4163E-15  -0.1797E-14
 -0.9298E-15  -0.4517E-14  -0.1957E-14
 -0.3261E-15   0.1756E-14   0.1187E-13
 -0.5461E-14  -0.6106E-14   0.1258E-13
 -0.6453E-14  -0.2782E-14  -0.5586E-14
 -0.3483E-14   0.1220E-13  -0.5371E-14
 -0.1013E-14  -0.1832E-14  -0.1867E-14
 -0.5773E-14   0.1294E-13  -0.2505E-14
 -0.5995E-14  -0.1096E-14   0.3886E-15
 -0.2713E-14   0.1314E-13  -0.3469E-16
 -0.1520E-14  -0.1735E-14   0.2207E-14
 -0.6273E-14   0.1252E-13   0.1756E-14
 -0.7508E-14  -0.1790E-14   0.5829E-15
 -0.2894E-14   0.1170E-13   0.6037E-15
 -0.4233E-15  -0.1346E-14  -0.5392E-14
 -0.6724E-14   0.1277E-13  -0.6134E-14
 -0.6731E-14  -0.1103E-14  -0.1991E-14
 -0.2290E-14   0.1225E-13  -0.2255E-14
 -0.1998E-14  -0.1804E-14   0.1168E-13
 -0.7883E-14   0.1443E-13   0.1332E-13
  0.1665E-14  -0.5509E-14  -0.5600E-14
 -0.5274E-15  -0.3053E-14  -0.4878E-14
 -0.9021E-16  -0.4718E-14  -0.2748E-14
 -0.1138E-14  -0.3365E-14  -0.3254E-14
  0.1360E-14  -0.4538E-14  -0.3608E-15
  0.3178E-14  -0.3400E-14   0.8327E-16
  0.2179E-14  -0.5183E-14   0.2387E-14
 -0.3608E-15  -0.3809E-14   0.3469E-14
  0.1540E-14  -0.4802E-14   0.6037E-15
  0.1311E-14  -0.1943E-14   0.1124E-14
  0.8951E-15  -0.5010E-14  -0.6162E-14
  0.8327E-16  -0.3005E-14  -0.6641E-14
  0.1693E-14  -0.4427E-14  -0.1811E-14
  0.1429E-14  -0.2456E-14  -0.1471E-14
  0.2220E-14  -0.3997E-14   0.1251E-13
  0.4163E-16  -0.3712E-14   0.1133E-13
 -0.4233E-15   0.3747E-15  -0.4413E-14
  0.2207E-14   0.1707E-14  -0.5315E-14
  0.4372E-14   0.4163E-15  -0.3580E-14
 -0.2637E-14   0.3539E-14  -0.3594E-14
 -0.1846E-14  -0.1291E-14  -0.5551E-16
  0.3192E-14   0.2297E-14  -0.8327E-16
  0.3733E-14   0.3608E-15   0.3830E-14
 -0.1860E-14   0.2706E-14   0.3816E-14
  0.1062E-14  -0.1527E-15   0.1187E-14
  0.1298E-14   0.2616E-14   0.2776E-15
  0.3567E-14  -0.4163E-15  -0.5690E-14
 -0.1638E-14   0.2456E-14  -0.5822E-14
  0.1048E-14  -0.3747E-15  -0.1846E-14
  0.7633E-16   0.1402E-14  -0.1901E-14
  0.2345E-14  -0.8327E-16   0.1135E-13
  0.2776E-16   0.3372E-14   0.1147E-13
  0.2207E-14  -0.3400E-15  -0.5537E-14
  0.5759E-15  -0.4927E-14  -0.5301E-14
  0.3886E-15   0.1193E-14  -0.1568E-14
  0.2776E-15  -0.6363E-14  -0.2887E-14
 -0.4927E-15   0.4094E-15  -0.2637E-15
  0.3254E-14  -0.5461E-14  -0.1388E-15
  0.1277E-14   0.1082E-14   0.1207E-14
 -0.5551E-16  -0.6918E-14   0.2665E-14
  0.3608E-15   0.7425E-15   0.1409E-14
  0.1478E-14  -0.4989E-14   0.8882E-15
  0.1166E-14   0.1305E-14  -0.5468E-14
  0.4996E-15  -0.5725E-14  -0.6391E-14
  0.1402E-14   0.5759E-15  -0.2068E-14
  0.1492E-14  -0.5815E-14  -0.1693E-14
  0.0000E+00   0.1860E-14   0.1179E-13
  0.4996E-15  -0.5364E-14   0.1203E-13
  0.6384E-15  -0.2706E-14  -0.4927E-14
  0.1998E-14   0.1273E-13  -0.5773E-14
  0.2762E-14  -0.1513E-14  -0.2012E-14
  0.7078E-15   0.1266E-13  -0.3553E-14
  0.1596E-15  -0.1582E-14  -0.5551E-16
  0.3456E-14   0.1286E-13  -0.8327E-16
  0.2304E-14  -0.1152E-14   0.1624E-14
  0.9159E-15   0.1232E-13   0.2998E-14
  0.6939E-16  -0.1263E-14   0.1020E-14
  0.1527E-14   0.1328E-13   0.1582E-14
  0.1214E-14  -0.1894E-14  -0.5468E-14
  0.6661E-15   0.1218E-13  -0.5447E-14
  0.5551E-16  -0.1596E-14  -0.1589E-14
  0.1332E-14   0.1198E-13  -0.1776E-14
  0.3553E-14  -0.1998E-14   0.1087E-13
  0.5551E-15   0.1210E-13   0.1172E-13
  0.1527E-14  -0.5981E-14  -0.6245E-14
 -0.8618E-14  -0.1221E-14  -0.5641E-14
 -0.7931E-14  -0.5107E-14  -0.1762E-14
  0.0000E+00  -0.1450E-14  -0.1402E-14
 -0.7494E-15  -0.5107E-14   0.2012E-15
 -0.7321E-14  -0.3705E-14   0.4441E-15
 -0.8188E-14  -0.5232E-14   0.9714E-15
 -0.1665E-15  -0.2921E-14   0.1790E-14
  0.2526E-14  -0.5468E-14   0.5898E-15
 -0.6099E-14  -0.2040E-14   0.9159E-15
 -0.6592E-14  -0.4594E-14  -0.5371E-14
  0.8465E-15  -0.1055E-14  -0.5218E-14
  0.1138E-14  -0.5024E-14  -0.1589E-14
 -0.5100E-14  -0.1929E-14  -0.1700E-14
 -0.7327E-14  -0.4663E-14   0.1266E-13
  0.1402E-14  -0.1624E-14   0.1160E-13
  0.1887E-14   0.3123E-15  -0.5496E-14
 -0.7140E-14   0.1457E-14  -0.5523E-14
 -0.6446E-14   0.6661E-15  -0.2498E-14
  0.1638E-14   0.1193E-14  -0.1804E-14
  0.8465E-15   0.6245E-16  -0.4857E-16
 -0.6342E-14   0.2380E-14  -0.2220E-15
 -0.6141E-14   0.1166E-14   0.2942E-14
  0.1388E-15   0.7494E-15   0.1416E-14
  0.1943E-15   0.2290E-15   0.1631E-14
 -0.6314E-14   0.6037E-15   0.9298E-15
 -0.6280E-14   0.9437E-15  -0.6231E-14
  0.1582E-14   0.6106E-15  -0.5190E-14
  0.1235E-14  -0.2637E-15  -0.2068E-14
 -0.6252E-14   0.1041E-14  -0.1693E-14
 -0.5336E-14   0.3886E-15   0.1184E-13
  0.8604E-15   0.2276E-14   0.1193E-13
  0.3469E-15  -0.9090E-15  -0.6245E-14
 -0.7092E-14  -0.5759E-14  -0.5732E-14
 -0.3830E-14   0.1221E-14  -0.1242E-14
  0.1332E-14  -0.5190E-14  -0.7147E-15
  0.2193E-14   0.8396E-15   0.1180E-15
 -0.4857E-14  -0.7085E-14   0.0000E+00
 -0.5405E-14   0.1318E-14   0.6870E-15
 -0.6245E-15  -0.4739E-14   0.1048E-14
  0.2082E-15   0.8674E-15   0.4094E-15
 -0.5634E-14  -0.6536E-14   0.5690E-15
 -0.4691E-14   0.1943E-14  -0.4795E-14
  0.2109E-14  -0.5773E-14  -0.4940E-14
  0.1291E-14   0.8396E-15  -0.1846E-14
 -0.4920E-14  -0.4038E-14  -0.1929E-14
 -0.4580E-14   0.1887E-14   0.1209E-13
  0.1665E-14  -0.5579E-14   0.1182E-13
  0.6384E-15  -0.2262E-14  -0.5579E-14
 -0.5329E-14   0.1239E-13  -0.5551E-14
 -0.4448E-14  -0.1978E-14  -0.1429E-14
  0.1790E-14   0.1295E-13  -0.1596E-14
  0.6800E-15  -0.1804E-14   0.3886E-15
 -0.5336E-14   0.1311E-13   0.1110E-15
 -0.4129E-14  -0.1450E-14   0.1429E-14
  0.2248E-14   0.1079E-13   0.1818E-14
  0.1402E-14  -0.1527E-14   0.9506E-15
 -0.3747E-14   0.1202E-13   0.6106E-15
 -0.5537E-14  -0.1436E-14  -0.5052E-14
  0.2054E-14   0.1246E-13  -0.5829E-14
  0.6661E-15  -0.9159E-15  -0.1811E-14
 -0.5329E-14   0.1229E-13  -0.1998E-14
 -0.4219E-14  -0.1554E-14   0.1140E-13
  0.2109E-14   0.1276E-13   0.1199E-13
 -0.3227E-14  -0.5551E-14  -0.5551E-14
  0.1392E-13  -0.3150E-14  -0.5454E-14
  0.1405E-13  -0.5551E-14  -0.2276E-14
 -0.3345E-14  -0.2012E-14  -0.1874E-14
 -0.3095E-14  -0.4594E-14   0.1388E-15
  0.1475E-13  -0.3712E-14   0.2984E-15
  0.1319E-13  -0.5163E-14   0.1971E-14
 -0.1735E-14  -0.2630E-14   0.1762E-14
 -0.2456E-14  -0.5718E-14   0.1027E-14
  0.1499E-13  -0.2005E-14   0.6870E-15
  0.1344E-13  -0.5169E-14  -0.6356E-14
 -0.2873E-14  -0.1756E-14  -0.5614E-14
 -0.3546E-14  -0.4441E-14  -0.1998E-14
  0.1432E-13  -0.2623E-14  -0.1936E-14
  0.1377E-13  -0.5107E-14   0.1354E-13
 -0.1346E-14  -0.2109E-14   0.1143E-13
 -0.1318E-14  -0.2776E-16  -0.4899E-14
  0.1162E-13   0.2012E-14  -0.5808E-14
  0.1225E-13   0.4163E-16  -0.3546E-14
 -0.1957E-14   0.2762E-14  -0.2241E-14
 -0.9853E-15   0.1596E-15  -0.5551E-16
  0.1420E-13   0.2193E-14  -0.5551E-16
  0.1281E-13   0.1138E-14   0.2984E-14
 -0.2928E-14   0.5274E-15   0.2075E-14
 -0.1665E-14   0.2914E-15   0.1242E-14
  0.1173E-13   0.6523E-15   0.1138E-14
  0.1356E-13  -0.2220E-15  -0.6391E-14
 -0.2116E-14   0.1214E-14  -0.5246E-14
 -0.9853E-15   0.9437E-15  -0.2033E-14
  0.1376E-13   0.1846E-14  -0.1769E-14
  0.1259E-13  -0.1110E-15   0.1171E-13
 -0.1998E-14   0.3220E-14   0.1110E-13
 -0.1651E-14  -0.2498E-15  -0.5551E-14
  0.1483E-13  -0.6689E-14  -0.5038E-14
  0.1336E-13   0.3469E-15  -0.1624E-14
 -0.2644E-14  -0.5128E-14  -0.1645E-14
 -0.2498E-15   0.5690E-15   0.1665E-15
  0.1467E-13  -0.6155E-14   0.2776E-15
  0.1297E-13   0.1582E-14   0.1846E-14
 -0.1672E-14  -0.5683E-14   0.1200E-14
 -0.9298E-15  -0.1527E-15   0.9506E-15
  0.1335E-13  -0.6439E-14   0.4996E-15
  0.1284E-13   0.3886E-15  -0.5856E-14
 -0.2102E-14  -0.5759E-14  -0.4385E-14
 -0.1138E-14   0.1443E-14  -0.1811E-14
  0.1340E-13  -0.5260E-14  -0.2075E-14
  0.1405E-13   0.1443E-14   0.1196E-13
 -0.1332E-14  -0.4330E-14   0.1118E-13
 -0.4441E-15  -0.2220E-14  -0.4885E-14
  0.1288E-13   0.1377E-13  -0.5773E-14
  0.1166E-13  -0.1006E-14  -0.2290E-14
 -0.1006E-14   0.1255E-13  -0.1887E-14
 -0.1270E-14  -0.1270E-14   0.5551E-16
  0.1282E-13   0.1282E-13   0.1110E-15
  0.1132E-13  -0.1547E-14   0.1957E-14
  0.2290E-15   0.1132E-13   0.1998E-14
 -0.1013E-14  -0.1901E-14   0.5551E-15
  0.1256E-13   0.1345E-13   0.5551E-15
  0.1202E-13  -0.1360E-14  -0.5274E-14
 -0.4718E-15   0.1202E-13  -0.5218E-14
 -0.4441E-15  -0.2220E-14  -0.2220E-14
  0.1199E-13   0.1288E-13  -0.1776E-14
  0.1199E-13  -0.1332E-14   0.1110E-13
 -0.4441E-15   0.1199E-13   0.1155E-13
