      rx_fcc       ry_fcc       rz_fcc
  0.3181E+01  -0.2747E+01  -0.2222E+01
 -0.1012E+01  -0.8720E+00  -0.1388E+01
 -0.2225E+01  -0.3136E+01  -0.2729E+01
  0.3065E+01  -0.1340E+01  -0.2935E+01
 -0.3340E+01   0.3071E+01  -0.2784E+01
 -0.2779E+01   0.3415E+01  -0.1899E+01
  0.3296E+01  -0.2968E+01  -0.7141E+00
  0.2733E+01  -0.1794E+01  -0.2128E+01
  0.2209E+01  -0.2988E+01  -0.3321E+00
 -0.2932E+01  -0.2368E+01  -0.1441E+01
 -0.2857E+01  -0.3347E+01   0.1163E+00
  0.3213E+01   0.2682E+00  -0.1675E+00
  0.9497E+00   0.2789E+01   0.3141E+01
 -0.2300E+01  -0.2031E+01   0.5762E+00
  0.2925E+01   0.2878E+01   0.3135E+01
  0.2173E+01  -0.2456E+01  -0.2660E+01
  0.3147E+01   0.3088E+01   0.2008E+01
 -0.3213E+01  -0.2057E+01   0.2995E+01
  0.2386E+01  -0.4637E+00  -0.2644E+01
 -0.1761E+01  -0.1888E+01  -0.2907E+01
 -0.1851E+01   0.1083E+01  -0.1201E+01
 -0.2905E+01  -0.3164E+00  -0.1318E+01
 -0.2869E+01  -0.2287E+01  -0.2778E+01
  0.1857E+01  -0.9124E+00  -0.2368E+00
  0.1213E+01  -0.3153E+01  -0.1086E+01
 -0.2949E+01   0.1688E+01   0.7898E-01
 -0.2037E+01  -0.2697E+01   0.1747E+01
 -0.1493E+01  -0.1499E+01  -0.8631E+00
 -0.2133E+01  -0.1017E+01   0.8091E+00
 -0.2031E+01   0.3878E+00   0.2310E+01
  0.3298E+01  -0.1719E+01   0.6979E+00
 -0.1775E+01  -0.1658E+01   0.1750E+01
 -0.2785E+01  -0.1918E+01   0.1503E+01
  0.2942E+01   0.7959E+00  -0.2964E+01
 -0.2468E+01  -0.2569E+00   0.3308E+01
 -0.1842E+01  -0.9563E+00   0.2558E+01
 -0.2470E+01  -0.1303E+01   0.3412E+01
 -0.3328E+01  -0.7225E-01  -0.2796E+01
 -0.2070E+01  -0.1908E+01  -0.1839E+01
  0.2723E+01   0.1108E+00  -0.1086E+01
  0.2978E+01   0.1236E+01  -0.8114E+00
 -0.1268E+01   0.7546E-01  -0.1668E+01
 -0.8068E+00  -0.1033E+00   0.2084E+01
  0.2938E+01   0.1458E+01  -0.2002E+01
 -0.2801E+01   0.4274E+00   0.6314E+00
 -0.8341E+00   0.1226E+01   0.5477E+00
 -0.2051E+01   0.8600E+00   0.3362E+01
 -0.1378E+01  -0.1278E+00   0.1270E+01
 -0.2561E+01  -0.2417E+00   0.1576E+01
 -0.2228E+01   0.1716E+01  -0.2197E+01
  0.2181E+01   0.2330E+01  -0.2444E+01
 -0.2874E+01   0.1192E+01  -0.2881E+01
  0.2636E+01   0.3187E+01   0.3700E+00
 -0.3134E+01   0.2723E+01  -0.5519E+00
 -0.2298E+01   0.2452E+01   0.1833E+00
 -0.1074E+01   0.3065E+01  -0.1070E+01
 -0.2196E+01  -0.3375E+01   0.1009E+01
 -0.1698E+01   0.1779E+01   0.9158E+00
 -0.6646E+00   0.2423E+01   0.8517E+00
  0.2976E+01  -0.7617E+00   0.3635E+00
  0.1937E+01   0.2675E+01   0.3304E+01
  0.2112E+01   0.2746E+01   0.1457E+01
 -0.3117E+01  -0.8446E-02   0.2485E+01
  0.1751E+01   0.1372E+01  -0.2260E+01
 -0.2659E+01   0.2420E+01  -0.3200E+01
 -0.1604E+01  -0.3386E+01  -0.1906E+01
 -0.1085E+01   0.1056E+01  -0.3166E+01
 -0.7403E+00  -0.2981E+01  -0.4740E+00
 -0.2774E+01  -0.1231E+01  -0.3273E-01
  0.5262E+00  -0.1443E+01  -0.3227E+01
 -0.5061E-01  -0.2313E+01   0.3574E-01
 -0.2550E+01  -0.2369E+01  -0.4301E+00
 -0.1404E+01   0.3088E+01   0.8829E-01
 -0.1681E+01  -0.2755E+01   0.2926E+00
 -0.8327E+00   0.3143E+01   0.2497E+01
  0.3402E+01  -0.1986E+01  -0.4496E+00
 -0.3123E+01  -0.2859E+01   0.1345E+01
 -0.1543E-01  -0.1610E+01   0.1764E+01
 -0.2980E+01   0.2916E+01   0.2760E+01
 -0.9816E+00  -0.2905E+01  -0.3199E+01
 -0.1770E+01   0.2603E+01   0.2500E+01
 -0.6781E+00  -0.1795E+01  -0.3151E+01
 -0.1421E+01  -0.9270E+00  -0.2357E+01
 -0.2755E+01  -0.1355E+01  -0.1280E+01
  0.2717E+00  -0.1535E+01  -0.6290E+00
 -0.1368E+00  -0.5481E-01  -0.7792E+00
 -0.2317E+01  -0.4540E+00  -0.5768E+00
  0.3092E+01   0.3180E+01  -0.1644E+01
 -0.2696E+01   0.1799E+01   0.1242E+01
 -0.1895E+01  -0.1280E+00   0.3133E+00
  0.1039E+01  -0.1516E+01   0.3379E+00
 -0.4032E+00   0.1115E+01  -0.4086E+00
  0.2727E+01   0.2070E+01   0.2388E+01
 -0.2583E+01  -0.3119E+01   0.3079E+01
 -0.5062E+00  -0.1442E+01  -0.2278E+01
 -0.1619E+01  -0.3092E+01   0.2799E+01
 -0.1170E+01  -0.2352E+01  -0.2149E+01
 -0.3757E-01   0.2513E+01   0.2308E+01
 -0.1538E+01   0.8735E-01  -0.2926E+01
 -0.2431E+01  -0.4074E+00  -0.2498E+01
 -0.2379E+01   0.7077E+00  -0.1937E+01
  0.7513E+00   0.1291E+01   0.2707E+01
  0.3205E+00  -0.2479E+01  -0.1497E+01
 -0.5616E+00   0.7532E+00  -0.1352E+01
 -0.1893E+01   0.1135E+01  -0.3743E-02
 -0.1399E+01   0.1004E+01  -0.2102E+01
 -0.8706E+00  -0.1121E+01   0.1256E+01
 -0.2941E+00  -0.4380E-01   0.1155E+01
 -0.1166E+01   0.1313E+01   0.2566E+01
 -0.1902E+01   0.1693E+01   0.1943E+01
  0.1179E+01  -0.1080E+01  -0.9714E+00
  0.2039E+00   0.5089E+00   0.1906E+01
 -0.9009E+00   0.1878E+01   0.1680E+01
 -0.1647E+01   0.1803E+01   0.3370E+01
 -0.1239E+01  -0.9220E+00  -0.3362E+01
 -0.5548E+00  -0.3014E+01  -0.1643E+01
 -0.3166E+01   0.2351E+01  -0.2103E+01
 -0.1104E+01   0.2093E+01  -0.2712E+01
 -0.9359E+00  -0.2235E+01   0.1549E+01
 -0.2485E+01   0.2163E+01  -0.1175E+01
 -0.8128E+00  -0.2939E+01   0.7888E+00
 -0.9702E-01   0.2461E+01  -0.7086E+00
 -0.1574E+01   0.2203E+01  -0.4759E+00
 -0.2692E+01   0.2555E+01   0.1886E+01
 -0.1979E+01   0.7644E+00   0.1080E+01
 -0.9975E+00   0.2913E+00   0.2738E+00
 -0.7092E+00   0.8003E+00   0.1538E+01
 -0.1460E+01   0.2847E+01   0.1618E+01
 -0.1542E+01   0.2443E+01  -0.1898E+01
  0.3616E+00   0.3302E+01  -0.1560E+01
  0.7464E+00  -0.1777E+01  -0.2258E+01
 -0.5627E+00   0.2850E+01  -0.2054E+01
 -0.1660E+01  -0.2605E+01  -0.1087E+01
 -0.5863E+00  -0.1755E+01  -0.1272E+01
  0.4095E+00   0.2400E+01  -0.1862E+01
 -0.1995E+01  -0.7034E+00  -0.1430E+01
  0.1902E+01  -0.2157E+01   0.1301E+01
 -0.1240E+01   0.3501E-01  -0.6857E+00
  0.8809E+00   0.2972E+01  -0.1447E+00
  0.7043E+00  -0.2213E+01   0.1326E+01
 -0.1364E+00  -0.3341E+01   0.1547E+01
  0.2308E+01  -0.3135E+01   0.1865E+01
 -0.1156E+00   0.3245E+01   0.3232E+01
 -0.2497E+00  -0.2505E+01  -0.2574E+01
 -0.1170E+01  -0.1752E+01   0.2629E+01
  0.1695E+01  -0.1427E+01   0.3347E+01
  0.3154E+01  -0.1148E+01   0.1515E+01
  0.5250E+00   0.5103E+00  -0.1537E+01
  0.1219E+01  -0.2258E+01  -0.3092E+01
  0.5698E+00  -0.6060E+00  -0.1141E+00
  0.2119E+01  -0.1037E+01  -0.1567E+01
  0.1481E+01   0.9989E+00  -0.1406E+01
  0.5761E+00   0.7644E+00  -0.5254E+00
 -0.3439E+00  -0.5163E+00   0.3142E+00
  0.1189E+01  -0.1284E+01   0.1651E+01
 -0.6486E+00  -0.1205E+01  -0.3888E+00
 -0.1328E+01  -0.1801E+01   0.3750E+00
  0.1695E+01  -0.3472E+00   0.1938E+01
  0.3259E+00  -0.2631E+01  -0.3420E+01
 -0.4693E+00  -0.1009E+01   0.2457E+01
 -0.9478E+00   0.3185E-01   0.3097E+01
  0.6329E+00  -0.2922E+01  -0.2535E+01
  0.2836E+01   0.1961E+00   0.3031E+01
 -0.9832E-01  -0.5608E+00  -0.1860E+01
 -0.9660E+00   0.1929E+01  -0.1297E+01
  0.2369E+01   0.4781E+00  -0.1975E+01
  0.1343E+01  -0.4422E-01  -0.1062E+01
 -0.4029E+00   0.3359E+00  -0.2640E+01
  0.3886E+00  -0.6362E+00   0.2011E+01
  0.1990E+01   0.1552E+01   0.1668E+01
  0.1810E+01   0.7383E+00   0.7282E+00
  0.9240E+00   0.2939E+01   0.1709E+01
  0.3498E-01  -0.1566E+01   0.7741E+00
  0.9224E+00   0.1249E+01   0.8820E+00
  0.2670E+00  -0.1084E+00   0.3007E+01
  0.3034E+01  -0.9132E+00   0.2859E+01
 -0.2176E+00   0.9718E+00   0.2822E+01
 -0.5316E+00   0.1977E+01   0.3107E+01
 -0.2215E+00  -0.7659E+00  -0.2920E+01
  0.2479E+00   0.2413E+01  -0.2987E+01
  0.4655E+00   0.1895E+01  -0.9149E-01
  0.1578E+01  -0.3272E+01  -0.2063E+01
  0.5845E-01   0.1556E+01  -0.1416E+01
  0.1307E+01  -0.2954E+01   0.1653E+01
 -0.2101E+00   0.3059E+01   0.1893E+00
  0.1584E+01   0.2403E+01   0.5325E+00
  0.1205E+00   0.6793E+00   0.6310E+00
  0.2755E-01   0.1621E+01   0.1196E+01
  0.3135E+01   0.1019E+01   0.2389E+01
 -0.4594E+00  -0.2567E+01   0.2691E+01
  0.8935E+00   0.1783E+01   0.1730E+01
 -0.1191E+01   0.2864E+01   0.3400E+01
  0.1690E+01  -0.3151E+01  -0.3282E+01
  0.1817E+01  -0.1398E+01  -0.2512E+01
  0.1268E+01   0.2817E+01  -0.2676E+01
  0.2092E+01   0.2802E+01  -0.1525E+01
 -0.2113E+01   0.3300E+01  -0.6335E+00
  0.2338E+01  -0.2986E+01  -0.1313E+01
  0.2657E+01  -0.2664E+01   0.8640E+00
  0.3096E+00  -0.3108E+01  -0.5995E+00
  0.2990E+01   0.2277E+01  -0.7186E-01
  0.1080E+01  -0.2495E+01  -0.1227E-01
  0.1552E+01  -0.3367E+01   0.5328E+00
  0.4493E+00   0.2619E+01   0.8484E+00
  0.2942E+01  -0.2216E+01   0.1789E+01
  0.1647E+01   0.3303E+01   0.2476E+01
  0.1416E+01   0.2146E+01   0.2528E+01
  0.6047E+00  -0.3007E+01   0.2509E+01
  0.2052E+01  -0.1311E+01   0.2233E+01
  0.3054E+01  -0.2735E+01  -0.3282E+01
  0.2663E+01  -0.1906E+01   0.2844E+01
 -0.2915E+01  -0.1369E+01  -0.2298E+01
  0.9530E+00  -0.4189E+00  -0.2050E+01
  0.2435E+01  -0.1832E+01  -0.8576E+00
  0.1712E+01  -0.2192E+01  -0.1557E+01
  0.1637E+01   0.1171E+01  -0.2361E+00
  0.3101E+01  -0.9455E+00  -0.7043E+00
  0.2016E+01  -0.1056E+01   0.9461E+00
  0.2148E+01  -0.1878E+01   0.2084E+00
  0.8641E+00  -0.2758E+00   0.1178E+01
  0.1503E+01  -0.2416E+01   0.2681E+01
  0.3025E+01  -0.3103E-01   0.1030E+01
  0.2482E+01  -0.3101E+01   0.2811E+01
 -0.2183E+01  -0.2130E+01   0.2860E+01
  0.4294E+00   0.8054E+00  -0.3181E+01
 -0.2911E+01  -0.1063E+01   0.2305E+01
  0.2690E+01  -0.3424E+00   0.2047E+01
  0.1974E+01   0.1894E+01  -0.9373E+00
  0.1488E+01   0.2906E+00  -0.2529E+01
  0.3389E+01   0.5958E+00  -0.1906E+01
  0.3174E+01  -0.8686E+00  -0.1811E+01
 -0.2751E+01   0.7603E+00  -0.5419E+00
  0.2036E+01   0.2335E+00  -0.3089E+00
  0.2993E+01   0.2221E+01  -0.1280E+01
  0.2335E+01   0.6503E+00   0.1617E+01
  0.1083E+01   0.2242E+00   0.1953E+00
  0.2260E+01   0.1401E+01   0.3369E+01
 -0.2528E+01   0.1603E+01   0.2888E+01
 -0.2666E+01   0.9137E+00   0.1771E+01
  0.6061E+00  -0.1789E+01   0.2588E+01
  0.1196E+01   0.1649E+01  -0.3251E+01
  0.1771E+01   0.4770E+00   0.3413E+01
  0.2484E+01   0.3362E+01  -0.2502E+01
  0.7866E+00   0.1383E+01  -0.2232E+01
 -0.2818E+00   0.1516E+01  -0.2416E+01
 -0.3225E+01   0.2773E+01   0.7572E+00
  0.3074E+01   0.1959E+01  -0.3028E+01
  0.9451E+00   0.2546E+01  -0.1015E+01
  0.2530E+01   0.1480E+01   0.4925E+00
  0.1901E+01   0.2803E+01  -0.4765E+00
  0.3311E+01   0.9763E+00   0.1145E+01
  0.5002E+00  -0.3087E+01   0.6325E+00
  0.1149E+01   0.6413E+00   0.1674E+01
  0.3158E+01   0.2030E+01   0.1489E+01
  0.1786E+01   0.1032E+01   0.2524E+01
  0.1347E+01  -0.5634E+00   0.2919E+01
