      rx_fcc       ry_fcc       rz_fcc
 -0.3028E+01  -0.3040E+01  -0.3038E+01
 -0.2276E+01  -0.2281E+01  -0.3057E+01
 -0.2295E+01  -0.3061E+01  -0.2295E+01
 -0.3050E+01  -0.2284E+01  -0.2290E+01
 -0.3058E+01  -0.3054E+01  -0.1523E+01
 -0.2298E+01  -0.2313E+01  -0.1529E+01
 -0.2305E+01  -0.3076E+01  -0.7571E+00
 -0.3065E+01  -0.2311E+01  -0.7721E+00
 -0.3076E+01  -0.3064E+01  -0.7961E-02
 -0.2316E+01  -0.2305E+01  -0.9288E-02
 -0.2317E+01  -0.3083E+01   0.7694E+00
 -0.3087E+01  -0.2320E+01   0.7701E+00
 -0.3081E+01  -0.3094E+01   0.1546E+01
 -0.2327E+01  -0.2314E+01   0.1544E+01
 -0.2321E+01  -0.3084E+01   0.2324E+01
 -0.3095E+01  -0.2328E+01   0.2309E+01
 -0.3090E+01  -0.1542E+01  -0.3086E+01
 -0.2323E+01  -0.7704E+00  -0.3105E+01
 -0.2338E+01  -0.1548E+01  -0.2320E+01
 -0.3090E+01  -0.7782E+00  -0.2316E+01
 -0.3106E+01  -0.1557E+01  -0.1556E+01
 -0.2320E+01  -0.7831E+00  -0.1541E+01
 -0.2318E+01  -0.1556E+01  -0.7832E+00
 -0.3100E+01  -0.7746E+00  -0.7755E+00
 -0.3114E+01  -0.1562E+01   0.1017E-01
 -0.2321E+01  -0.7707E+00   0.7365E-02
 -0.2328E+01  -0.1564E+01   0.7677E+00
 -0.3108E+01  -0.7749E+00   0.7788E+00
 -0.3095E+01  -0.1564E+01   0.1563E+01
 -0.2328E+01  -0.7693E+00   0.1560E+01
 -0.2322E+01  -0.1556E+01   0.2328E+01
 -0.3108E+01  -0.7719E+00   0.2328E+01
 -0.3104E+01  -0.6807E-03  -0.3109E+01
 -0.2347E+01   0.7863E+00  -0.3108E+01
 -0.2346E+01  -0.1513E-02  -0.2348E+01
 -0.3108E+01   0.7750E+00  -0.2331E+01
 -0.3119E+01   0.7034E-02  -0.1561E+01
 -0.2329E+01   0.7793E+00  -0.1553E+01
 -0.2348E+01  -0.6423E-02  -0.7735E+00
 -0.3115E+01   0.7848E+00  -0.7769E+00
 -0.3124E+01  -0.6199E-02  -0.7163E-02
 -0.2335E+01   0.7822E+00  -0.4397E-02
 -0.2346E+01   0.5055E-02   0.7759E+00
 -0.3130E+01   0.7802E+00   0.7709E+00
 -0.3128E+01  -0.1070E-01   0.1570E+01
 -0.2336E+01   0.7920E+00   0.1555E+01
 -0.2339E+01  -0.6363E-02   0.2353E+01
 -0.3124E+01   0.7855E+00   0.2335E+01
 -0.3134E+01   0.1572E+01  -0.3137E+01
 -0.2342E+01   0.2338E+01  -0.3139E+01
 -0.2353E+01   0.1573E+01  -0.2347E+01
 -0.3121E+01   0.2348E+01  -0.2351E+01
 -0.3142E+01   0.1570E+01  -0.1558E+01
 -0.2352E+01   0.2356E+01  -0.1577E+01
 -0.2343E+01   0.1568E+01  -0.7775E+00
 -0.3125E+01   0.2361E+01  -0.7883E+00
 -0.3132E+01   0.1567E+01   0.7189E-02
 -0.2343E+01   0.2348E+01   0.6729E-02
 -0.2350E+01   0.1572E+01   0.7859E+00
 -0.3151E+01   0.2361E+01   0.7899E+00
 -0.3142E+01   0.1567E+01   0.1567E+01
 -0.2355E+01   0.2358E+01   0.1570E+01
 -0.2361E+01   0.1582E+01   0.2348E+01
 -0.3151E+01   0.2359E+01   0.2357E+01
 -0.1574E+01  -0.3144E+01  -0.3153E+01
 -0.7778E+00  -0.2372E+01  -0.3138E+01
 -0.7790E+00  -0.3156E+01  -0.2362E+01
 -0.1581E+01  -0.2370E+01  -0.2372E+01
 -0.1570E+01  -0.3156E+01  -0.1573E+01
 -0.7813E+00  -0.2369E+01  -0.1566E+01
 -0.7840E+00  -0.3137E+01  -0.7762E+00
 -0.1582E+01  -0.2353E+01  -0.7810E+00
 -0.1566E+01  -0.3142E+01   0.3044E-02
 -0.7842E+00  -0.2360E+01   0.2544E-02
 -0.7802E+00  -0.3155E+01   0.7945E+00
 -0.1584E+01  -0.2357E+01   0.7854E+00
 -0.1566E+01  -0.3141E+01   0.1565E+01
 -0.7811E+00  -0.2365E+01   0.1566E+01
 -0.7866E+00  -0.3156E+01   0.2360E+01
 -0.1570E+01  -0.2358E+01   0.2352E+01
 -0.1567E+01  -0.1577E+01  -0.3154E+01
 -0.7829E+00  -0.7810E+00  -0.3161E+01
 -0.7818E+00  -0.1578E+01  -0.2369E+01
 -0.1572E+01  -0.7977E+00  -0.2361E+01
 -0.1585E+01  -0.1577E+01  -0.1568E+01
 -0.7911E+00  -0.7912E+00  -0.1569E+01
 -0.7861E+00  -0.1569E+01  -0.7929E+00
 -0.1575E+01  -0.7772E+00  -0.7909E+00
 -0.1585E+01  -0.1572E+01  -0.9055E-02
 -0.7879E+00  -0.7885E+00   0.2309E-02
 -0.7957E+00  -0.1581E+01   0.7798E+00
 -0.1571E+01  -0.7777E+00   0.7855E+00
 -0.1562E+01  -0.1584E+01   0.1583E+01
 -0.7835E+00  -0.7950E+00   0.1565E+01
 -0.7891E+00  -0.1563E+01   0.2351E+01
 -0.1580E+01  -0.7922E+00   0.2363E+01
 -0.1567E+01  -0.4302E-02  -0.3154E+01
 -0.7955E+00   0.7936E+00  -0.3141E+01
 -0.7834E+00  -0.2808E-02  -0.2356E+01
 -0.1571E+01   0.7844E+00  -0.2368E+01
 -0.1579E+01   0.3680E-02  -0.1564E+01
 -0.7961E+00   0.7854E+00  -0.1572E+01
 -0.7773E+00  -0.9705E-03  -0.7859E+00
 -0.1578E+01   0.7874E+00  -0.7884E+00
 -0.1566E+01   0.3860E-02  -0.7400E-02
 -0.7762E+00   0.7946E+00  -0.6801E-02
 -0.7772E+00  -0.9565E-02   0.7789E+00
 -0.1568E+01   0.7814E+00   0.7850E+00
 -0.1581E+01   0.4260E-02   0.1579E+01
 -0.7884E+00   0.7789E+00   0.1581E+01
 -0.7855E+00  -0.5301E-02   0.2357E+01
 -0.1568E+01   0.7802E+00   0.2366E+01
 -0.1573E+01   0.1562E+01  -0.3140E+01
 -0.7972E+00   0.2358E+01  -0.3150E+01
 -0.7940E+00   0.1571E+01  -0.2350E+01
 -0.1573E+01   0.2350E+01  -0.2354E+01
 -0.1565E+01   0.1567E+01  -0.1564E+01
 -0.7787E+00   0.2356E+01  -0.1575E+01
 -0.7763E+00   0.1578E+01  -0.7787E+00
 -0.1572E+01   0.2371E+01  -0.7811E+00
 -0.1563E+01   0.1573E+01  -0.8547E-02
 -0.7961E+00   0.2355E+01   0.1983E-02
 -0.7775E+00   0.1584E+01   0.7787E+00
 -0.1571E+01   0.2366E+01   0.7858E+00
 -0.1564E+01   0.1564E+01   0.1582E+01
 -0.7949E+00   0.2350E+01   0.1583E+01
 -0.7847E+00   0.1563E+01   0.2357E+01
 -0.1569E+01   0.2361E+01   0.2355E+01
 -0.1085E-01  -0.3143E+01  -0.3154E+01
  0.7801E+00  -0.2360E+01  -0.3156E+01
  0.7791E+00  -0.3165E+01  -0.2357E+01
 -0.5986E-02  -0.2372E+01  -0.2364E+01
 -0.4405E-02  -0.3166E+01  -0.1582E+01
  0.7957E+00  -0.2375E+01  -0.1580E+01
  0.7877E+00  -0.3150E+01  -0.7811E+00
 -0.2149E-02  -0.2361E+01  -0.7939E+00
  0.2294E-02  -0.3167E+01  -0.5591E-02
  0.7885E+00  -0.2356E+01  -0.2431E-02
  0.7969E+00  -0.3157E+01   0.7856E+00
 -0.1056E-01  -0.2376E+01   0.7997E+00
 -0.2804E-02  -0.3148E+01   0.1570E+01
  0.7910E+00  -0.2368E+01   0.1571E+01
  0.7997E+00  -0.3159E+01   0.2359E+01
  0.7718E-02  -0.2375E+01   0.2375E+01
 -0.2125E-02  -0.1576E+01  -0.3165E+01
  0.7984E+00  -0.7864E+00  -0.3158E+01
  0.7965E+00  -0.1578E+01  -0.2364E+01
 -0.1603E-02  -0.7862E+00  -0.2367E+01
  0.4727E-02  -0.1572E+01  -0.1593E+01
  0.7983E+00  -0.7839E+00  -0.1572E+01
  0.7946E+00  -0.1588E+01  -0.7835E+00
 -0.5677E-03  -0.7833E+00  -0.7815E+00
  0.3619E-03  -0.1576E+01   0.3287E-02
  0.7889E+00  -0.7967E+00   0.1044E-01
  0.7906E+00  -0.1591E+01   0.7927E+00
  0.8946E-02  -0.7859E+00   0.7859E+00
 -0.6652E-02  -0.1588E+01   0.1580E+01
  0.7996E+00  -0.7969E+00   0.1576E+01
  0.7876E+00  -0.1583E+01   0.2372E+01
  0.4716E-02  -0.7981E+00   0.2371E+01
 -0.4172E-02  -0.4528E-02  -0.3161E+01
  0.7904E+00   0.7993E+00  -0.3155E+01
  0.7811E+00   0.6834E-02  -0.2381E+01
 -0.1496E-02   0.8013E+00  -0.2377E+01
 -0.5745E-02  -0.1022E-01  -0.1584E+01
  0.7981E+00   0.7880E+00  -0.1590E+01
  0.7805E+00   0.9897E-02  -0.7963E+00
 -0.3508E-02   0.7936E+00  -0.7996E+00
  0.2140E-02  -0.3726E-02   0.5514E-02
  0.8015E+00   0.7936E+00  -0.9084E-02
  0.7820E+00   0.8585E-02   0.8015E+00
  0.6485E-02   0.8011E+00   0.7983E+00
 -0.8042E-02   0.6213E-02   0.1588E+01
  0.7995E+00   0.7921E+00   0.1591E+01
  0.8019E+00   0.7653E-02   0.2364E+01
  0.1280E-03   0.7865E+00   0.2377E+01
  0.6994E-02   0.1589E+01  -0.3166E+01
  0.8008E+00   0.2378E+01  -0.3160E+01
  0.7917E+00   0.1586E+01  -0.2382E+01
 -0.7690E-02   0.2366E+01  -0.2380E+01
  0.3987E-02   0.1583E+01  -0.1587E+01
  0.7863E+00   0.2370E+01  -0.1589E+01
  0.7827E+00   0.1585E+01  -0.7988E+00
 -0.1090E-01   0.2370E+01  -0.7904E+00
  0.8415E-02   0.1575E+01  -0.4980E-02
  0.7964E+00   0.2388E+01  -0.1043E-01
  0.7849E+00   0.1582E+01   0.7953E+00
 -0.1080E-01   0.2369E+01   0.7912E+00
 -0.5058E-03   0.1584E+01   0.1577E+01
  0.7948E+00   0.2390E+01   0.1588E+01
  0.7831E+00   0.1588E+01   0.2383E+01
  0.8669E-02   0.2375E+01   0.2383E+01
  0.1587E+01  -0.3182E+01  -0.3166E+01
  0.2392E+01  -0.2393E+01  -0.3170E+01
  0.2378E+01  -0.3171E+01  -0.2384E+01
  0.1593E+01  -0.2388E+01  -0.2378E+01
  0.1597E+01  -0.3182E+01  -0.1585E+01
  0.2388E+01  -0.2377E+01  -0.1590E+01
  0.2381E+01  -0.3177E+01  -0.7992E+00
  0.1591E+01  -0.2397E+01  -0.7956E+00
  0.1585E+01  -0.3189E+01   0.3332E-02
  0.2383E+01  -0.2392E+01  -0.2302E-02
  0.2381E+01  -0.3176E+01   0.8060E+00
  0.1582E+01  -0.2381E+01   0.7984E+00
  0.1590E+01  -0.3191E+01   0.1587E+01
  0.2399E+01  -0.2391E+01   0.1589E+01
  0.2392E+01  -0.3178E+01   0.2381E+01
  0.1601E+01  -0.2395E+01   0.2400E+01
  0.1595E+01  -0.1587E+01  -0.3189E+01
  0.2380E+01  -0.7930E+00  -0.3196E+01
  0.2383E+01  -0.1601E+01  -0.2392E+01
  0.1585E+01  -0.7949E+00  -0.2403E+01
  0.1603E+01  -0.1599E+01  -0.1591E+01
  0.2385E+01  -0.8057E+00  -0.1586E+01
  0.2388E+01  -0.1583E+01  -0.8025E+00
  0.1594E+01  -0.8084E+00  -0.7924E+00
  0.1594E+01  -0.1592E+01   0.2678E-02
  0.2390E+01  -0.7914E+00   0.6623E-02
  0.2383E+01  -0.1600E+01   0.7924E+00
  0.1589E+01  -0.8007E+00   0.8014E+00
  0.1584E+01  -0.1602E+01   0.1587E+01
  0.2388E+01  -0.8054E+00   0.1584E+01
  0.2402E+01  -0.1588E+01   0.2386E+01
  0.1585E+01  -0.7971E+00   0.2398E+01
  0.1586E+01   0.3941E-02  -0.3187E+01
  0.2389E+01   0.7964E+00  -0.3188E+01
  0.2396E+01   0.8842E-02  -0.2400E+01
  0.1591E+01   0.7990E+00  -0.2387E+01
  0.1590E+01   0.2336E-02  -0.1606E+01
  0.2392E+01   0.8057E+00  -0.1592E+01
  0.2391E+01   0.8402E-02  -0.8081E+00
  0.1594E+01   0.8010E+00  -0.7933E+00
  0.1608E+01  -0.1855E-02  -0.9557E-02
  0.2396E+01   0.8090E+00  -0.8224E-02
  0.2407E+01   0.7821E-02   0.8073E+00
  0.1601E+01   0.8101E+00   0.8055E+00
  0.1595E+01   0.3533E-02   0.1596E+01
  0.2390E+01   0.8016E+00   0.1600E+01
  0.2389E+01  -0.1139E-01   0.2385E+01
  0.1599E+01   0.8042E+00   0.2406E+01
  0.1605E+01   0.1593E+01  -0.3199E+01
  0.2393E+01   0.2407E+01  -0.3205E+01
  0.2396E+01   0.1600E+01  -0.2408E+01
  0.1601E+01   0.2398E+01  -0.2395E+01
  0.1592E+01   0.1611E+01  -0.1604E+01
  0.2396E+01   0.2407E+01  -0.1610E+01
  0.2391E+01   0.1607E+01  -0.8035E+00
  0.1603E+01   0.2392E+01  -0.7904E+00
  0.1608E+01   0.1601E+01  -0.2718E-03
  0.2399E+01   0.2398E+01   0.9051E-02
  0.2394E+01   0.1600E+01   0.8081E+00
  0.1609E+01   0.2406E+01   0.7962E+00
  0.1608E+01   0.1608E+01   0.1610E+01
  0.2400E+01   0.2405E+01   0.1603E+01
  0.2393E+01   0.1613E+01   0.2391E+01
  0.1602E+01   0.2408E+01   0.2408E+01
