        time     pot_ergy     kin_ergy         v_mc        press       T_adim
  0.0000E+00  -0.4700E+01   0.1664E+01   0.2703E-16   0.9070E+00   0.1109E+01
  0.5000E-02  -0.4712E+01   0.1676E+01   0.4797E-16   0.8580E+00   0.1118E+01
  0.1000E-01  -0.4723E+01   0.1687E+01   0.2206E-16   0.8188E+00   0.1124E+01
  0.1500E-01  -0.4729E+01   0.1693E+01   0.2859E-16   0.7980E+00   0.1128E+01
  0.2000E-01  -0.4729E+01   0.1693E+01   0.1482E-16   0.7994E+00   0.1128E+01
  0.2500E-01  -0.4722E+01   0.1686E+01   0.3935E-16   0.8276E+00   0.1124E+01
  0.3000E-01  -0.4709E+01   0.1673E+01   0.3064E-16   0.8826E+00   0.1115E+01
  0.3500E-01  -0.4690E+01   0.1654E+01   0.1822E-16   0.9566E+00   0.1103E+01
  0.4000E-01  -0.4669E+01   0.1633E+01   0.3561E-16   0.1043E+01   0.1089E+01
  0.4500E-01  -0.4647E+01   0.1611E+01   0.1913E-16   0.1133E+01   0.1074E+01
  0.5000E-01  -0.4627E+01   0.1592E+01   0.3649E-16   0.1213E+01   0.1061E+01
  0.5500E-01  -0.4613E+01   0.1577E+01   0.1887E-16   0.1276E+01   0.1052E+01
  0.6000E-01  -0.4604E+01   0.1569E+01   0.2444E-16   0.1315E+01   0.1046E+01
  0.6500E-01  -0.4604E+01   0.1568E+01   0.3433E-16   0.1327E+01   0.1046E+01
  0.7000E-01  -0.4610E+01   0.1574E+01   0.9143E-17   0.1313E+01   0.1050E+01
  0.7500E-01  -0.4620E+01   0.1585E+01   0.2689E-16   0.1281E+01   0.1056E+01
  0.8000E-01  -0.4632E+01   0.1596E+01   0.3323E-16   0.1245E+01   0.1064E+01
  0.8500E-01  -0.4641E+01   0.1605E+01   0.5393E-17   0.1219E+01   0.1070E+01
  0.9000E-01  -0.4646E+01   0.1610E+01   0.4596E-16   0.1207E+01   0.1073E+01
  0.9500E-01  -0.4646E+01   0.1610E+01   0.4734E-16   0.1211E+01   0.1073E+01
  0.1000E+00  -0.4642E+01   0.1606E+01   0.1541E-16   0.1228E+01   0.1071E+01
  0.1050E+00  -0.4637E+01   0.1601E+01   0.1273E-16   0.1252E+01   0.1067E+01
  0.1100E+00  -0.4630E+01   0.1594E+01   0.2327E-16   0.1280E+01   0.1063E+01
  0.1150E+00  -0.4622E+01   0.1586E+01   0.5661E-16   0.1310E+01   0.1057E+01
  0.1200E+00  -0.4612E+01   0.1576E+01   0.2613E-16   0.1345E+01   0.1051E+01
  0.1250E+00  -0.4602E+01   0.1566E+01   0.7025E-16   0.1380E+01   0.1044E+01
  0.1300E+00  -0.4594E+01   0.1558E+01   0.9240E-16   0.1408E+01   0.1039E+01
  0.1350E+00  -0.4589E+01   0.1553E+01   0.2996E-16   0.1420E+01   0.1036E+01
  0.1400E+00  -0.4589E+01   0.1554E+01   0.5263E-16   0.1415E+01   0.1036E+01
  0.1450E+00  -0.4594E+01   0.1558E+01   0.5426E-16   0.1390E+01   0.1039E+01
  0.1500E+00  -0.4602E+01   0.1566E+01   0.5667E-16   0.1351E+01   0.1044E+01
  0.1550E+00  -0.4612E+01   0.1576E+01   0.4480E-16   0.1300E+01   0.1051E+01
  0.1600E+00  -0.4623E+01   0.1587E+01   0.4870E-16   0.1243E+01   0.1058E+01
  0.1650E+00  -0.4636E+01   0.1600E+01   0.8049E-16   0.1181E+01   0.1067E+01
  0.1700E+00  -0.4650E+01   0.1614E+01   0.2920E-16   0.1109E+01   0.1076E+01
  0.1750E+00  -0.4666E+01   0.1630E+01   0.3488E-16   0.1031E+01   0.1087E+01
  0.1800E+00  -0.4683E+01   0.1647E+01   0.4924E-16   0.9470E+00   0.1098E+01
  0.1850E+00  -0.4701E+01   0.1665E+01   0.6396E-16   0.8636E+00   0.1110E+01
  0.1900E+00  -0.4715E+01   0.1679E+01   0.4437E-16   0.7915E+00   0.1120E+01
  0.1950E+00  -0.4725E+01   0.1689E+01   0.5128E-16   0.7364E+00   0.1126E+01
  0.2000E+00  -0.4730E+01   0.1694E+01   0.2446E-16   0.7022E+00   0.1129E+01
  0.2050E+00  -0.4730E+01   0.1694E+01   0.8125E-16   0.6872E+00   0.1130E+01
  0.2100E+00  -0.4727E+01   0.1692E+01   0.7707E-16   0.6842E+00   0.1128E+01
  0.2150E+00  -0.4724E+01   0.1688E+01   0.2991E-16   0.6882E+00   0.1125E+01
  0.2200E+00  -0.4720E+01   0.1685E+01   0.6432E-16   0.6910E+00   0.1123E+01
  0.2250E+00  -0.4719E+01   0.1683E+01   0.2226E-16   0.6911E+00   0.1122E+01
  0.2300E+00  -0.4719E+01   0.1683E+01   0.9107E-17   0.6870E+00   0.1122E+01
  0.2350E+00  -0.4719E+01   0.1683E+01   0.3015E-16   0.6832E+00   0.1122E+01
  0.2400E+00  -0.4718E+01   0.1682E+01   0.4945E-16   0.6859E+00   0.1122E+01
  0.2450E+00  -0.4715E+01   0.1679E+01   0.2581E-16   0.7006E+00   0.1119E+01
  0.2500E+00  -0.4709E+01   0.1673E+01   0.2522E-16   0.7280E+00   0.1115E+01
  0.2550E+00  -0.4700E+01   0.1664E+01   0.2293E-16   0.7654E+00   0.1109E+01
  0.2600E+00  -0.4690E+01   0.1654E+01   0.3448E-16   0.8114E+00   0.1103E+01
  0.2650E+00  -0.4678E+01   0.1642E+01   0.3764E-16   0.8646E+00   0.1095E+01
  0.2700E+00  -0.4666E+01   0.1630E+01   0.4645E-16   0.9203E+00   0.1086E+01
  0.2750E+00  -0.4653E+01   0.1617E+01   0.2907E-16   0.9768E+00   0.1078E+01
  0.2800E+00  -0.4641E+01   0.1606E+01   0.1346E-16   0.1032E+01   0.1070E+01
  0.2850E+00  -0.4630E+01   0.1595E+01   0.2957E-16   0.1085E+01   0.1063E+01
  0.2900E+00  -0.4620E+01   0.1585E+01   0.4253E-16   0.1135E+01   0.1056E+01
  0.2950E+00  -0.4611E+01   0.1575E+01   0.3446E-16   0.1182E+01   0.1050E+01
  0.3000E+00  -0.4603E+01   0.1568E+01   0.1794E-16   0.1224E+01   0.1045E+01
  0.3050E+00  -0.4598E+01   0.1562E+01   0.3023E-16   0.1256E+01   0.1042E+01
  0.3100E+00  -0.4596E+01   0.1560E+01   0.3315E-16   0.1274E+01   0.1040E+01
  0.3150E+00  -0.4596E+01   0.1561E+01   0.8739E-17   0.1282E+01   0.1040E+01
  0.3200E+00  -0.4598E+01   0.1563E+01   0.2370E-16   0.1283E+01   0.1042E+01
  0.3250E+00  -0.4601E+01   0.1565E+01   0.4196E-16   0.1282E+01   0.1044E+01
  0.3300E+00  -0.4604E+01   0.1568E+01   0.2281E-16   0.1277E+01   0.1046E+01
  0.3350E+00  -0.4608E+01   0.1572E+01   0.4462E-16   0.1268E+01   0.1048E+01
  0.3400E+00  -0.4613E+01   0.1577E+01   0.2804E-16   0.1257E+01   0.1051E+01
  0.3450E+00  -0.4618E+01   0.1582E+01   0.2965E-16   0.1244E+01   0.1055E+01
  0.3500E+00  -0.4622E+01   0.1587E+01   0.2058E-16   0.1234E+01   0.1058E+01
  0.3550E+00  -0.4625E+01   0.1589E+01   0.6075E-16   0.1231E+01   0.1059E+01
  0.3600E+00  -0.4625E+01   0.1589E+01   0.2086E-16   0.1237E+01   0.1060E+01
  0.3650E+00  -0.4623E+01   0.1587E+01   0.6221E-16   0.1252E+01   0.1058E+01
  0.3700E+00  -0.4618E+01   0.1582E+01   0.4563E-16   0.1274E+01   0.1055E+01
  0.3750E+00  -0.4612E+01   0.1576E+01   0.1217E-16   0.1304E+01   0.1051E+01
  0.3800E+00  -0.4604E+01   0.1569E+01   0.4762E-16   0.1337E+01   0.1046E+01
  0.3850E+00  -0.4597E+01   0.1561E+01   0.1104E-16   0.1371E+01   0.1041E+01
  0.3900E+00  -0.4589E+01   0.1554E+01   0.2939E-16   0.1404E+01   0.1036E+01
  0.3950E+00  -0.4583E+01   0.1547E+01   0.3608E-16   0.1431E+01   0.1032E+01
  0.4000E+00  -0.4579E+01   0.1543E+01   0.3149E-16   0.1451E+01   0.1029E+01
  0.4050E+00  -0.4577E+01   0.1542E+01   0.2208E-16   0.1463E+01   0.1028E+01
  0.4100E+00  -0.4578E+01   0.1543E+01   0.4284E-16   0.1467E+01   0.1028E+01
  0.4150E+00  -0.4581E+01   0.1545E+01   0.1477E-16   0.1464E+01   0.1030E+01
  0.4200E+00  -0.4584E+01   0.1549E+01   0.4262E-16   0.1459E+01   0.1032E+01
  0.4250E+00  -0.4588E+01   0.1552E+01   0.2452E-16   0.1452E+01   0.1035E+01
  0.4300E+00  -0.4592E+01   0.1557E+01   0.1522E-16   0.1443E+01   0.1038E+01
  0.4350E+00  -0.4598E+01   0.1562E+01   0.2020E-16   0.1430E+01   0.1041E+01
  0.4400E+00  -0.4604E+01   0.1568E+01   0.2420E-16   0.1414E+01   0.1046E+01
  0.4450E+00  -0.4611E+01   0.1575E+01   0.2968E-16   0.1396E+01   0.1050E+01
  0.4500E+00  -0.4618E+01   0.1582E+01   0.1517E-16   0.1376E+01   0.1055E+01
  0.4550E+00  -0.4625E+01   0.1589E+01   0.1230E-15   0.1356E+01   0.1059E+01
  0.4600E+00  -0.4630E+01   0.1595E+01   0.9618E-16   0.1341E+01   0.1063E+01
  0.4650E+00  -0.4634E+01   0.1598E+01   0.9826E-16   0.1331E+01   0.1066E+01
  0.4700E+00  -0.4636E+01   0.1600E+01   0.2207E-16   0.1327E+01   0.1067E+01
  0.4750E+00  -0.4636E+01   0.1600E+01   0.1036E-15   0.1330E+01   0.1067E+01
  0.4800E+00  -0.4635E+01   0.1599E+01   0.3270E-16   0.1334E+01   0.1066E+01
  0.4850E+00  -0.4635E+01   0.1600E+01   0.4487E-16   0.1336E+01   0.1066E+01
  0.4900E+00  -0.4637E+01   0.1602E+01   0.1222E-15   0.1330E+01   0.1068E+01
  0.4950E+00  -0.4641E+01   0.1606E+01   0.1175E-15   0.1318E+01   0.1070E+01
  0.5000E+00  -0.4647E+01   0.1611E+01   0.4678E-16   0.1301E+01   0.1074E+01
  0.5050E+00  -0.4652E+01   0.1616E+01   0.1881E-16   0.1284E+01   0.1077E+01
  0.5100E+00  -0.4655E+01   0.1619E+01   0.4094E-16   0.1273E+01   0.1079E+01
  0.5150E+00  -0.4655E+01   0.1619E+01   0.1655E-16   0.1271E+01   0.1079E+01
  0.5200E+00  -0.4652E+01   0.1616E+01   0.6786E-16   0.1281E+01   0.1078E+01
  0.5250E+00  -0.4647E+01   0.1611E+01   0.4207E-16   0.1298E+01   0.1074E+01
  0.5300E+00  -0.4641E+01   0.1605E+01   0.4276E-16   0.1317E+01   0.1070E+01
  0.5350E+00  -0.4635E+01   0.1599E+01   0.4100E-16   0.1336E+01   0.1066E+01
  0.5400E+00  -0.4630E+01   0.1594E+01   0.2019E-16   0.1350E+01   0.1063E+01
  0.5450E+00  -0.4626E+01   0.1590E+01   0.4027E-16   0.1360E+01   0.1060E+01
  0.5500E+00  -0.4623E+01   0.1588E+01   0.6007E-16   0.1363E+01   0.1058E+01
  0.5550E+00  -0.4622E+01   0.1587E+01   0.5047E-16   0.1359E+01   0.1058E+01
  0.5600E+00  -0.4623E+01   0.1588E+01   0.2563E-16   0.1347E+01   0.1059E+01
  0.5650E+00  -0.4626E+01   0.1590E+01   0.3566E-16   0.1327E+01   0.1060E+01
  0.5700E+00  -0.4630E+01   0.1595E+01   0.1967E-16   0.1303E+01   0.1063E+01
  0.5750E+00  -0.4635E+01   0.1599E+01   0.1960E-16   0.1277E+01   0.1066E+01
  0.5800E+00  -0.4639E+01   0.1603E+01   0.2019E-16   0.1254E+01   0.1068E+01
  0.5850E+00  -0.4640E+01   0.1604E+01   0.4529E-16   0.1238E+01   0.1069E+01
  0.5900E+00  -0.4639E+01   0.1603E+01   0.1238E-15   0.1236E+01   0.1068E+01
  0.5950E+00  -0.4633E+01   0.1597E+01   0.1315E-15   0.1248E+01   0.1065E+01
  0.6000E+00  -0.4624E+01   0.1588E+01   0.5252E-16   0.1272E+01   0.1059E+01
  0.6050E+00  -0.4613E+01   0.1577E+01   0.9296E-16   0.1306E+01   0.1051E+01
  0.6100E+00  -0.4602E+01   0.1566E+01   0.5009E-16   0.1341E+01   0.1044E+01
  0.6150E+00  -0.4594E+01   0.1558E+01   0.1888E-16   0.1365E+01   0.1039E+01
  0.6200E+00  -0.4590E+01   0.1555E+01   0.1053E-15   0.1374E+01   0.1036E+01
  0.6250E+00  -0.4591E+01   0.1555E+01   0.2426E-16   0.1368E+01   0.1037E+01
  0.6300E+00  -0.4593E+01   0.1558E+01   0.4617E-16   0.1353E+01   0.1038E+01
  0.6350E+00  -0.4596E+01   0.1560E+01   0.9539E-16   0.1338E+01   0.1040E+01
  0.6400E+00  -0.4597E+01   0.1561E+01   0.8448E-16   0.1330E+01   0.1041E+01
  0.6450E+00  -0.4596E+01   0.1560E+01   0.2709E-16   0.1330E+01   0.1040E+01
  0.6500E+00  -0.4593E+01   0.1557E+01   0.1265E-15   0.1334E+01   0.1038E+01
  0.6550E+00  -0.4589E+01   0.1554E+01   0.1206E-15   0.1338E+01   0.1036E+01
  0.6600E+00  -0.4588E+01   0.1552E+01   0.2857E-16   0.1334E+01   0.1035E+01
  0.6650E+00  -0.4590E+01   0.1555E+01   0.2801E-16   0.1317E+01   0.1037E+01
  0.6700E+00  -0.4598E+01   0.1562E+01   0.5226E-16   0.1279E+01   0.1042E+01
  0.6750E+00  -0.4610E+01   0.1575E+01   0.3001E-16   0.1226E+01   0.1050E+01
  0.6800E+00  -0.4626E+01   0.1590E+01   0.4083E-16   0.1158E+01   0.1060E+01
  0.6850E+00  -0.4643E+01   0.1607E+01   0.2339E-16   0.1088E+01   0.1071E+01
  0.6900E+00  -0.4658E+01   0.1622E+01   0.8532E-16   0.1026E+01   0.1081E+01
  0.6950E+00  -0.4668E+01   0.1632E+01   0.4212E-16   0.9839E+00   0.1088E+01
  0.7000E+00  -0.4672E+01   0.1636E+01   0.1931E-16   0.9674E+00   0.1091E+01
  0.7050E+00  -0.4669E+01   0.1633E+01   0.3130E-16   0.9779E+00   0.1089E+01
  0.7100E+00  -0.4660E+01   0.1624E+01   0.1188E-16   0.1010E+01   0.1083E+01
  0.7150E+00  -0.4649E+01   0.1613E+01   0.5196E-16   0.1055E+01   0.1075E+01
  0.7200E+00  -0.4637E+01   0.1602E+01   0.1757E-16   0.1103E+01   0.1068E+01
  0.7250E+00  -0.4627E+01   0.1592E+01   0.6226E-16   0.1149E+01   0.1061E+01
  0.7300E+00  -0.4619E+01   0.1583E+01   0.6325E-16   0.1188E+01   0.1055E+01
  0.7350E+00  -0.4611E+01   0.1575E+01   0.2155E-16   0.1227E+01   0.1050E+01
  0.7400E+00  -0.4603E+01   0.1568E+01   0.5544E-16   0.1266E+01   0.1045E+01
  0.7450E+00  -0.4596E+01   0.1560E+01   0.6767E-16   0.1305E+01   0.1040E+01
  0.7500E+00  -0.4588E+01   0.1552E+01   0.4773E-16   0.1346E+01   0.1035E+01
  0.7550E+00  -0.4579E+01   0.1543E+01   0.5188E-16   0.1391E+01   0.1028E+01
  0.7600E+00  -0.4567E+01   0.1531E+01   0.2324E-16   0.1443E+01   0.1021E+01
  0.7650E+00  -0.4553E+01   0.1517E+01   0.2932E-16   0.1504E+01   0.1011E+01
  0.7700E+00  -0.4537E+01   0.1501E+01   0.2965E-16   0.1571E+01   0.1001E+01
  0.7750E+00  -0.4522E+01   0.1486E+01   0.5544E-16   0.1631E+01   0.9909E+00
  0.7800E+00  -0.4512E+01   0.1477E+01   0.2995E-16   0.1671E+01   0.9845E+00
  0.7850E+00  -0.4510E+01   0.1475E+01   0.5607E-16   0.1678E+01   0.9832E+00
  0.7900E+00  -0.4516E+01   0.1481E+01   0.5271E-16   0.1655E+01   0.9872E+00
  0.7950E+00  -0.4529E+01   0.1493E+01   0.5252E-16   0.1606E+01   0.9953E+00
  0.8000E+00  -0.4545E+01   0.1510E+01   0.1840E-16   0.1539E+01   0.1006E+01
  0.8050E+00  -0.4565E+01   0.1529E+01   0.1716E-16   0.1458E+01   0.1020E+01
  0.8100E+00  -0.4586E+01   0.1551E+01   0.3551E-16   0.1371E+01   0.1034E+01
  0.8150E+00  -0.4608E+01   0.1572E+01   0.2711E-16   0.1284E+01   0.1048E+01
  0.8200E+00  -0.4628E+01   0.1592E+01   0.8513E-16   0.1202E+01   0.1061E+01
  0.8250E+00  -0.4647E+01   0.1611E+01   0.4083E-16   0.1126E+01   0.1074E+01
  0.8300E+00  -0.4664E+01   0.1628E+01   0.5616E-16   0.1059E+01   0.1085E+01
  0.8350E+00  -0.4677E+01   0.1641E+01   0.3362E-16   0.1008E+01   0.1094E+01
  0.8400E+00  -0.4685E+01   0.1649E+01   0.4490E-16   0.9797E+00   0.1099E+01
  0.8450E+00  -0.4686E+01   0.1650E+01   0.2892E-16   0.9794E+00   0.1100E+01
  0.8500E+00  -0.4680E+01   0.1644E+01   0.4250E-16   0.1005E+01   0.1096E+01
  0.8550E+00  -0.4669E+01   0.1634E+01   0.2596E-16   0.1050E+01   0.1089E+01
  0.8600E+00  -0.4655E+01   0.1619E+01   0.6865E-16   0.1109E+01   0.1080E+01
  0.8650E+00  -0.4638E+01   0.1602E+01   0.5171E-16   0.1183E+01   0.1068E+01
  0.8700E+00  -0.4617E+01   0.1581E+01   0.2378E-16   0.1271E+01   0.1054E+01
  0.8750E+00  -0.4592E+01   0.1556E+01   0.2491E-16   0.1370E+01   0.1038E+01
  0.8800E+00  -0.4566E+01   0.1530E+01   0.4396E-16   0.1477E+01   0.1020E+01
  0.8850E+00  -0.4540E+01   0.1505E+01   0.2848E-16   0.1576E+01   0.1003E+01
  0.8900E+00  -0.4522E+01   0.1487E+01   0.5242E-16   0.1646E+01   0.9914E+00
  0.8950E+00  -0.4517E+01   0.1482E+01   0.1592E-16   0.1667E+01   0.9882E+00
  0.9000E+00  -0.4526E+01   0.1491E+01   0.2015E-16   0.1638E+01   0.9940E+00
  0.9050E+00  -0.4544E+01   0.1508E+01   0.2806E-16   0.1574E+01   0.1005E+01
  0.9100E+00  -0.4564E+01   0.1528E+01   0.3142E-16   0.1500E+01   0.1019E+01
  0.9150E+00  -0.4582E+01   0.1546E+01   0.1349E-16   0.1431E+01   0.1031E+01
  0.9200E+00  -0.4597E+01   0.1561E+01   0.2339E-16   0.1374E+01   0.1040E+01
  0.9250E+00  -0.4607E+01   0.1571E+01   0.2111E-16   0.1332E+01   0.1047E+01
  0.9300E+00  -0.4613E+01   0.1577E+01   0.3904E-16   0.1305E+01   0.1052E+01
  0.9350E+00  -0.4617E+01   0.1581E+01   0.2840E-16   0.1287E+01   0.1054E+01
  0.9400E+00  -0.4618E+01   0.1582E+01   0.1455E-16   0.1278E+01   0.1055E+01
  0.9450E+00  -0.4618E+01   0.1583E+01   0.1897E-16   0.1270E+01   0.1055E+01
  0.9500E+00  -0.4620E+01   0.1584E+01   0.2921E-16   0.1260E+01   0.1056E+01
  0.9550E+00  -0.4625E+01   0.1589E+01   0.2115E-16   0.1238E+01   0.1059E+01
  0.9600E+00  -0.4632E+01   0.1597E+01   0.2199E-16   0.1204E+01   0.1065E+01
  0.9650E+00  -0.4643E+01   0.1607E+01   0.1737E-16   0.1158E+01   0.1071E+01
  0.9700E+00  -0.4653E+01   0.1618E+01   0.2058E-16   0.1114E+01   0.1078E+01
  0.9750E+00  -0.4662E+01   0.1626E+01   0.1173E-16   0.1077E+01   0.1084E+01
  0.9800E+00  -0.4665E+01   0.1629E+01   0.1145E-16   0.1056E+01   0.1086E+01
  0.9850E+00  -0.4665E+01   0.1629E+01   0.1576E-16   0.1050E+01   0.1086E+01
  0.9900E+00  -0.4662E+01   0.1626E+01   0.1858E-16   0.1057E+01   0.1084E+01
  0.9950E+00  -0.4657E+01   0.1622E+01   0.1865E-16   0.1067E+01   0.1081E+01
  0.1000E+01  -0.4654E+01   0.1619E+01   0.2153E-16   0.1071E+01   0.1079E+01
  0.1005E+01  -0.4654E+01   0.1619E+01   0.2778E-16   0.1068E+01   0.1079E+01
  0.1010E+01  -0.4657E+01   0.1621E+01   0.1773E-16   0.1053E+01   0.1081E+01
  0.1015E+01  -0.4662E+01   0.1627E+01   0.2169E-16   0.1032E+01   0.1084E+01
  0.1020E+01  -0.4668E+01   0.1632E+01   0.4329E-16   0.1010E+01   0.1088E+01
  0.1025E+01  -0.4672E+01   0.1636E+01   0.2609E-16   0.9934E+00   0.1091E+01
  0.1030E+01  -0.4673E+01   0.1637E+01   0.5361E-16   0.9910E+00   0.1091E+01
  0.1035E+01  -0.4669E+01   0.1633E+01   0.4296E-16   0.1004E+01   0.1089E+01
  0.1040E+01  -0.4663E+01   0.1627E+01   0.2797E-16   0.1030E+01   0.1085E+01
  0.1045E+01  -0.4655E+01   0.1619E+01   0.1465E-16   0.1060E+01   0.1079E+01
  0.1050E+01  -0.4648E+01   0.1612E+01   0.3299E-16   0.1086E+01   0.1075E+01
  0.1055E+01  -0.4644E+01   0.1608E+01   0.3970E-16   0.1101E+01   0.1072E+01
  0.1060E+01  -0.4644E+01   0.1608E+01   0.2346E-16   0.1102E+01   0.1072E+01
  0.1065E+01  -0.4647E+01   0.1611E+01   0.2915E-16   0.1090E+01   0.1074E+01
  0.1070E+01  -0.4652E+01   0.1617E+01   0.2319E-16   0.1071E+01   0.1078E+01
  0.1075E+01  -0.4659E+01   0.1623E+01   0.2492E-16   0.1048E+01   0.1082E+01
  0.1080E+01  -0.4665E+01   0.1629E+01   0.3387E-16   0.1026E+01   0.1086E+01
  0.1085E+01  -0.4668E+01   0.1632E+01   0.2670E-16   0.1013E+01   0.1088E+01
  0.1090E+01  -0.4669E+01   0.1633E+01   0.2150E-16   0.1011E+01   0.1088E+01
  0.1095E+01  -0.4665E+01   0.1629E+01   0.5444E-16   0.1027E+01   0.1086E+01
  0.1100E+01  -0.4657E+01   0.1621E+01   0.4533E-16   0.1061E+01   0.1080E+01
  0.1105E+01  -0.4645E+01   0.1609E+01   0.3542E-16   0.1108E+01   0.1073E+01
  0.1110E+01  -0.4631E+01   0.1595E+01   0.1782E-16   0.1165E+01   0.1063E+01
  0.1115E+01  -0.4616E+01   0.1580E+01   0.5020E-16   0.1226E+01   0.1053E+01
  0.1120E+01  -0.4600E+01   0.1564E+01   0.2462E-16   0.1289E+01   0.1043E+01
  0.1125E+01  -0.4585E+01   0.1549E+01   0.3875E-16   0.1351E+01   0.1033E+01
  0.1130E+01  -0.4571E+01   0.1535E+01   0.2487E-16   0.1408E+01   0.1023E+01
  0.1135E+01  -0.4558E+01   0.1523E+01   0.4530E-16   0.1460E+01   0.1015E+01
  0.1140E+01  -0.4549E+01   0.1513E+01   0.3000E-16   0.1499E+01   0.1009E+01
  0.1145E+01  -0.4545E+01   0.1509E+01   0.3829E-16   0.1518E+01   0.1006E+01
  0.1150E+01  -0.4546E+01   0.1510E+01   0.2431E-16   0.1515E+01   0.1007E+01
  0.1155E+01  -0.4552E+01   0.1516E+01   0.2949E-16   0.1495E+01   0.1011E+01
  0.1160E+01  -0.4560E+01   0.1524E+01   0.2609E-16   0.1464E+01   0.1016E+01
  0.1165E+01  -0.4567E+01   0.1531E+01   0.3434E-16   0.1435E+01   0.1021E+01
  0.1170E+01  -0.4572E+01   0.1536E+01   0.5242E-17   0.1413E+01   0.1024E+01
  0.1175E+01  -0.4575E+01   0.1539E+01   0.2241E-16   0.1399E+01   0.1026E+01
  0.1180E+01  -0.4575E+01   0.1539E+01   0.2749E-16   0.1391E+01   0.1026E+01
  0.1185E+01  -0.4575E+01   0.1539E+01   0.3303E-16   0.1386E+01   0.1026E+01
  0.1190E+01  -0.4576E+01   0.1540E+01   0.4476E-16   0.1376E+01   0.1027E+01
  0.1195E+01  -0.4578E+01   0.1543E+01   0.3122E-16   0.1359E+01   0.1028E+01
  0.1200E+01  -0.4584E+01   0.1548E+01   0.2891E-16   0.1329E+01   0.1032E+01
  0.1205E+01  -0.4593E+01   0.1557E+01   0.3765E-16   0.1289E+01   0.1038E+01
  0.1210E+01  -0.4604E+01   0.1569E+01   0.5625E-16   0.1240E+01   0.1046E+01
  0.1215E+01  -0.4617E+01   0.1582E+01   0.1773E-16   0.1184E+01   0.1055E+01
  0.1220E+01  -0.4632E+01   0.1597E+01   0.5687E-16   0.1124E+01   0.1064E+01
  0.1225E+01  -0.4649E+01   0.1613E+01   0.3534E-16   0.1058E+01   0.1075E+01
  0.1230E+01  -0.4667E+01   0.1631E+01   0.4369E-16   0.9895E+00   0.1087E+01
  0.1235E+01  -0.4685E+01   0.1649E+01   0.6755E-16   0.9226E+00   0.1099E+01
  0.1240E+01  -0.4700E+01   0.1664E+01   0.8452E-16   0.8649E+00   0.1110E+01
  0.1245E+01  -0.4711E+01   0.1675E+01   0.2365E-16   0.8284E+00   0.1117E+01
  0.1250E+01  -0.4716E+01   0.1679E+01   0.3034E-16   0.8174E+00   0.1120E+01
  0.1255E+01  -0.4713E+01   0.1677E+01   0.3301E-16   0.8330E+00   0.1118E+01
  0.1260E+01  -0.4704E+01   0.1669E+01   0.2855E-16   0.8716E+00   0.1112E+01
  0.1265E+01  -0.4692E+01   0.1656E+01   0.3777E-16   0.9241E+00   0.1104E+01
  0.1270E+01  -0.4678E+01   0.1643E+01   0.3794E-16   0.9818E+00   0.1095E+01
  0.1275E+01  -0.4665E+01   0.1630E+01   0.2096E-16   0.1038E+01   0.1086E+01
  0.1280E+01  -0.4653E+01   0.1618E+01   0.3300E-16   0.1091E+01   0.1078E+01
  0.1285E+01  -0.4642E+01   0.1606E+01   0.3013E-16   0.1142E+01   0.1071E+01
  0.1290E+01  -0.4630E+01   0.1594E+01   0.7448E-16   0.1193E+01   0.1063E+01
  0.1295E+01  -0.4617E+01   0.1581E+01   0.6114E-16   0.1247E+01   0.1054E+01
  0.1300E+01  -0.4602E+01   0.1566E+01   0.1727E-16   0.1309E+01   0.1044E+01
  0.1305E+01  -0.4584E+01   0.1549E+01   0.5019E-16   0.1377E+01   0.1032E+01
  0.1310E+01  -0.4566E+01   0.1530E+01   0.2414E-16   0.1448E+01   0.1020E+01
  0.1315E+01  -0.4546E+01   0.1511E+01   0.1436E-16   0.1518E+01   0.1007E+01
  0.1320E+01  -0.4528E+01   0.1493E+01   0.3063E-16   0.1579E+01   0.9952E+00
  0.1325E+01  -0.4514E+01   0.1479E+01   0.1548E-16   0.1626E+01   0.9858E+00
  0.1330E+01  -0.4506E+01   0.1471E+01   0.4650E-16   0.1646E+01   0.9806E+00
  0.1335E+01  -0.4507E+01   0.1472E+01   0.1585E-16   0.1633E+01   0.9810E+00
  0.1340E+01  -0.4517E+01   0.1481E+01   0.2728E-16   0.1584E+01   0.9875E+00
  0.1345E+01  -0.4534E+01   0.1499E+01   0.3263E-16   0.1504E+01   0.9994E+00
  0.1350E+01  -0.4558E+01   0.1522E+01   0.5596E-16   0.1404E+01   0.1015E+01
  0.1355E+01  -0.4582E+01   0.1547E+01   0.4213E-16   0.1297E+01   0.1031E+01
  0.1360E+01  -0.4605E+01   0.1569E+01   0.2780E-16   0.1200E+01   0.1046E+01
  0.1365E+01  -0.4622E+01   0.1586E+01   0.3147E-16   0.1124E+01   0.1057E+01
  0.1370E+01  -0.4631E+01   0.1595E+01   0.2480E-16   0.1076E+01   0.1063E+01
  0.1375E+01  -0.4633E+01   0.1597E+01   0.3896E-16   0.1057E+01   0.1065E+01
  0.1380E+01  -0.4629E+01   0.1593E+01   0.8412E-17   0.1063E+01   0.1062E+01
  0.1385E+01  -0.4621E+01   0.1586E+01   0.5580E-16   0.1085E+01   0.1057E+01
  0.1390E+01  -0.4612E+01   0.1577E+01   0.2404E-16   0.1114E+01   0.1051E+01
  0.1395E+01  -0.4604E+01   0.1568E+01   0.4196E-16   0.1140E+01   0.1046E+01
  0.1400E+01  -0.4597E+01   0.1562E+01   0.2619E-16   0.1162E+01   0.1041E+01
  0.1405E+01  -0.4592E+01   0.1557E+01   0.1593E-16   0.1177E+01   0.1038E+01
  0.1410E+01  -0.4589E+01   0.1554E+01   0.2807E-16   0.1184E+01   0.1036E+01
  0.1415E+01  -0.4589E+01   0.1553E+01   0.2131E-16   0.1184E+01   0.1036E+01
  0.1420E+01  -0.4591E+01   0.1555E+01   0.1881E-16   0.1172E+01   0.1037E+01
  0.1425E+01  -0.4597E+01   0.1561E+01   0.1272E-16   0.1147E+01   0.1041E+01
  0.1430E+01  -0.4606E+01   0.1570E+01   0.2511E-16   0.1107E+01   0.1047E+01
  0.1435E+01  -0.4619E+01   0.1584E+01   0.3300E-16   0.1053E+01   0.1056E+01
  0.1440E+01  -0.4636E+01   0.1600E+01   0.3193E-16   0.9853E+00   0.1067E+01
  0.1445E+01  -0.4654E+01   0.1618E+01   0.4719E-16   0.9113E+00   0.1079E+01
  0.1450E+01  -0.4672E+01   0.1637E+01   0.5298E-16   0.8389E+00   0.1091E+01
  0.1455E+01  -0.4689E+01   0.1653E+01   0.2622E-16   0.7740E+00   0.1102E+01
  0.1460E+01  -0.4702E+01   0.1666E+01   0.2500E-16   0.7225E+00   0.1111E+01
  0.1465E+01  -0.4711E+01   0.1675E+01   0.2395E-16   0.6892E+00   0.1117E+01
  0.1470E+01  -0.4715E+01   0.1679E+01   0.4946E-16   0.6747E+00   0.1120E+01
  0.1475E+01  -0.4715E+01   0.1679E+01   0.3618E-16   0.6807E+00   0.1119E+01
  0.1480E+01  -0.4711E+01   0.1675E+01   0.6446E-16   0.7046E+00   0.1116E+01
  0.1485E+01  -0.4702E+01   0.1666E+01   0.5309E-16   0.7451E+00   0.1111E+01
  0.1490E+01  -0.4690E+01   0.1654E+01   0.1273E-16   0.8011E+00   0.1103E+01
  0.1495E+01  -0.4676E+01   0.1640E+01   0.4819E-16   0.8667E+00   0.1094E+01
  0.1500E+01  -0.4662E+01   0.1626E+01   0.9679E-17   0.9363E+00   0.1084E+01
  0.1505E+01  -0.4649E+01   0.1613E+01   0.3197E-16   0.1001E+01   0.1075E+01
  0.1510E+01  -0.4638E+01   0.1603E+01   0.4068E-16   0.1057E+01   0.1068E+01
  0.1515E+01  -0.4631E+01   0.1595E+01   0.3044E-16   0.1103E+01   0.1064E+01
  0.1520E+01  -0.4626E+01   0.1590E+01   0.4168E-16   0.1140E+01   0.1060E+01
  0.1525E+01  -0.4622E+01   0.1587E+01   0.1139E-16   0.1170E+01   0.1058E+01
  0.1530E+01  -0.4619E+01   0.1583E+01   0.2005E-16   0.1198E+01   0.1056E+01
  0.1535E+01  -0.4616E+01   0.1580E+01   0.4140E-16   0.1228E+01   0.1053E+01
  0.1540E+01  -0.4612E+01   0.1577E+01   0.1066E-16   0.1258E+01   0.1051E+01
  0.1545E+01  -0.4608E+01   0.1572E+01   0.1362E-16   0.1291E+01   0.1048E+01
  0.1550E+01  -0.4603E+01   0.1567E+01   0.2433E-16   0.1327E+01   0.1045E+01
  0.1555E+01  -0.4596E+01   0.1560E+01   0.3268E-16   0.1369E+01   0.1040E+01
  0.1560E+01  -0.4588E+01   0.1552E+01   0.2214E-16   0.1417E+01   0.1034E+01
  0.1565E+01  -0.4577E+01   0.1541E+01   0.1285E-16   0.1471E+01   0.1028E+01
  0.1570E+01  -0.4565E+01   0.1529E+01   0.1058E-16   0.1533E+01   0.1019E+01
  0.1575E+01  -0.4551E+01   0.1516E+01   0.2443E-16   0.1600E+01   0.1010E+01
  0.1580E+01  -0.4538E+01   0.1502E+01   0.4475E-16   0.1666E+01   0.1001E+01
  0.1585E+01  -0.4526E+01   0.1491E+01   0.3125E-16   0.1721E+01   0.9938E+00
  0.1590E+01  -0.4520E+01   0.1485E+01   0.3157E-16   0.1753E+01   0.9901E+00
  0.1595E+01  -0.4523E+01   0.1487E+01   0.2262E-16   0.1754E+01   0.9916E+00
  0.1600E+01  -0.4534E+01   0.1498E+01   0.3808E-16   0.1721E+01   0.9989E+00
  0.1605E+01  -0.4552E+01   0.1516E+01   0.3930E-16   0.1661E+01   0.1011E+01
  0.1610E+01  -0.4573E+01   0.1537E+01   0.1073E-16   0.1587E+01   0.1025E+01
  0.1615E+01  -0.4593E+01   0.1557E+01   0.1379E-16   0.1515E+01   0.1038E+01
  0.1620E+01  -0.4609E+01   0.1573E+01   0.3077E-16   0.1456E+01   0.1049E+01
  0.1625E+01  -0.4620E+01   0.1584E+01   0.4938E-16   0.1415E+01   0.1056E+01
  0.1630E+01  -0.4626E+01   0.1590E+01   0.5927E-16   0.1390E+01   0.1060E+01
  0.1635E+01  -0.4630E+01   0.1594E+01   0.2657E-16   0.1373E+01   0.1063E+01
  0.1640E+01  -0.4633E+01   0.1597E+01   0.1381E-16   0.1361E+01   0.1065E+01
  0.1645E+01  -0.4635E+01   0.1599E+01   0.2284E-16   0.1350E+01   0.1066E+01
  0.1650E+01  -0.4637E+01   0.1601E+01   0.4883E-16   0.1342E+01   0.1067E+01
  0.1655E+01  -0.4637E+01   0.1601E+01   0.2295E-16   0.1337E+01   0.1068E+01
  0.1660E+01  -0.4636E+01   0.1600E+01   0.2290E-16   0.1339E+01   0.1067E+01
  0.1665E+01  -0.4633E+01   0.1597E+01   0.1737E-16   0.1348E+01   0.1065E+01
  0.1670E+01  -0.4630E+01   0.1594E+01   0.2386E-16   0.1358E+01   0.1062E+01
  0.1675E+01  -0.4626E+01   0.1591E+01   0.2788E-16   0.1369E+01   0.1060E+01
  0.1680E+01  -0.4625E+01   0.1589E+01   0.2459E-16   0.1372E+01   0.1059E+01
  0.1685E+01  -0.4626E+01   0.1590E+01   0.2650E-16   0.1368E+01   0.1060E+01
  0.1690E+01  -0.4628E+01   0.1592E+01   0.4047E-16   0.1358E+01   0.1062E+01
  0.1695E+01  -0.4631E+01   0.1595E+01   0.2246E-16   0.1346E+01   0.1064E+01
  0.1700E+01  -0.4634E+01   0.1598E+01   0.8884E-16   0.1338E+01   0.1065E+01
  0.1705E+01  -0.4633E+01   0.1597E+01   0.6652E-16   0.1340E+01   0.1065E+01
  0.1710E+01  -0.4630E+01   0.1594E+01   0.3430E-16   0.1354E+01   0.1063E+01
  0.1715E+01  -0.4624E+01   0.1588E+01   0.3651E-16   0.1378E+01   0.1058E+01
  0.1720E+01  -0.4616E+01   0.1580E+01   0.9025E-16   0.1408E+01   0.1053E+01
  0.1725E+01  -0.4607E+01   0.1572E+01   0.6143E-16   0.1439E+01   0.1048E+01
  0.1730E+01  -0.4600E+01   0.1565E+01   0.2216E-16   0.1466E+01   0.1043E+01
  0.1735E+01  -0.4595E+01   0.1559E+01   0.2154E-16   0.1488E+01   0.1039E+01
  0.1740E+01  -0.4591E+01   0.1555E+01   0.2277E-16   0.1502E+01   0.1037E+01
  0.1745E+01  -0.4589E+01   0.1553E+01   0.3797E-16   0.1509E+01   0.1036E+01
  0.1750E+01  -0.4589E+01   0.1553E+01   0.3389E-16   0.1511E+01   0.1035E+01
  0.1755E+01  -0.4590E+01   0.1554E+01   0.3241E-16   0.1506E+01   0.1036E+01
  0.1760E+01  -0.4591E+01   0.1556E+01   0.2313E-16   0.1499E+01   0.1037E+01
  0.1765E+01  -0.4593E+01   0.1558E+01   0.2491E-17   0.1491E+01   0.1038E+01
  0.1770E+01  -0.4596E+01   0.1560E+01   0.5861E-16   0.1482E+01   0.1040E+01
  0.1775E+01  -0.4599E+01   0.1564E+01   0.3013E-16   0.1468E+01   0.1042E+01
  0.1780E+01  -0.4604E+01   0.1568E+01   0.9015E-16   0.1450E+01   0.1045E+01
  0.1785E+01  -0.4610E+01   0.1574E+01   0.1803E-16   0.1427E+01   0.1049E+01
  0.1790E+01  -0.4617E+01   0.1581E+01   0.6295E-16   0.1403E+01   0.1054E+01
  0.1795E+01  -0.4624E+01   0.1588E+01   0.4319E-16   0.1377E+01   0.1059E+01
  0.1800E+01  -0.4630E+01   0.1594E+01   0.9009E-16   0.1358E+01   0.1063E+01
  0.1805E+01  -0.4632E+01   0.1596E+01   0.2650E-16   0.1350E+01   0.1064E+01
  0.1810E+01  -0.4631E+01   0.1595E+01   0.6925E-16   0.1359E+01   0.1063E+01
  0.1815E+01  -0.4626E+01   0.1590E+01   0.8632E-16   0.1380E+01   0.1060E+01
  0.1820E+01  -0.4617E+01   0.1582E+01   0.3114E-16   0.1413E+01   0.1054E+01
  0.1825E+01  -0.4609E+01   0.1573E+01   0.3037E-16   0.1446E+01   0.1049E+01
  0.1830E+01  -0.4601E+01   0.1566E+01   0.1468E-16   0.1473E+01   0.1044E+01
  0.1835E+01  -0.4597E+01   0.1561E+01   0.5970E-16   0.1487E+01   0.1041E+01
  0.1840E+01  -0.4596E+01   0.1561E+01   0.2148E-16   0.1487E+01   0.1041E+01
  0.1845E+01  -0.4599E+01   0.1564E+01   0.3659E-16   0.1472E+01   0.1042E+01
  0.1850E+01  -0.4605E+01   0.1569E+01   0.8230E-16   0.1445E+01   0.1046E+01
  0.1855E+01  -0.4611E+01   0.1575E+01   0.2513E-16   0.1414E+01   0.1050E+01
  0.1860E+01  -0.4616E+01   0.1580E+01   0.5140E-16   0.1384E+01   0.1054E+01
  0.1865E+01  -0.4620E+01   0.1584E+01   0.8228E-16   0.1359E+01   0.1056E+01
  0.1870E+01  -0.4622E+01   0.1587E+01   0.4438E-16   0.1337E+01   0.1058E+01
  0.1875E+01  -0.4624E+01   0.1589E+01   0.5859E-16   0.1316E+01   0.1059E+01
  0.1880E+01  -0.4627E+01   0.1591E+01   0.4878E-16   0.1292E+01   0.1061E+01
  0.1885E+01  -0.4630E+01   0.1594E+01   0.8609E-16   0.1266E+01   0.1063E+01
  0.1890E+01  -0.4633E+01   0.1598E+01   0.4891E-16   0.1240E+01   0.1065E+01
  0.1895E+01  -0.4636E+01   0.1600E+01   0.5347E-16   0.1217E+01   0.1066E+01
  0.1900E+01  -0.4635E+01   0.1599E+01   0.2519E-16   0.1204E+01   0.1066E+01
  0.1905E+01  -0.4633E+01   0.1597E+01   0.2570E-16   0.1200E+01   0.1064E+01
  0.1910E+01  -0.4628E+01   0.1593E+01   0.2655E-16   0.1200E+01   0.1062E+01
  0.1915E+01  -0.4625E+01   0.1589E+01   0.3204E-16   0.1197E+01   0.1060E+01
  0.1920E+01  -0.4624E+01   0.1589E+01   0.2163E-16   0.1186E+01   0.1059E+01
  0.1925E+01  -0.4627E+01   0.1591E+01   0.1898E-16   0.1161E+01   0.1061E+01
  0.1930E+01  -0.4633E+01   0.1597E+01   0.2315E-16   0.1126E+01   0.1065E+01
  0.1935E+01  -0.4640E+01   0.1604E+01   0.1125E-16   0.1087E+01   0.1069E+01
  0.1940E+01  -0.4646E+01   0.1610E+01   0.3568E-16   0.1054E+01   0.1073E+01
  0.1945E+01  -0.4649E+01   0.1613E+01   0.3550E-16   0.1036E+01   0.1075E+01
  0.1950E+01  -0.4646E+01   0.1610E+01   0.4061E-16   0.1039E+01   0.1073E+01
  0.1955E+01  -0.4639E+01   0.1603E+01   0.2250E-16   0.1061E+01   0.1068E+01
  0.1960E+01  -0.4628E+01   0.1592E+01   0.4789E-16   0.1094E+01   0.1061E+01
  0.1965E+01  -0.4617E+01   0.1581E+01   0.3000E-16   0.1130E+01   0.1054E+01
  0.1970E+01  -0.4609E+01   0.1573E+01   0.4546E-16   0.1156E+01   0.1049E+01
  0.1975E+01  -0.4606E+01   0.1570E+01   0.2498E-16   0.1163E+01   0.1047E+01
  0.1980E+01  -0.4609E+01   0.1573E+01   0.4243E-16   0.1149E+01   0.1049E+01
  0.1985E+01  -0.4617E+01   0.1581E+01   0.1089E-16   0.1115E+01   0.1054E+01
  0.1990E+01  -0.4629E+01   0.1593E+01   0.1937E-16   0.1066E+01   0.1062E+01
  0.1995E+01  -0.4644E+01   0.1608E+01   0.5204E-16   0.1008E+01   0.1072E+01
  0.2000E+01  -0.4660E+01   0.1624E+01   0.3697E-16   0.9439E+00   0.1083E+01
  0.2005E+01  -0.4676E+01   0.1640E+01   0.4537E-16   0.8829E+00   0.1093E+01
  0.2010E+01  -0.4690E+01   0.1654E+01   0.2827E-16   0.8305E+00   0.1102E+01
  0.2015E+01  -0.4701E+01   0.1665E+01   0.5082E-16   0.7898E+00   0.1110E+01
  0.2020E+01  -0.4708E+01   0.1672E+01   0.2315E-16   0.7635E+00   0.1115E+01
  0.2025E+01  -0.4712E+01   0.1676E+01   0.4274E-16   0.7534E+00   0.1117E+01
  0.2030E+01  -0.4712E+01   0.1676E+01   0.6476E-16   0.7594E+00   0.1117E+01
  0.2035E+01  -0.4708E+01   0.1672E+01   0.3834E-16   0.7814E+00   0.1115E+01
  0.2040E+01  -0.4700E+01   0.1665E+01   0.9154E-17   0.8151E+00   0.1110E+01
  0.2045E+01  -0.4691E+01   0.1655E+01   0.2637E-16   0.8570E+00   0.1103E+01
  0.2050E+01  -0.4680E+01   0.1644E+01   0.7315E-17   0.9040E+00   0.1096E+01
  0.2055E+01  -0.4669E+01   0.1633E+01   0.1050E-16   0.9504E+00   0.1089E+01
  0.2060E+01  -0.4658E+01   0.1622E+01   0.4122E-16   0.9958E+00   0.1081E+01
  0.2065E+01  -0.4647E+01   0.1611E+01   0.1615E-16   0.1041E+01   0.1074E+01
  0.2070E+01  -0.4636E+01   0.1601E+01   0.1612E-16   0.1081E+01   0.1067E+01
  0.2075E+01  -0.4628E+01   0.1593E+01   0.2667E-16   0.1111E+01   0.1062E+01
  0.2080E+01  -0.4624E+01   0.1588E+01   0.1881E-16   0.1126E+01   0.1059E+01
  0.2085E+01  -0.4624E+01   0.1589E+01   0.3247E-16   0.1124E+01   0.1059E+01
  0.2090E+01  -0.4630E+01   0.1594E+01   0.4670E-16   0.1103E+01   0.1063E+01
  0.2095E+01  -0.4638E+01   0.1603E+01   0.2111E-16   0.1069E+01   0.1068E+01
  0.2100E+01  -0.4649E+01   0.1613E+01   0.1490E-16   0.1029E+01   0.1076E+01
  0.2105E+01  -0.4661E+01   0.1625E+01   0.1790E-16   0.9892E+00   0.1083E+01
  0.2110E+01  -0.4671E+01   0.1635E+01   0.1564E-16   0.9537E+00   0.1090E+01
  0.2115E+01  -0.4678E+01   0.1642E+01   0.3477E-16   0.9334E+00   0.1095E+01
  0.2120E+01  -0.4680E+01   0.1644E+01   0.2701E-16   0.9328E+00   0.1096E+01
  0.2125E+01  -0.4676E+01   0.1640E+01   0.1772E-16   0.9576E+00   0.1093E+01
  0.2130E+01  -0.4666E+01   0.1630E+01   0.2125E-16   0.1009E+01   0.1086E+01
  0.2135E+01  -0.4649E+01   0.1613E+01   0.1583E-16   0.1084E+01   0.1075E+01
  0.2140E+01  -0.4629E+01   0.1593E+01   0.2405E-16   0.1171E+01   0.1062E+01
  0.2145E+01  -0.4610E+01   0.1574E+01   0.3936E-16   0.1255E+01   0.1049E+01
  0.2150E+01  -0.4594E+01   0.1559E+01   0.4755E-16   0.1322E+01   0.1039E+01
  0.2155E+01  -0.4587E+01   0.1551E+01   0.1775E-16   0.1361E+01   0.1034E+01
  0.2160E+01  -0.4588E+01   0.1552E+01   0.3781E-16   0.1363E+01   0.1035E+01
  0.2165E+01  -0.4597E+01   0.1561E+01   0.2312E-16   0.1335E+01   0.1041E+01
  0.2170E+01  -0.4611E+01   0.1576E+01   0.2570E-16   0.1284E+01   0.1050E+01
  0.2175E+01  -0.4628E+01   0.1593E+01   0.2477E-16   0.1225E+01   0.1062E+01
  0.2180E+01  -0.4645E+01   0.1609E+01   0.3160E-16   0.1162E+01   0.1073E+01
  0.2185E+01  -0.4660E+01   0.1624E+01   0.6241E-16   0.1108E+01   0.1082E+01
  0.2190E+01  -0.4671E+01   0.1635E+01   0.2928E-16   0.1069E+01   0.1090E+01
  0.2195E+01  -0.4677E+01   0.1641E+01   0.1789E-16   0.1045E+01   0.1094E+01
  0.2200E+01  -0.4680E+01   0.1644E+01   0.3166E-16   0.1039E+01   0.1096E+01
  0.2205E+01  -0.4677E+01   0.1641E+01   0.2264E-16   0.1050E+01   0.1094E+01
  0.2210E+01  -0.4671E+01   0.1635E+01   0.6339E-16   0.1075E+01   0.1090E+01
  0.2215E+01  -0.4662E+01   0.1626E+01   0.3222E-16   0.1112E+01   0.1084E+01
  0.2220E+01  -0.4651E+01   0.1615E+01   0.6850E-16   0.1156E+01   0.1077E+01
  0.2225E+01  -0.4639E+01   0.1603E+01   0.4531E-16   0.1204E+01   0.1069E+01
  0.2230E+01  -0.4629E+01   0.1594E+01   0.8071E-17   0.1244E+01   0.1062E+01
  0.2235E+01  -0.4623E+01   0.1587E+01   0.4196E-16   0.1270E+01   0.1058E+01
  0.2240E+01  -0.4622E+01   0.1586E+01   0.1789E-16   0.1275E+01   0.1057E+01
  0.2245E+01  -0.4625E+01   0.1590E+01   0.5000E-16   0.1260E+01   0.1060E+01
  0.2250E+01  -0.4633E+01   0.1597E+01   0.2241E-16   0.1232E+01   0.1065E+01
  0.2255E+01  -0.4643E+01   0.1607E+01   0.1191E-15   0.1192E+01   0.1071E+01
  0.2260E+01  -0.4654E+01   0.1618E+01   0.6244E-16   0.1147E+01   0.1079E+01
  0.2265E+01  -0.4666E+01   0.1630E+01   0.3285E-16   0.1096E+01   0.1087E+01
  0.2270E+01  -0.4678E+01   0.1643E+01   0.1859E-16   0.1047E+01   0.1095E+01
  0.2275E+01  -0.4690E+01   0.1654E+01   0.4530E-16   0.1001E+01   0.1103E+01
  0.2280E+01  -0.4699E+01   0.1663E+01   0.8252E-16   0.9632E+00   0.1109E+01
  0.2285E+01  -0.4706E+01   0.1670E+01   0.2449E-16   0.9361E+00   0.1113E+01
  0.2290E+01  -0.4709E+01   0.1673E+01   0.4276E-16   0.9221E+00   0.1115E+01
  0.2295E+01  -0.4707E+01   0.1670E+01   0.7365E-16   0.9292E+00   0.1114E+01
  0.2300E+01  -0.4698E+01   0.1662E+01   0.2319E-16   0.9593E+00   0.1108E+01
  0.2305E+01  -0.4684E+01   0.1648E+01   0.6854E-16   0.1012E+01   0.1098E+01
  0.2310E+01  -0.4664E+01   0.1629E+01   0.4858E-16   0.1083E+01   0.1086E+01
  0.2315E+01  -0.4644E+01   0.1608E+01   0.2284E-16   0.1159E+01   0.1072E+01
  0.2320E+01  -0.4624E+01   0.1589E+01   0.2969E-16   0.1229E+01   0.1059E+01
  0.2325E+01  -0.4611E+01   0.1575E+01   0.4699E-16   0.1278E+01   0.1050E+01
  0.2330E+01  -0.4605E+01   0.1570E+01   0.2186E-16   0.1297E+01   0.1047E+01
  0.2335E+01  -0.4608E+01   0.1572E+01   0.2023E-16   0.1284E+01   0.1048E+01
  0.2340E+01  -0.4617E+01   0.1581E+01   0.4413E-16   0.1249E+01   0.1054E+01
  0.2345E+01  -0.4628E+01   0.1592E+01   0.1322E-16   0.1205E+01   0.1061E+01
  0.2350E+01  -0.4638E+01   0.1602E+01   0.2437E-16   0.1163E+01   0.1068E+01
  0.2355E+01  -0.4647E+01   0.1611E+01   0.4469E-16   0.1129E+01   0.1074E+01
  0.2360E+01  -0.4652E+01   0.1617E+01   0.3260E-16   0.1105E+01   0.1078E+01
  0.2365E+01  -0.4656E+01   0.1620E+01   0.3744E-16   0.1089E+01   0.1080E+01
  0.2370E+01  -0.4658E+01   0.1622E+01   0.3099E-16   0.1081E+01   0.1081E+01
  0.2375E+01  -0.4658E+01   0.1622E+01   0.4436E-16   0.1084E+01   0.1081E+01
  0.2380E+01  -0.4655E+01   0.1619E+01   0.3059E-16   0.1097E+01   0.1079E+01
  0.2385E+01  -0.4649E+01   0.1613E+01   0.4816E-16   0.1123E+01   0.1075E+01
  0.2390E+01  -0.4640E+01   0.1604E+01   0.2724E-16   0.1163E+01   0.1069E+01
  0.2395E+01  -0.4627E+01   0.1591E+01   0.3429E-16   0.1216E+01   0.1061E+01
  0.2400E+01  -0.4613E+01   0.1577E+01   0.2034E-16   0.1277E+01   0.1051E+01
  0.2405E+01  -0.4598E+01   0.1562E+01   0.4634E-16   0.1338E+01   0.1041E+01
  0.2410E+01  -0.4586E+01   0.1550E+01   0.2808E-16   0.1390E+01   0.1034E+01
  0.2415E+01  -0.4579E+01   0.1543E+01   0.1818E-16   0.1424E+01   0.1029E+01
  0.2420E+01  -0.4577E+01   0.1541E+01   0.3016E-16   0.1438E+01   0.1028E+01
  0.2425E+01  -0.4580E+01   0.1544E+01   0.2095E-16   0.1434E+01   0.1029E+01
  0.2430E+01  -0.4585E+01   0.1549E+01   0.5692E-16   0.1422E+01   0.1033E+01
  0.2435E+01  -0.4590E+01   0.1554E+01   0.8962E-16   0.1407E+01   0.1036E+01
  0.2440E+01  -0.4594E+01   0.1558E+01   0.3177E-16   0.1400E+01   0.1038E+01
  0.2445E+01  -0.4594E+01   0.1558E+01   0.2986E-16   0.1401E+01   0.1039E+01
  0.2450E+01  -0.4592E+01   0.1556E+01   0.3623E-16   0.1414E+01   0.1037E+01
  0.2455E+01  -0.4587E+01   0.1551E+01   0.7512E-17   0.1433E+01   0.1034E+01
  0.2460E+01  -0.4583E+01   0.1547E+01   0.3388E-16   0.1450E+01   0.1031E+01
  0.2465E+01  -0.4581E+01   0.1546E+01   0.6777E-16   0.1456E+01   0.1030E+01
  0.2470E+01  -0.4585E+01   0.1549E+01   0.3464E-16   0.1443E+01   0.1033E+01
  0.2475E+01  -0.4594E+01   0.1559E+01   0.2450E-16   0.1410E+01   0.1039E+01
  0.2480E+01  -0.4607E+01   0.1572E+01   0.2335E-16   0.1364E+01   0.1048E+01
  0.2485E+01  -0.4621E+01   0.1585E+01   0.4198E-16   0.1318E+01   0.1056E+01
  0.2490E+01  -0.4631E+01   0.1595E+01   0.9392E-17   0.1282E+01   0.1063E+01
  0.2495E+01  -0.4636E+01   0.1600E+01   0.1513E-16   0.1268E+01   0.1066E+01
  0.2500E+01  -0.4634E+01   0.1598E+01   0.4426E-16   0.1277E+01   0.1065E+01
  0.2505E+01  -0.4626E+01   0.1590E+01   0.2196E-16   0.1312E+01   0.1060E+01
  0.2510E+01  -0.4611E+01   0.1575E+01   0.3854E-16   0.1373E+01   0.1050E+01
  0.2515E+01  -0.4590E+01   0.1554E+01   0.3430E-16   0.1457E+01   0.1036E+01
  0.2520E+01  -0.4563E+01   0.1527E+01   0.4353E-16   0.1559E+01   0.1018E+01
  0.2525E+01  -0.4535E+01   0.1499E+01   0.4220E-16   0.1666E+01   0.9994E+00
  0.2530E+01  -0.4509E+01   0.1473E+01   0.1027E-16   0.1763E+01   0.9822E+00
  0.2535E+01  -0.4490E+01   0.1455E+01   0.4137E-16   0.1829E+01   0.9701E+00
  0.2540E+01  -0.4484E+01   0.1449E+01   0.1364E-16   0.1846E+01   0.9660E+00
  0.2545E+01  -0.4492E+01   0.1457E+01   0.7034E-17   0.1807E+01   0.9714E+00
  0.2550E+01  -0.4513E+01   0.1478E+01   0.2521E-16   0.1719E+01   0.9852E+00
  0.2555E+01  -0.4543E+01   0.1508E+01   0.5682E-16   0.1594E+01   0.1005E+01
  0.2560E+01  -0.4578E+01   0.1542E+01   0.2667E-16   0.1452E+01   0.1028E+01
  0.2565E+01  -0.4612E+01   0.1576E+01   0.2035E-16   0.1307E+01   0.1051E+01
  0.2570E+01  -0.4644E+01   0.1608E+01   0.1552E-16   0.1172E+01   0.1072E+01
  0.2575E+01  -0.4670E+01   0.1634E+01   0.1386E-16   0.1057E+01   0.1089E+01
  0.2580E+01  -0.4690E+01   0.1654E+01   0.2543E-16   0.9678E+00   0.1102E+01
  0.2585E+01  -0.4702E+01   0.1666E+01   0.2380E-16   0.9080E+00   0.1111E+01
  0.2590E+01  -0.4707E+01   0.1671E+01   0.2902E-16   0.8790E+00   0.1114E+01
  0.2595E+01  -0.4705E+01   0.1669E+01   0.2798E-16   0.8771E+00   0.1113E+01
  0.2600E+01  -0.4698E+01   0.1663E+01   0.3629E-16   0.8941E+00   0.1108E+01
  0.2605E+01  -0.4689E+01   0.1654E+01   0.2410E-16   0.9218E+00   0.1102E+01
  0.2610E+01  -0.4681E+01   0.1645E+01   0.1915E-16   0.9490E+00   0.1097E+01
  0.2615E+01  -0.4675E+01   0.1640E+01   0.5373E-16   0.9696E+00   0.1093E+01
  0.2620E+01  -0.4673E+01   0.1637E+01   0.4058E-16   0.9774E+00   0.1092E+01
  0.2625E+01  -0.4674E+01   0.1638E+01   0.4677E-16   0.9746E+00   0.1092E+01
  0.2630E+01  -0.4676E+01   0.1640E+01   0.3298E-16   0.9698E+00   0.1093E+01
  0.2635E+01  -0.4676E+01   0.1640E+01   0.3707E-16   0.9687E+00   0.1094E+01
  0.2640E+01  -0.4675E+01   0.1639E+01   0.2864E-16   0.9766E+00   0.1093E+01
  0.2645E+01  -0.4671E+01   0.1635E+01   0.1769E-16   0.9951E+00   0.1090E+01
  0.2650E+01  -0.4665E+01   0.1629E+01   0.2623E-16   0.1019E+01   0.1086E+01
  0.2655E+01  -0.4660E+01   0.1624E+01   0.1379E-16   0.1044E+01   0.1083E+01
  0.2660E+01  -0.4655E+01   0.1619E+01   0.2401E-16   0.1069E+01   0.1079E+01
  0.2665E+01  -0.4650E+01   0.1615E+01   0.3223E-16   0.1091E+01   0.1076E+01
  0.2670E+01  -0.4646E+01   0.1610E+01   0.3431E-16   0.1116E+01   0.1073E+01
  0.2675E+01  -0.4639E+01   0.1603E+01   0.2398E-16   0.1148E+01   0.1069E+01
  0.2680E+01  -0.4631E+01   0.1595E+01   0.1915E-16   0.1188E+01   0.1063E+01
  0.2685E+01  -0.4620E+01   0.1584E+01   0.3183E-16   0.1234E+01   0.1056E+01
  0.2690E+01  -0.4609E+01   0.1573E+01   0.2864E-16   0.1283E+01   0.1049E+01
  0.2695E+01  -0.4598E+01   0.1562E+01   0.1889E-16   0.1332E+01   0.1042E+01
  0.2700E+01  -0.4588E+01   0.1552E+01   0.4355E-16   0.1377E+01   0.1035E+01
  0.2705E+01  -0.4579E+01   0.1544E+01   0.3210E-16   0.1415E+01   0.1029E+01
  0.2710E+01  -0.4573E+01   0.1538E+01   0.2617E-16   0.1440E+01   0.1025E+01
  0.2715E+01  -0.4571E+01   0.1536E+01   0.2453E-16   0.1450E+01   0.1024E+01
  0.2720E+01  -0.4573E+01   0.1538E+01   0.4273E-16   0.1442E+01   0.1025E+01
  0.2725E+01  -0.4580E+01   0.1544E+01   0.2125E-16   0.1417E+01   0.1029E+01
  0.2730E+01  -0.4588E+01   0.1552E+01   0.2933E-16   0.1380E+01   0.1035E+01
  0.2735E+01  -0.4597E+01   0.1562E+01   0.2180E-16   0.1340E+01   0.1041E+01
  0.2740E+01  -0.4607E+01   0.1571E+01   0.4210E-16   0.1297E+01   0.1047E+01
  0.2745E+01  -0.4615E+01   0.1579E+01   0.3483E-16   0.1258E+01   0.1053E+01
  0.2750E+01  -0.4622E+01   0.1586E+01   0.3553E-16   0.1224E+01   0.1057E+01
  0.2755E+01  -0.4627E+01   0.1591E+01   0.4962E-16   0.1197E+01   0.1060E+01
  0.2760E+01  -0.4630E+01   0.1594E+01   0.5301E-16   0.1174E+01   0.1063E+01
  0.2765E+01  -0.4633E+01   0.1597E+01   0.4794E-16   0.1157E+01   0.1065E+01
  0.2770E+01  -0.4636E+01   0.1600E+01   0.2727E-16   0.1139E+01   0.1067E+01
  0.2775E+01  -0.4640E+01   0.1604E+01   0.1245E-16   0.1121E+01   0.1069E+01
  0.2780E+01  -0.4643E+01   0.1607E+01   0.4356E-16   0.1106E+01   0.1071E+01
  0.2785E+01  -0.4644E+01   0.1608E+01   0.1900E-16   0.1101E+01   0.1072E+01
  0.2790E+01  -0.4641E+01   0.1605E+01   0.1324E-16   0.1110E+01   0.1070E+01
  0.2795E+01  -0.4636E+01   0.1600E+01   0.3823E-16   0.1129E+01   0.1067E+01
  0.2800E+01  -0.4630E+01   0.1594E+01   0.3067E-16   0.1154E+01   0.1062E+01
  0.2805E+01  -0.4623E+01   0.1587E+01   0.6634E-17   0.1180E+01   0.1058E+01
  0.2810E+01  -0.4618E+01   0.1583E+01   0.4248E-16   0.1196E+01   0.1055E+01
  0.2815E+01  -0.4617E+01   0.1581E+01   0.4525E-16   0.1199E+01   0.1054E+01
  0.2820E+01  -0.4619E+01   0.1583E+01   0.5247E-16   0.1188E+01   0.1056E+01
  0.2825E+01  -0.4624E+01   0.1588E+01   0.4895E-16   0.1163E+01   0.1059E+01
  0.2830E+01  -0.4631E+01   0.1595E+01   0.1068E-16   0.1130E+01   0.1064E+01
  0.2835E+01  -0.4638E+01   0.1602E+01   0.3351E-16   0.1093E+01   0.1068E+01
  0.2840E+01  -0.4644E+01   0.1609E+01   0.3595E-16   0.1062E+01   0.1072E+01
  0.2845E+01  -0.4649E+01   0.1613E+01   0.3334E-16   0.1034E+01   0.1075E+01
  0.2850E+01  -0.4652E+01   0.1616E+01   0.3394E-16   0.1012E+01   0.1077E+01
  0.2855E+01  -0.4654E+01   0.1618E+01   0.1676E-16   0.9920E+00   0.1079E+01
  0.2860E+01  -0.4656E+01   0.1621E+01   0.3213E-16   0.9704E+00   0.1080E+01
  0.2865E+01  -0.4660E+01   0.1624E+01   0.3851E-16   0.9452E+00   0.1083E+01
  0.2870E+01  -0.4665E+01   0.1630E+01   0.5449E-16   0.9146E+00   0.1086E+01
  0.2875E+01  -0.4672E+01   0.1636E+01   0.2803E-16   0.8803E+00   0.1091E+01
  0.2880E+01  -0.4678E+01   0.1643E+01   0.5284E-16   0.8459E+00   0.1095E+01
  0.2885E+01  -0.4684E+01   0.1648E+01   0.4026E-16   0.8192E+00   0.1099E+01
  0.2890E+01  -0.4687E+01   0.1651E+01   0.1144E-16   0.8016E+00   0.1100E+01
  0.2895E+01  -0.4686E+01   0.1650E+01   0.2226E-16   0.7995E+00   0.1100E+01
  0.2900E+01  -0.4681E+01   0.1645E+01   0.3028E-16   0.8146E+00   0.1097E+01
  0.2905E+01  -0.4673E+01   0.1637E+01   0.4393E-16   0.8419E+00   0.1092E+01
  0.2910E+01  -0.4665E+01   0.1629E+01   0.1264E-16   0.8751E+00   0.1086E+01
  0.2915E+01  -0.4657E+01   0.1621E+01   0.1954E-16   0.9058E+00   0.1081E+01
  0.2920E+01  -0.4651E+01   0.1615E+01   0.5850E-16   0.9288E+00   0.1077E+01
  0.2925E+01  -0.4647E+01   0.1611E+01   0.4039E-16   0.9479E+00   0.1074E+01
  0.2930E+01  -0.4643E+01   0.1607E+01   0.6672E-16   0.9679E+00   0.1071E+01
  0.2935E+01  -0.4638E+01   0.1602E+01   0.3744E-16   0.9920E+00   0.1068E+01
  0.2940E+01  -0.4631E+01   0.1596E+01   0.4240E-16   0.1020E+01   0.1064E+01
  0.2945E+01  -0.4624E+01   0.1588E+01   0.1938E-16   0.1054E+01   0.1058E+01
  0.2950E+01  -0.4615E+01   0.1579E+01   0.2044E-16   0.1089E+01   0.1053E+01
  0.2955E+01  -0.4605E+01   0.1569E+01   0.3771E-16   0.1128E+01   0.1046E+01
  0.2960E+01  -0.4595E+01   0.1560E+01   0.3337E-16   0.1168E+01   0.1040E+01
  0.2965E+01  -0.4586E+01   0.1550E+01   0.4834E-16   0.1205E+01   0.1034E+01
  0.2970E+01  -0.4578E+01   0.1542E+01   0.3353E-16   0.1239E+01   0.1028E+01
  0.2975E+01  -0.4571E+01   0.1535E+01   0.2279E-16   0.1264E+01   0.1024E+01
  0.2980E+01  -0.4567E+01   0.1531E+01   0.1948E-16   0.1278E+01   0.1021E+01
  0.2985E+01  -0.4568E+01   0.1532E+01   0.2233E-16   0.1275E+01   0.1021E+01
  0.2990E+01  -0.4574E+01   0.1538E+01   0.3582E-16   0.1250E+01   0.1025E+01
  0.2995E+01  -0.4586E+01   0.1550E+01   0.1211E-16   0.1204E+01   0.1033E+01
  0.3000E+01  -0.4603E+01   0.1567E+01   0.2230E-16   0.1136E+01   0.1045E+01
  0.3005E+01  -0.4623E+01   0.1588E+01   0.3542E-16   0.1058E+01   0.1058E+01
  0.3010E+01  -0.4646E+01   0.1610E+01   0.5121E-16   0.9764E+00   0.1073E+01
  0.3015E+01  -0.4667E+01   0.1630E+01   0.1758E-16   0.9004E+00   0.1087E+01
  0.3020E+01  -0.4684E+01   0.1647E+01   0.4377E-16   0.8410E+00   0.1098E+01
  0.3025E+01  -0.4695E+01   0.1659E+01   0.2307E-16   0.8031E+00   0.1106E+01
  0.3030E+01  -0.4700E+01   0.1663E+01   0.2363E-16   0.7920E+00   0.1109E+01
  0.3035E+01  -0.4698E+01   0.1662E+01   0.4160E-16   0.8055E+00   0.1108E+01
  0.3040E+01  -0.4692E+01   0.1656E+01   0.1241E-16   0.8407E+00   0.1104E+01
  0.3045E+01  -0.4681E+01   0.1645E+01   0.3147E-16   0.8933E+00   0.1097E+01
  0.3050E+01  -0.4668E+01   0.1632E+01   0.5103E-16   0.9570E+00   0.1088E+01
  0.3055E+01  -0.4653E+01   0.1617E+01   0.1258E-16   0.1026E+01   0.1078E+01
  0.3060E+01  -0.4637E+01   0.1602E+01   0.1317E-16   0.1099E+01   0.1068E+01
  0.3065E+01  -0.4622E+01   0.1586E+01   0.3281E-16   0.1173E+01   0.1057E+01
  0.3070E+01  -0.4605E+01   0.1569E+01   0.2421E-16   0.1251E+01   0.1046E+01
  0.3075E+01  -0.4586E+01   0.1550E+01   0.4430E-16   0.1332E+01   0.1033E+01
  0.3080E+01  -0.4566E+01   0.1530E+01   0.4543E-16   0.1417E+01   0.1020E+01
  0.3085E+01  -0.4548E+01   0.1513E+01   0.3132E-16   0.1492E+01   0.1008E+01
  0.3090E+01  -0.4535E+01   0.1500E+01   0.4398E-16   0.1549E+01   0.9997E+00
  0.3095E+01  -0.4529E+01   0.1494E+01   0.2341E-16   0.1575E+01   0.9958E+00
  0.3100E+01  -0.4531E+01   0.1496E+01   0.3565E-16   0.1573E+01   0.9971E+00
  0.3105E+01  -0.4539E+01   0.1504E+01   0.3079E-16   0.1545E+01   0.1002E+01
  0.3110E+01  -0.4551E+01   0.1516E+01   0.2750E-16   0.1503E+01   0.1010E+01
  0.3115E+01  -0.4565E+01   0.1530E+01   0.4232E-16   0.1451E+01   0.1020E+01
  0.3120E+01  -0.4580E+01   0.1545E+01   0.4060E-16   0.1396E+01   0.1030E+01
  0.3125E+01  -0.4596E+01   0.1560E+01   0.3697E-16   0.1338E+01   0.1040E+01
  0.3130E+01  -0.4612E+01   0.1576E+01   0.3772E-16   0.1276E+01   0.1051E+01
  0.3135E+01  -0.4628E+01   0.1592E+01   0.7633E-16   0.1215E+01   0.1062E+01
  0.3140E+01  -0.4643E+01   0.1607E+01   0.1112E-15   0.1161E+01   0.1071E+01
  0.3145E+01  -0.4654E+01   0.1618E+01   0.5224E-16   0.1118E+01   0.1078E+01
  0.3150E+01  -0.4660E+01   0.1624E+01   0.4531E-16   0.1093E+01   0.1082E+01
  0.3155E+01  -0.4661E+01   0.1625E+01   0.2572E-16   0.1084E+01   0.1083E+01
  0.3160E+01  -0.4659E+01   0.1623E+01   0.6782E-16   0.1088E+01   0.1082E+01
  0.3165E+01  -0.4657E+01   0.1621E+01   0.3458E-16   0.1091E+01   0.1081E+01
  0.3170E+01  -0.4657E+01   0.1621E+01   0.3020E-16   0.1086E+01   0.1081E+01
  0.3175E+01  -0.4659E+01   0.1623E+01   0.3190E-16   0.1072E+01   0.1082E+01
  0.3180E+01  -0.4663E+01   0.1627E+01   0.4032E-16   0.1050E+01   0.1085E+01
  0.3185E+01  -0.4668E+01   0.1633E+01   0.2259E-16   0.1023E+01   0.1088E+01
  0.3190E+01  -0.4674E+01   0.1638E+01   0.4286E-16   0.9939E+00   0.1092E+01
  0.3195E+01  -0.4680E+01   0.1645E+01   0.6597E-16   0.9614E+00   0.1096E+01
  0.3200E+01  -0.4687E+01   0.1651E+01   0.4391E-16   0.9285E+00   0.1101E+01
  0.3205E+01  -0.4693E+01   0.1657E+01   0.5948E-16   0.8998E+00   0.1105E+01
  0.3210E+01  -0.4696E+01   0.1660E+01   0.2448E-16   0.8799E+00   0.1107E+01
  0.3215E+01  -0.4697E+01   0.1661E+01   0.4312E-16   0.8734E+00   0.1107E+01
  0.3220E+01  -0.4694E+01   0.1658E+01   0.3152E-16   0.8808E+00   0.1105E+01
  0.3225E+01  -0.4687E+01   0.1652E+01   0.3829E-16   0.8992E+00   0.1101E+01
  0.3230E+01  -0.4680E+01   0.1644E+01   0.4478E-16   0.9264E+00   0.1096E+01
  0.3235E+01  -0.4672E+01   0.1636E+01   0.1780E-16   0.9540E+00   0.1091E+01
  0.3240E+01  -0.4665E+01   0.1629E+01   0.3712E-17   0.9808E+00   0.1086E+01
  0.3245E+01  -0.4658E+01   0.1622E+01   0.3643E-16   0.1007E+01   0.1082E+01
  0.3250E+01  -0.4652E+01   0.1616E+01   0.1787E-16   0.1031E+01   0.1077E+01
  0.3255E+01  -0.4646E+01   0.1610E+01   0.2671E-16   0.1055E+01   0.1073E+01
  0.3260E+01  -0.4640E+01   0.1604E+01   0.6035E-16   0.1076E+01   0.1070E+01
  0.3265E+01  -0.4636E+01   0.1601E+01   0.6799E-16   0.1091E+01   0.1067E+01
  0.3270E+01  -0.4634E+01   0.1599E+01   0.6802E-16   0.1098E+01   0.1066E+01
  0.3275E+01  -0.4633E+01   0.1597E+01   0.1915E-16   0.1106E+01   0.1065E+01
  0.3280E+01  -0.4630E+01   0.1594E+01   0.2685E-16   0.1117E+01   0.1063E+01
  0.3285E+01  -0.4624E+01   0.1588E+01   0.1768E-16   0.1139E+01   0.1059E+01
  0.3290E+01  -0.4617E+01   0.1581E+01   0.4126E-16   0.1166E+01   0.1054E+01
  0.3295E+01  -0.4609E+01   0.1574E+01   0.6633E-16   0.1190E+01   0.1049E+01
  0.3300E+01  -0.4605E+01   0.1569E+01   0.1078E-15   0.1205E+01   0.1046E+01
  0.3305E+01  -0.4604E+01   0.1568E+01   0.6690E-16   0.1207E+01   0.1045E+01
  0.3310E+01  -0.4605E+01   0.1569E+01   0.8399E-16   0.1199E+01   0.1046E+01
  0.3315E+01  -0.4607E+01   0.1571E+01   0.4219E-16   0.1189E+01   0.1047E+01
  0.3320E+01  -0.4610E+01   0.1574E+01   0.2835E-16   0.1175E+01   0.1049E+01
  0.3325E+01  -0.4613E+01   0.1577E+01   0.1910E-16   0.1162E+01   0.1051E+01
  0.3330E+01  -0.4616E+01   0.1581E+01   0.1588E-16   0.1143E+01   0.1054E+01
  0.3335E+01  -0.4622E+01   0.1586E+01   0.5430E-16   0.1121E+01   0.1057E+01
  0.3340E+01  -0.4628E+01   0.1592E+01   0.7764E-16   0.1095E+01   0.1061E+01
  0.3345E+01  -0.4634E+01   0.1598E+01   0.1073E-16   0.1071E+01   0.1065E+01
  0.3350E+01  -0.4637E+01   0.1601E+01   0.7764E-16   0.1059E+01   0.1067E+01
  0.3355E+01  -0.4636E+01   0.1599E+01   0.4070E-16   0.1064E+01   0.1066E+01
  0.3360E+01  -0.4630E+01   0.1594E+01   0.2879E-16   0.1085E+01   0.1063E+01
  0.3365E+01  -0.4622E+01   0.1586E+01   0.1122E-16   0.1113E+01   0.1057E+01
  0.3370E+01  -0.4615E+01   0.1579E+01   0.5726E-16   0.1140E+01   0.1053E+01
  0.3375E+01  -0.4610E+01   0.1574E+01   0.6411E-16   0.1157E+01   0.1049E+01
  0.3380E+01  -0.4608E+01   0.1573E+01   0.4513E-16   0.1161E+01   0.1048E+01
  0.3385E+01  -0.4610E+01   0.1574E+01   0.6037E-16   0.1154E+01   0.1049E+01
  0.3390E+01  -0.4614E+01   0.1578E+01   0.3315E-16   0.1138E+01   0.1052E+01
  0.3395E+01  -0.4620E+01   0.1584E+01   0.5656E-16   0.1110E+01   0.1056E+01
  0.3400E+01  -0.4630E+01   0.1594E+01   0.2257E-16   0.1070E+01   0.1063E+01
  0.3405E+01  -0.4644E+01   0.1608E+01   0.3828E-16   0.1016E+01   0.1072E+01
  0.3410E+01  -0.4661E+01   0.1625E+01   0.4388E-16   0.9507E+00   0.1083E+01
  0.3415E+01  -0.4679E+01   0.1643E+01   0.2194E-16   0.8828E+00   0.1095E+01
  0.3420E+01  -0.4695E+01   0.1659E+01   0.9395E-17   0.8237E+00   0.1106E+01
  0.3425E+01  -0.4707E+01   0.1670E+01   0.1172E-16   0.7843E+00   0.1114E+01
  0.3430E+01  -0.4712E+01   0.1676E+01   0.4215E-16   0.7672E+00   0.1117E+01
  0.3435E+01  -0.4712E+01   0.1676E+01   0.5712E-16   0.7726E+00   0.1117E+01
  0.3440E+01  -0.4708E+01   0.1672E+01   0.3435E-16   0.7952E+00   0.1115E+01
  0.3445E+01  -0.4700E+01   0.1664E+01   0.3737E-16   0.8315E+00   0.1109E+01
  0.3450E+01  -0.4689E+01   0.1653E+01   0.2534E-16   0.8809E+00   0.1102E+01
  0.3455E+01  -0.4675E+01   0.1639E+01   0.5459E-16   0.9387E+00   0.1093E+01
  0.3460E+01  -0.4661E+01   0.1626E+01   0.3223E-16   0.9968E+00   0.1084E+01
  0.3465E+01  -0.4649E+01   0.1614E+01   0.3950E-16   0.1048E+01   0.1076E+01
  0.3470E+01  -0.4640E+01   0.1604E+01   0.3568E-16   0.1087E+01   0.1070E+01
  0.3475E+01  -0.4634E+01   0.1599E+01   0.3058E-16   0.1114E+01   0.1066E+01
  0.3480E+01  -0.4630E+01   0.1594E+01   0.2267E-16   0.1133E+01   0.1063E+01
  0.3485E+01  -0.4627E+01   0.1591E+01   0.5441E-16   0.1147E+01   0.1060E+01
  0.3490E+01  -0.4622E+01   0.1586E+01   0.7041E-16   0.1165E+01   0.1057E+01
  0.3495E+01  -0.4616E+01   0.1580E+01   0.9322E-16   0.1185E+01   0.1053E+01
  0.3500E+01  -0.4610E+01   0.1575E+01   0.5178E-16   0.1201E+01   0.1050E+01
  0.3505E+01  -0.4608E+01   0.1572E+01   0.5927E-16   0.1204E+01   0.1048E+01
  0.3510E+01  -0.4611E+01   0.1576E+01   0.5763E-16   0.1187E+01   0.1050E+01
  0.3515E+01  -0.4620E+01   0.1585E+01   0.5739E-16   0.1145E+01   0.1057E+01
  0.3520E+01  -0.4635E+01   0.1600E+01   0.3596E-16   0.1082E+01   0.1067E+01
  0.3525E+01  -0.4653E+01   0.1617E+01   0.3862E-16   0.1008E+01   0.1078E+01
  0.3530E+01  -0.4670E+01   0.1634E+01   0.1982E-16   0.9381E+00   0.1090E+01
  0.3535E+01  -0.4684E+01   0.1648E+01   0.3053E-16   0.8815E+00   0.1098E+01
  0.3540E+01  -0.4691E+01   0.1655E+01   0.1128E-16   0.8463E+00   0.1103E+01
  0.3545E+01  -0.4692E+01   0.1655E+01   0.3402E-16   0.8393E+00   0.1104E+01
  0.3550E+01  -0.4685E+01   0.1649E+01   0.3130E-16   0.8584E+00   0.1099E+01
  0.3555E+01  -0.4673E+01   0.1637E+01   0.1731E-16   0.8990E+00   0.1091E+01
  0.3560E+01  -0.4659E+01   0.1623E+01   0.4151E-16   0.9490E+00   0.1082E+01
  0.3565E+01  -0.4646E+01   0.1610E+01   0.2279E-16   0.9963E+00   0.1073E+01
  0.3570E+01  -0.4636E+01   0.1600E+01   0.2620E-16   0.1030E+01   0.1067E+01
  0.3575E+01  -0.4631E+01   0.1596E+01   0.2733E-16   0.1049E+01   0.1064E+01
  0.3580E+01  -0.4631E+01   0.1595E+01   0.2127E-16   0.1052E+01   0.1064E+01
  0.3585E+01  -0.4634E+01   0.1598E+01   0.9727E-17   0.1044E+01   0.1065E+01
  0.3590E+01  -0.4637E+01   0.1601E+01   0.3270E-16   0.1034E+01   0.1068E+01
  0.3595E+01  -0.4640E+01   0.1604E+01   0.2231E-16   0.1026E+01   0.1070E+01
  0.3600E+01  -0.4642E+01   0.1606E+01   0.1314E-16   0.1025E+01   0.1071E+01
  0.3605E+01  -0.4643E+01   0.1607E+01   0.3143E-16   0.1029E+01   0.1071E+01
  0.3610E+01  -0.4643E+01   0.1607E+01   0.5098E-16   0.1037E+01   0.1071E+01
  0.3615E+01  -0.4642E+01   0.1606E+01   0.3517E-16   0.1047E+01   0.1071E+01
  0.3620E+01  -0.4641E+01   0.1605E+01   0.4637E-16   0.1062E+01   0.1070E+01
  0.3625E+01  -0.4638E+01   0.1603E+01   0.6360E-16   0.1080E+01   0.1068E+01
  0.3630E+01  -0.4635E+01   0.1599E+01   0.3311E-16   0.1103E+01   0.1066E+01
  0.3635E+01  -0.4630E+01   0.1594E+01   0.2230E-16   0.1129E+01   0.1063E+01
  0.3640E+01  -0.4625E+01   0.1590E+01   0.3720E-16   0.1155E+01   0.1060E+01
  0.3645E+01  -0.4621E+01   0.1585E+01   0.2211E-16   0.1179E+01   0.1057E+01
  0.3650E+01  -0.4618E+01   0.1582E+01   0.2649E-16   0.1197E+01   0.1055E+01
  0.3655E+01  -0.4616E+01   0.1580E+01   0.1527E-16   0.1210E+01   0.1054E+01
  0.3660E+01  -0.4615E+01   0.1580E+01   0.3129E-16   0.1215E+01   0.1053E+01
  0.3665E+01  -0.4615E+01   0.1579E+01   0.3283E-16   0.1217E+01   0.1053E+01
  0.3670E+01  -0.4615E+01   0.1579E+01   0.3491E-16   0.1217E+01   0.1053E+01
  0.3675E+01  -0.4615E+01   0.1579E+01   0.4472E-16   0.1216E+01   0.1053E+01
  0.3680E+01  -0.4615E+01   0.1579E+01   0.1352E-16   0.1214E+01   0.1053E+01
  0.3685E+01  -0.4615E+01   0.1579E+01   0.4278E-16   0.1209E+01   0.1053E+01
  0.3690E+01  -0.4614E+01   0.1578E+01   0.2908E-16   0.1206E+01   0.1052E+01
  0.3695E+01  -0.4612E+01   0.1577E+01   0.2483E-16   0.1203E+01   0.1051E+01
  0.3700E+01  -0.4611E+01   0.1575E+01   0.2340E-16   0.1201E+01   0.1050E+01
  0.3705E+01  -0.4609E+01   0.1573E+01   0.6459E-16   0.1200E+01   0.1049E+01
  0.3710E+01  -0.4607E+01   0.1572E+01   0.4163E-16   0.1197E+01   0.1048E+01
  0.3715E+01  -0.4607E+01   0.1571E+01   0.2121E-16   0.1191E+01   0.1047E+01
  0.3720E+01  -0.4608E+01   0.1572E+01   0.2846E-16   0.1179E+01   0.1048E+01
  0.3725E+01  -0.4611E+01   0.1575E+01   0.2594E-16   0.1158E+01   0.1050E+01
  0.3730E+01  -0.4616E+01   0.1580E+01   0.3616E-16   0.1132E+01   0.1053E+01
  0.3735E+01  -0.4622E+01   0.1587E+01   0.2222E-16   0.1101E+01   0.1058E+01
  0.3740E+01  -0.4630E+01   0.1594E+01   0.2199E-16   0.1067E+01   0.1063E+01
  0.3745E+01  -0.4637E+01   0.1601E+01   0.1164E-16   0.1039E+01   0.1067E+01
  0.3750E+01  -0.4642E+01   0.1606E+01   0.2006E-16   0.1021E+01   0.1070E+01
  0.3755E+01  -0.4642E+01   0.1606E+01   0.3204E-16   0.1020E+01   0.1071E+01
  0.3760E+01  -0.4637E+01   0.1601E+01   0.1710E-16   0.1041E+01   0.1068E+01
  0.3765E+01  -0.4627E+01   0.1591E+01   0.4065E-16   0.1083E+01   0.1061E+01
  0.3770E+01  -0.4613E+01   0.1577E+01   0.3216E-16   0.1144E+01   0.1051E+01
  0.3775E+01  -0.4596E+01   0.1560E+01   0.1950E-16   0.1214E+01   0.1040E+01
  0.3780E+01  -0.4579E+01   0.1544E+01   0.5471E-16   0.1285E+01   0.1029E+01
  0.3785E+01  -0.4566E+01   0.1530E+01   0.2245E-16   0.1344E+01   0.1020E+01
  0.3790E+01  -0.4557E+01   0.1522E+01   0.2308E-16   0.1384E+01   0.1014E+01
  0.3795E+01  -0.4555E+01   0.1520E+01   0.3657E-16   0.1399E+01   0.1013E+01
  0.3800E+01  -0.4560E+01   0.1525E+01   0.3674E-16   0.1387E+01   0.1016E+01
  0.3805E+01  -0.4570E+01   0.1535E+01   0.4028E-16   0.1355E+01   0.1023E+01
  0.3810E+01  -0.4584E+01   0.1549E+01   0.3626E-16   0.1307E+01   0.1032E+01
  0.3815E+01  -0.4600E+01   0.1564E+01   0.6289E-16   0.1250E+01   0.1043E+01
  0.3820E+01  -0.4616E+01   0.1580E+01   0.5612E-16   0.1192E+01   0.1053E+01
  0.3825E+01  -0.4630E+01   0.1595E+01   0.3351E-16   0.1136E+01   0.1063E+01
  0.3830E+01  -0.4644E+01   0.1608E+01   0.3068E-16   0.1085E+01   0.1072E+01
  0.3835E+01  -0.4656E+01   0.1620E+01   0.3888E-16   0.1041E+01   0.1080E+01
  0.3840E+01  -0.4665E+01   0.1629E+01   0.7852E-16   0.1005E+01   0.1086E+01
  0.3845E+01  -0.4672E+01   0.1636E+01   0.5249E-16   0.9794E+00   0.1091E+01
  0.3850E+01  -0.4677E+01   0.1641E+01   0.2377E-16   0.9653E+00   0.1094E+01
  0.3855E+01  -0.4678E+01   0.1642E+01   0.2822E-16   0.9650E+00   0.1095E+01
  0.3860E+01  -0.4675E+01   0.1639E+01   0.4566E-16   0.9780E+00   0.1093E+01
  0.3865E+01  -0.4670E+01   0.1634E+01   0.4186E-16   0.1007E+01   0.1089E+01
  0.3870E+01  -0.4661E+01   0.1625E+01   0.4028E-16   0.1048E+01   0.1083E+01
  0.3875E+01  -0.4650E+01   0.1614E+01   0.6416E-16   0.1098E+01   0.1076E+01
  0.3880E+01  -0.4639E+01   0.1603E+01   0.3815E-16   0.1149E+01   0.1069E+01
  0.3885E+01  -0.4630E+01   0.1594E+01   0.3524E-16   0.1194E+01   0.1063E+01
  0.3890E+01  -0.4623E+01   0.1587E+01   0.2165E-16   0.1232E+01   0.1058E+01
  0.3895E+01  -0.4617E+01   0.1581E+01   0.6293E-16   0.1269E+01   0.1054E+01
  0.3900E+01  -0.4611E+01   0.1575E+01   0.5201E-16   0.1306E+01   0.1050E+01
  0.3905E+01  -0.4605E+01   0.1569E+01   0.4377E-16   0.1344E+01   0.1046E+01
  0.3910E+01  -0.4597E+01   0.1561E+01   0.5639E-17   0.1385E+01   0.1041E+01
  0.3915E+01  -0.4590E+01   0.1554E+01   0.3396E-16   0.1425E+01   0.1036E+01
  0.3920E+01  -0.4582E+01   0.1547E+01   0.5175E-16   0.1467E+01   0.1031E+01
  0.3925E+01  -0.4575E+01   0.1539E+01   0.6621E-16   0.1508E+01   0.1026E+01
  0.3930E+01  -0.4568E+01   0.1532E+01   0.4308E-16   0.1545E+01   0.1021E+01
  0.3935E+01  -0.4562E+01   0.1526E+01   0.2135E-16   0.1575E+01   0.1017E+01
  0.3940E+01  -0.4559E+01   0.1524E+01   0.4432E-16   0.1593E+01   0.1016E+01
  0.3945E+01  -0.4562E+01   0.1526E+01   0.2700E-16   0.1591E+01   0.1017E+01
  0.3950E+01  -0.4569E+01   0.1533E+01   0.4259E-16   0.1568E+01   0.1022E+01
  0.3955E+01  -0.4580E+01   0.1544E+01   0.1492E-16   0.1531E+01   0.1029E+01
  0.3960E+01  -0.4592E+01   0.1556E+01   0.3899E-16   0.1487E+01   0.1037E+01
  0.3965E+01  -0.4604E+01   0.1568E+01   0.3343E-16   0.1442E+01   0.1045E+01
  0.3970E+01  -0.4614E+01   0.1578E+01   0.2306E-16   0.1403E+01   0.1052E+01
  0.3975E+01  -0.4621E+01   0.1585E+01   0.5670E-16   0.1375E+01   0.1057E+01
  0.3980E+01  -0.4625E+01   0.1590E+01   0.4419E-16   0.1353E+01   0.1060E+01
  0.3985E+01  -0.4628E+01   0.1592E+01   0.6305E-16   0.1338E+01   0.1062E+01
  0.3990E+01  -0.4631E+01   0.1595E+01   0.4729E-16   0.1324E+01   0.1063E+01
  0.3995E+01  -0.4634E+01   0.1598E+01   0.4750E-16   0.1308E+01   0.1065E+01
  0.4000E+01  -0.4638E+01   0.1602E+01   0.5343E-16   0.1287E+01   0.1068E+01
  0.4005E+01  -0.4641E+01   0.1606E+01   0.2305E-16   0.1268E+01   0.1070E+01
  0.4010E+01  -0.4644E+01   0.1608E+01   0.2834E-16   0.1254E+01   0.1072E+01
  0.4015E+01  -0.4642E+01   0.1606E+01   0.4257E-16   0.1254E+01   0.1070E+01
  0.4020E+01  -0.4635E+01   0.1598E+01   0.4428E-16   0.1278E+01   0.1065E+01
  0.4025E+01  -0.4622E+01   0.1586E+01   0.3130E-16   0.1318E+01   0.1057E+01
  0.4030E+01  -0.4606E+01   0.1570E+01   0.2539E-16   0.1372E+01   0.1046E+01
  0.4035E+01  -0.4590E+01   0.1554E+01   0.3050E-16   0.1424E+01   0.1036E+01
  0.4040E+01  -0.4578E+01   0.1543E+01   0.2083E-16   0.1460E+01   0.1028E+01
  0.4045E+01  -0.4572E+01   0.1537E+01   0.1473E-16   0.1473E+01   0.1025E+01
  0.4050E+01  -0.4573E+01   0.1537E+01   0.6085E-16   0.1465E+01   0.1025E+01
  0.4055E+01  -0.4578E+01   0.1542E+01   0.3633E-16   0.1439E+01   0.1028E+01
  0.4060E+01  -0.4586E+01   0.1550E+01   0.5992E-16   0.1398E+01   0.1034E+01
  0.4065E+01  -0.4597E+01   0.1561E+01   0.4517E-16   0.1349E+01   0.1041E+01
  0.4070E+01  -0.4608E+01   0.1572E+01   0.6385E-16   0.1296E+01   0.1048E+01
  0.4075E+01  -0.4619E+01   0.1583E+01   0.1245E-16   0.1243E+01   0.1056E+01
  0.4080E+01  -0.4630E+01   0.1595E+01   0.4441E-16   0.1190E+01   0.1063E+01
  0.4085E+01  -0.4641E+01   0.1605E+01   0.4534E-16   0.1140E+01   0.1070E+01
  0.4090E+01  -0.4650E+01   0.1614E+01   0.4259E-16   0.1093E+01   0.1076E+01
  0.4095E+01  -0.4658E+01   0.1622E+01   0.3648E-16   0.1052E+01   0.1082E+01
  0.4100E+01  -0.4666E+01   0.1630E+01   0.5147E-16   0.1015E+01   0.1087E+01
  0.4105E+01  -0.4672E+01   0.1636E+01   0.2728E-16   0.9834E+00   0.1091E+01
  0.4110E+01  -0.4677E+01   0.1641E+01   0.8285E-17   0.9603E+00   0.1094E+01
  0.4115E+01  -0.4678E+01   0.1642E+01   0.7411E-16   0.9489E+00   0.1095E+01
  0.4120E+01  -0.4676E+01   0.1640E+01   0.5723E-16   0.9564E+00   0.1093E+01
  0.4125E+01  -0.4668E+01   0.1632E+01   0.2181E-16   0.9842E+00   0.1088E+01
  0.4130E+01  -0.4655E+01   0.1619E+01   0.5287E-16   0.1035E+01   0.1080E+01
  0.4135E+01  -0.4638E+01   0.1601E+01   0.4524E-16   0.1106E+01   0.1068E+01
  0.4140E+01  -0.4615E+01   0.1579E+01   0.2715E-16   0.1192E+01   0.1053E+01
  0.4145E+01  -0.4591E+01   0.1555E+01   0.1727E-16   0.1288E+01   0.1037E+01
  0.4150E+01  -0.4568E+01   0.1532E+01   0.2158E-16   0.1377E+01   0.1021E+01
  0.4155E+01  -0.4553E+01   0.1517E+01   0.3043E-16   0.1436E+01   0.1012E+01
  0.4160E+01  -0.4550E+01   0.1515E+01   0.3136E-16   0.1446E+01   0.1010E+01
  0.4165E+01  -0.4560E+01   0.1525E+01   0.8065E-16   0.1411E+01   0.1016E+01
  0.4170E+01  -0.4577E+01   0.1541E+01   0.2710E-16   0.1348E+01   0.1028E+01
  0.4175E+01  -0.4596E+01   0.1560E+01   0.2907E-16   0.1276E+01   0.1040E+01
  0.4180E+01  -0.4613E+01   0.1577E+01   0.4594E-16   0.1210E+01   0.1052E+01
  0.4185E+01  -0.4626E+01   0.1590E+01   0.4354E-16   0.1158E+01   0.1060E+01
  0.4190E+01  -0.4634E+01   0.1598E+01   0.7306E-16   0.1127E+01   0.1065E+01
  0.4195E+01  -0.4636E+01   0.1600E+01   0.1150E-16   0.1114E+01   0.1067E+01
  0.4200E+01  -0.4634E+01   0.1598E+01   0.2248E-16   0.1122E+01   0.1065E+01
  0.4205E+01  -0.4628E+01   0.1592E+01   0.3530E-16   0.1142E+01   0.1061E+01
  0.4210E+01  -0.4619E+01   0.1583E+01   0.6009E-16   0.1172E+01   0.1056E+01
  0.4215E+01  -0.4611E+01   0.1575E+01   0.9952E-17   0.1204E+01   0.1050E+01
  0.4220E+01  -0.4603E+01   0.1567E+01   0.2455E-16   0.1234E+01   0.1045E+01
  0.4225E+01  -0.4596E+01   0.1561E+01   0.3813E-16   0.1261E+01   0.1040E+01
  0.4230E+01  -0.4590E+01   0.1555E+01   0.1957E-16   0.1288E+01   0.1036E+01
  0.4235E+01  -0.4584E+01   0.1548E+01   0.2055E-16   0.1316E+01   0.1032E+01
  0.4240E+01  -0.4577E+01   0.1541E+01   0.5572E-16   0.1345E+01   0.1027E+01
  0.4245E+01  -0.4570E+01   0.1534E+01   0.2773E-16   0.1373E+01   0.1023E+01
  0.4250E+01  -0.4564E+01   0.1528E+01   0.3428E-16   0.1394E+01   0.1019E+01
  0.4255E+01  -0.4561E+01   0.1525E+01   0.2390E-16   0.1405E+01   0.1017E+01
  0.4260E+01  -0.4561E+01   0.1525E+01   0.4425E-16   0.1402E+01   0.1017E+01
  0.4265E+01  -0.4564E+01   0.1528E+01   0.3734E-16   0.1386E+01   0.1019E+01
  0.4270E+01  -0.4572E+01   0.1536E+01   0.4722E-16   0.1352E+01   0.1024E+01
  0.4275E+01  -0.4585E+01   0.1549E+01   0.4575E-16   0.1298E+01   0.1033E+01
  0.4280E+01  -0.4603E+01   0.1567E+01   0.5028E-16   0.1226E+01   0.1045E+01
  0.4285E+01  -0.4624E+01   0.1588E+01   0.2423E-16   0.1140E+01   0.1059E+01
  0.4290E+01  -0.4646E+01   0.1609E+01   0.2482E-16   0.1055E+01   0.1073E+01
  0.4295E+01  -0.4663E+01   0.1626E+01   0.1321E-16   0.9882E+00   0.1084E+01
  0.4300E+01  -0.4673E+01   0.1637E+01   0.3013E-16   0.9469E+00   0.1091E+01
  0.4305E+01  -0.4675E+01   0.1639E+01   0.4805E-16   0.9369E+00   0.1093E+01
  0.4310E+01  -0.4671E+01   0.1635E+01   0.1954E-16   0.9527E+00   0.1090E+01
  0.4315E+01  -0.4662E+01   0.1626E+01   0.2750E-16   0.9851E+00   0.1084E+01
  0.4320E+01  -0.4652E+01   0.1617E+01   0.3133E-16   0.1025E+01   0.1078E+01
  0.4325E+01  -0.4643E+01   0.1607E+01   0.4731E-16   0.1064E+01   0.1072E+01
  0.4330E+01  -0.4637E+01   0.1601E+01   0.2044E-16   0.1094E+01   0.1067E+01
  0.4335E+01  -0.4634E+01   0.1598E+01   0.3479E-16   0.1109E+01   0.1066E+01
  0.4340E+01  -0.4635E+01   0.1600E+01   0.1735E-16   0.1111E+01   0.1066E+01
  0.4345E+01  -0.4640E+01   0.1604E+01   0.3484E-16   0.1099E+01   0.1069E+01
  0.4350E+01  -0.4646E+01   0.1610E+01   0.1754E-16   0.1081E+01   0.1073E+01
  0.4355E+01  -0.4651E+01   0.1615E+01   0.2314E-16   0.1066E+01   0.1077E+01
  0.4360E+01  -0.4654E+01   0.1618E+01   0.1420E-16   0.1059E+01   0.1079E+01
  0.4365E+01  -0.4653E+01   0.1617E+01   0.4180E-16   0.1062E+01   0.1078E+01
  0.4370E+01  -0.4649E+01   0.1613E+01   0.2428E-16   0.1079E+01   0.1076E+01
  0.4375E+01  -0.4643E+01   0.1607E+01   0.1995E-16   0.1103E+01   0.1071E+01
  0.4380E+01  -0.4637E+01   0.1601E+01   0.5768E-16   0.1124E+01   0.1067E+01
  0.4385E+01  -0.4633E+01   0.1597E+01   0.2665E-16   0.1137E+01   0.1065E+01
  0.4390E+01  -0.4632E+01   0.1596E+01   0.3885E-16   0.1138E+01   0.1064E+01
  0.4395E+01  -0.4635E+01   0.1599E+01   0.3303E-16   0.1126E+01   0.1066E+01
  0.4400E+01  -0.4640E+01   0.1604E+01   0.5744E-16   0.1104E+01   0.1070E+01
  0.4405E+01  -0.4647E+01   0.1611E+01   0.2215E-16   0.1077E+01   0.1074E+01
  0.4410E+01  -0.4652E+01   0.1616E+01   0.3417E-16   0.1052E+01   0.1078E+01
  0.4415E+01  -0.4656E+01   0.1620E+01   0.1230E-16   0.1035E+01   0.1080E+01
  0.4420E+01  -0.4658E+01   0.1622E+01   0.2323E-16   0.1025E+01   0.1081E+01
  0.4425E+01  -0.4659E+01   0.1623E+01   0.3578E-16   0.1021E+01   0.1082E+01
  0.4430E+01  -0.4660E+01   0.1624E+01   0.3551E-16   0.1015E+01   0.1083E+01
  0.4435E+01  -0.4662E+01   0.1627E+01   0.4219E-16   0.1006E+01   0.1084E+01
  0.4440E+01  -0.4665E+01   0.1630E+01   0.4597E-16   0.9954E+00   0.1086E+01
  0.4445E+01  -0.4668E+01   0.1633E+01   0.9661E-17   0.9846E+00   0.1088E+01
  0.4450E+01  -0.4671E+01   0.1636E+01   0.4190E-16   0.9744E+00   0.1090E+01
  0.4455E+01  -0.4674E+01   0.1638E+01   0.4041E-16   0.9663E+00   0.1092E+01
  0.4460E+01  -0.4676E+01   0.1640E+01   0.5814E-16   0.9614E+00   0.1093E+01
  0.4465E+01  -0.4676E+01   0.1640E+01   0.4333E-16   0.9642E+00   0.1093E+01
  0.4470E+01  -0.4672E+01   0.1636E+01   0.1266E-16   0.9803E+00   0.1091E+01
  0.4475E+01  -0.4664E+01   0.1628E+01   0.2185E-16   0.1013E+01   0.1085E+01
  0.4480E+01  -0.4652E+01   0.1616E+01   0.2914E-16   0.1061E+01   0.1077E+01
  0.4485E+01  -0.4637E+01   0.1601E+01   0.5768E-16   0.1119E+01   0.1067E+01
  0.4490E+01  -0.4621E+01   0.1585E+01   0.5640E-16   0.1179E+01   0.1057E+01
  0.4495E+01  -0.4607E+01   0.1572E+01   0.4860E-16   0.1231E+01   0.1048E+01
  0.4500E+01  -0.4597E+01   0.1562E+01   0.2771E-16   0.1269E+01   0.1041E+01
  0.4505E+01  -0.4593E+01   0.1557E+01   0.1460E-16   0.1285E+01   0.1038E+01
  0.4510E+01  -0.4594E+01   0.1559E+01   0.5725E-16   0.1276E+01   0.1039E+01
  0.4515E+01  -0.4602E+01   0.1566E+01   0.3163E-16   0.1245E+01   0.1044E+01
  0.4520E+01  -0.4613E+01   0.1577E+01   0.2335E-16   0.1200E+01   0.1051E+01
  0.4525E+01  -0.4625E+01   0.1589E+01   0.1980E-16   0.1153E+01   0.1059E+01
  0.4530E+01  -0.4634E+01   0.1598E+01   0.1855E-16   0.1112E+01   0.1065E+01
  0.4535E+01  -0.4640E+01   0.1604E+01   0.2208E-16   0.1085E+01   0.1069E+01
  0.4540E+01  -0.4642E+01   0.1606E+01   0.2609E-16   0.1068E+01   0.1071E+01
  0.4545E+01  -0.4643E+01   0.1607E+01   0.3283E-16   0.1058E+01   0.1071E+01
  0.4550E+01  -0.4644E+01   0.1608E+01   0.2310E-16   0.1050E+01   0.1072E+01
  0.4555E+01  -0.4643E+01   0.1607E+01   0.5382E-16   0.1044E+01   0.1071E+01
  0.4560E+01  -0.4642E+01   0.1606E+01   0.4288E-16   0.1042E+01   0.1071E+01
  0.4565E+01  -0.4639E+01   0.1603E+01   0.5119E-16   0.1047E+01   0.1069E+01
  0.4570E+01  -0.4634E+01   0.1598E+01   0.2016E-16   0.1058E+01   0.1065E+01
  0.4575E+01  -0.4628E+01   0.1592E+01   0.3073E-16   0.1074E+01   0.1061E+01
  0.4580E+01  -0.4620E+01   0.1584E+01   0.2530E-16   0.1097E+01   0.1056E+01
  0.4585E+01  -0.4612E+01   0.1576E+01   0.2321E-16   0.1120E+01   0.1050E+01
  0.4590E+01  -0.4604E+01   0.1568E+01   0.2442E-16   0.1144E+01   0.1045E+01
  0.4595E+01  -0.4597E+01   0.1561E+01   0.2470E-16   0.1161E+01   0.1041E+01
  0.4600E+01  -0.4593E+01   0.1557E+01   0.2335E-17   0.1170E+01   0.1038E+01
  0.4605E+01  -0.4592E+01   0.1556E+01   0.1382E-16   0.1167E+01   0.1038E+01
  0.4610E+01  -0.4596E+01   0.1561E+01   0.1755E-16   0.1144E+01   0.1041E+01
  0.4615E+01  -0.4607E+01   0.1571E+01   0.1480E-16   0.1099E+01   0.1047E+01
  0.4620E+01  -0.4622E+01   0.1586E+01   0.1455E-16   0.1037E+01   0.1058E+01
  0.4625E+01  -0.4640E+01   0.1604E+01   0.3637E-16   0.9671E+00   0.1069E+01
  0.4630E+01  -0.4657E+01   0.1621E+01   0.1819E-16   0.9021E+00   0.1080E+01
  0.4635E+01  -0.4670E+01   0.1634E+01   0.2342E-16   0.8521E+00   0.1089E+01
  0.4640E+01  -0.4678E+01   0.1642E+01   0.3288E-16   0.8236E+00   0.1095E+01
  0.4645E+01  -0.4681E+01   0.1645E+01   0.2183E-16   0.8188E+00   0.1096E+01
  0.4650E+01  -0.4678E+01   0.1642E+01   0.3551E-16   0.8363E+00   0.1095E+01
  0.4655E+01  -0.4671E+01   0.1635E+01   0.7908E-17   0.8751E+00   0.1090E+01
  0.4660E+01  -0.4659E+01   0.1623E+01   0.1337E-16   0.9340E+00   0.1082E+01
  0.4665E+01  -0.4641E+01   0.1605E+01   0.3340E-16   0.1015E+01   0.1070E+01
  0.4670E+01  -0.4619E+01   0.1582E+01   0.4886E-16   0.1118E+01   0.1055E+01
  0.4675E+01  -0.4592E+01   0.1556E+01   0.4003E-16   0.1233E+01   0.1037E+01
  0.4680E+01  -0.4564E+01   0.1529E+01   0.2486E-16   0.1353E+01   0.1019E+01
  0.4685E+01  -0.4541E+01   0.1505E+01   0.3543E-16   0.1456E+01   0.1004E+01
  0.4690E+01  -0.4525E+01   0.1490E+01   0.1773E-16   0.1528E+01   0.9932E+00
  0.4695E+01  -0.4520E+01   0.1485E+01   0.2873E-16   0.1558E+01   0.9898E+00
  0.4700E+01  -0.4525E+01   0.1490E+01   0.4953E-16   0.1547E+01   0.9932E+00
  0.4705E+01  -0.4538E+01   0.1503E+01   0.2445E-16   0.1505E+01   0.1002E+01
  0.4710E+01  -0.4556E+01   0.1520E+01   0.2444E-16   0.1444E+01   0.1013E+01
  0.4715E+01  -0.4574E+01   0.1538E+01   0.1978E-16   0.1377E+01   0.1025E+01
  0.4720E+01  -0.4591E+01   0.1555E+01   0.4937E-16   0.1313E+01   0.1037E+01
  0.4725E+01  -0.4606E+01   0.1570E+01   0.2742E-16   0.1256E+01   0.1047E+01
  0.4730E+01  -0.4620E+01   0.1584E+01   0.6270E-16   0.1206E+01   0.1056E+01
  0.4735E+01  -0.4632E+01   0.1596E+01   0.6914E-16   0.1160E+01   0.1064E+01
  0.4740E+01  -0.4642E+01   0.1607E+01   0.3613E-16   0.1119E+01   0.1071E+01
  0.4745E+01  -0.4652E+01   0.1616E+01   0.5079E-16   0.1084E+01   0.1077E+01
  0.4750E+01  -0.4659E+01   0.1623E+01   0.4266E-16   0.1060E+01   0.1082E+01
  0.4755E+01  -0.4664E+01   0.1627E+01   0.3411E-16   0.1048E+01   0.1085E+01
  0.4760E+01  -0.4665E+01   0.1629E+01   0.3848E-16   0.1048E+01   0.1086E+01
  0.4765E+01  -0.4663E+01   0.1628E+01   0.5506E-16   0.1060E+01   0.1085E+01
  0.4770E+01  -0.4660E+01   0.1625E+01   0.2499E-16   0.1079E+01   0.1083E+01
  0.4775E+01  -0.4656E+01   0.1620E+01   0.2181E-16   0.1103E+01   0.1080E+01
  0.4780E+01  -0.4651E+01   0.1616E+01   0.2008E-16   0.1129E+01   0.1077E+01
  0.4785E+01  -0.4646E+01   0.1611E+01   0.2316E-16   0.1158E+01   0.1074E+01
  0.4790E+01  -0.4642E+01   0.1606E+01   0.3718E-16   0.1185E+01   0.1071E+01
  0.4795E+01  -0.4638E+01   0.1602E+01   0.2967E-16   0.1209E+01   0.1068E+01
  0.4800E+01  -0.4634E+01   0.1598E+01   0.2024E-16   0.1231E+01   0.1066E+01
  0.4805E+01  -0.4630E+01   0.1594E+01   0.5367E-16   0.1253E+01   0.1063E+01
  0.4810E+01  -0.4625E+01   0.1589E+01   0.1240E-16   0.1277E+01   0.1059E+01
  0.4815E+01  -0.4619E+01   0.1584E+01   0.2541E-16   0.1302E+01   0.1056E+01
  0.4820E+01  -0.4614E+01   0.1578E+01   0.2039E-16   0.1325E+01   0.1052E+01
  0.4825E+01  -0.4609E+01   0.1573E+01   0.2277E-16   0.1344E+01   0.1049E+01
  0.4830E+01  -0.4606E+01   0.1570E+01   0.2826E-16   0.1357E+01   0.1047E+01
  0.4835E+01  -0.4604E+01   0.1568E+01   0.1835E-16   0.1362E+01   0.1045E+01
  0.4840E+01  -0.4602E+01   0.1567E+01   0.8300E-17   0.1363E+01   0.1044E+01
  0.4845E+01  -0.4602E+01   0.1566E+01   0.2069E-16   0.1364E+01   0.1044E+01
  0.4850E+01  -0.4601E+01   0.1565E+01   0.4041E-16   0.1358E+01   0.1044E+01
  0.4855E+01  -0.4601E+01   0.1566E+01   0.2590E-16   0.1349E+01   0.1044E+01
  0.4860E+01  -0.4603E+01   0.1567E+01   0.4278E-16   0.1335E+01   0.1045E+01
  0.4865E+01  -0.4606E+01   0.1570E+01   0.1105E-16   0.1314E+01   0.1047E+01
  0.4870E+01  -0.4611E+01   0.1576E+01   0.3076E-16   0.1283E+01   0.1051E+01
  0.4875E+01  -0.4620E+01   0.1584E+01   0.6562E-16   0.1240E+01   0.1056E+01
  0.4880E+01  -0.4632E+01   0.1596E+01   0.3188E-16   0.1187E+01   0.1064E+01
  0.4885E+01  -0.4645E+01   0.1609E+01   0.4022E-16   0.1129E+01   0.1072E+01
  0.4890E+01  -0.4657E+01   0.1620E+01   0.2707E-16   0.1076E+01   0.1080E+01
  0.4895E+01  -0.4665E+01   0.1628E+01   0.4748E-16   0.1037E+01   0.1086E+01
  0.4900E+01  -0.4666E+01   0.1629E+01   0.7431E-16   0.1026E+01   0.1086E+01
  0.4905E+01  -0.4659E+01   0.1622E+01   0.1895E-16   0.1045E+01   0.1082E+01
  0.4910E+01  -0.4644E+01   0.1607E+01   0.9279E-16   0.1096E+01   0.1072E+01
  0.4915E+01  -0.4623E+01   0.1587E+01   0.1279E-16   0.1170E+01   0.1058E+01
  0.4920E+01  -0.4600E+01   0.1564E+01   0.2717E-16   0.1253E+01   0.1043E+01
  0.4925E+01  -0.4579E+01   0.1543E+01   0.6694E-16   0.1331E+01   0.1029E+01
  0.4930E+01  -0.4561E+01   0.1525E+01   0.3854E-16   0.1398E+01   0.1017E+01
  0.4935E+01  -0.4547E+01   0.1511E+01   0.3904E-16   0.1450E+01   0.1008E+01
  0.4940E+01  -0.4537E+01   0.1501E+01   0.5993E-16   0.1489E+01   0.1001E+01
  0.4945E+01  -0.4530E+01   0.1494E+01   0.6424E-16   0.1518E+01   0.9960E+00
  0.4950E+01  -0.4526E+01   0.1490E+01   0.3985E-16   0.1532E+01   0.9934E+00
  0.4955E+01  -0.4525E+01   0.1489E+01   0.2727E-16   0.1535E+01   0.9928E+00
  0.4960E+01  -0.4527E+01   0.1491E+01   0.2736E-16   0.1529E+01   0.9939E+00
  0.4965E+01  -0.4530E+01   0.1495E+01   0.3195E-16   0.1514E+01   0.9964E+00
  0.4970E+01  -0.4536E+01   0.1501E+01   0.1567E-16   0.1488E+01   0.1001E+01
  0.4975E+01  -0.4547E+01   0.1511E+01   0.6098E-16   0.1446E+01   0.1008E+01
  0.4980E+01  -0.4563E+01   0.1528E+01   0.6890E-16   0.1383E+01   0.1018E+01
  0.4985E+01  -0.4584E+01   0.1549E+01   0.2511E-16   0.1301E+01   0.1032E+01
  0.4990E+01  -0.4607E+01   0.1571E+01   0.7590E-16   0.1214E+01   0.1047E+01
  0.4995E+01  -0.4627E+01   0.1590E+01   0.7926E-16   0.1138E+01   0.1060E+01
  0.5000E+01  -0.4640E+01   0.1604E+01   0.1974E-16   0.1083E+01   0.1069E+01
