      rx_fcc       ry_fcc       rz_fcc
 -0.3028E+01  -0.3030E+01  -0.3041E+01
 -0.2285E+01  -0.2289E+01  -0.3048E+01
 -0.2294E+01  -0.3041E+01  -0.2289E+01
 -0.3052E+01  -0.2296E+01  -0.2285E+01
 -0.3064E+01  -0.3066E+01  -0.1528E+01
 -0.2304E+01  -0.2293E+01  -0.1530E+01
 -0.2304E+01  -0.3061E+01  -0.7737E+00
 -0.3073E+01  -0.2291E+01  -0.7612E+00
 -0.3069E+01  -0.3072E+01   0.4320E-02
 -0.2302E+01  -0.2297E+01  -0.5081E-02
 -0.2301E+01  -0.3066E+01   0.7627E+00
 -0.3083E+01  -0.2313E+01   0.7693E+00
 -0.3072E+01  -0.3076E+01   0.1541E+01
 -0.2320E+01  -0.2313E+01   0.1546E+01
 -0.2315E+01  -0.3086E+01   0.2322E+01
 -0.3092E+01  -0.2317E+01   0.2315E+01
 -0.3095E+01  -0.1541E+01  -0.3087E+01
 -0.2327E+01  -0.7818E+00  -0.3091E+01
 -0.2323E+01  -0.1556E+01  -0.2320E+01
 -0.3092E+01  -0.7679E+00  -0.2328E+01
 -0.3100E+01  -0.1542E+01  -0.1545E+01
 -0.2326E+01  -0.7709E+00  -0.1548E+01
 -0.2319E+01  -0.1545E+01  -0.7770E+00
 -0.3092E+01  -0.7774E+00  -0.7762E+00
 -0.3110E+01  -0.1545E+01  -0.7525E-02
 -0.2324E+01  -0.7675E+00   0.6099E-03
 -0.2332E+01  -0.1550E+01   0.7806E+00
 -0.3110E+01  -0.7765E+00   0.7795E+00
 -0.3105E+01  -0.1543E+01   0.1555E+01
 -0.2324E+01  -0.7693E+00   0.1558E+01
 -0.2320E+01  -0.1558E+01   0.2327E+01
 -0.3099E+01  -0.7829E+00   0.2330E+01
 -0.3099E+01  -0.4196E-02  -0.3100E+01
 -0.2341E+01   0.7838E+00  -0.3113E+01
 -0.2336E+01   0.7737E-03  -0.2328E+01
 -0.3104E+01   0.7756E+00  -0.2329E+01
 -0.3118E+01   0.1343E-02  -0.1556E+01
 -0.2330E+01   0.7841E+00  -0.1551E+01
 -0.2338E+01   0.2156E-02  -0.7823E+00
 -0.3123E+01   0.7876E+00  -0.7786E+00
 -0.3126E+01   0.3710E-02  -0.4535E-03
 -0.2341E+01   0.7743E+00   0.6002E-02
 -0.2344E+01  -0.4880E-03   0.7825E+00
 -0.3117E+01   0.7739E+00   0.7867E+00
 -0.3119E+01  -0.1099E-03   0.1559E+01
 -0.2342E+01   0.7832E+00   0.1555E+01
 -0.2345E+01   0.6146E-03   0.2348E+01
 -0.3123E+01   0.7846E+00   0.2346E+01
 -0.3132E+01   0.1571E+01  -0.3133E+01
 -0.2347E+01   0.2346E+01  -0.3127E+01
 -0.2353E+01   0.1561E+01  -0.2340E+01
 -0.3131E+01   0.2350E+01  -0.2345E+01
 -0.3132E+01   0.1575E+01  -0.1571E+01
 -0.2355E+01   0.2354E+01  -0.1567E+01
 -0.2345E+01   0.1562E+01  -0.7893E+00
 -0.3135E+01   0.2349E+01  -0.7865E+00
 -0.3135E+01   0.1564E+01   0.4211E-02
 -0.2345E+01   0.2361E+01  -0.5630E-02
 -0.2354E+01   0.1565E+01   0.7774E+00
 -0.3144E+01   0.2361E+01   0.7789E+00
 -0.3144E+01   0.1569E+01   0.1578E+01
 -0.2361E+01   0.2361E+01   0.1563E+01
 -0.2351E+01   0.1573E+01   0.2356E+01
 -0.3151E+01   0.2367E+01   0.2365E+01
 -0.1563E+01  -0.3150E+01  -0.3154E+01
 -0.7834E+00  -0.2362E+01  -0.3140E+01
 -0.7926E+00  -0.3141E+01  -0.2363E+01
 -0.1579E+01  -0.2367E+01  -0.2363E+01
 -0.1570E+01  -0.3146E+01  -0.1569E+01
 -0.7834E+00  -0.2355E+01  -0.1573E+01
 -0.7928E+00  -0.3147E+01  -0.7952E+00
 -0.1571E+01  -0.2358E+01  -0.7927E+00
 -0.1573E+01  -0.3150E+01   0.7065E-02
 -0.7806E+00  -0.2368E+01  -0.5094E-02
 -0.7790E+00  -0.3154E+01   0.7933E+00
 -0.1575E+01  -0.2370E+01   0.7942E+00
 -0.1578E+01  -0.3150E+01   0.1570E+01
 -0.7849E+00  -0.2362E+01   0.1570E+01
 -0.7868E+00  -0.3148E+01   0.2356E+01
 -0.1567E+01  -0.2366E+01   0.2368E+01
 -0.1572E+01  -0.1568E+01  -0.3148E+01
 -0.7837E+00  -0.7870E+00  -0.3143E+01
 -0.7942E+00  -0.1570E+01  -0.2364E+01
 -0.1577E+01  -0.7787E+00  -0.2358E+01
 -0.1578E+01  -0.1572E+01  -0.1579E+01
 -0.7805E+00  -0.7833E+00  -0.1578E+01
 -0.7890E+00  -0.1575E+01  -0.7879E+00
 -0.1564E+01  -0.7844E+00  -0.7897E+00
 -0.1569E+01  -0.1581E+01  -0.5054E-02
 -0.7780E+00  -0.7790E+00   0.5182E-02
 -0.7894E+00  -0.1579E+01   0.7790E+00
 -0.1565E+01  -0.7862E+00   0.7811E+00
 -0.1563E+01  -0.1573E+01   0.1568E+01
 -0.7877E+00  -0.7829E+00   0.1566E+01
 -0.7823E+00  -0.1574E+01   0.2349E+01
 -0.1562E+01  -0.7931E+00   0.2363E+01
 -0.1574E+01   0.8343E-02  -0.3152E+01
 -0.7782E+00   0.7941E+00  -0.3139E+01
 -0.7937E+00   0.6202E-02  -0.2364E+01
 -0.1571E+01   0.7785E+00  -0.2362E+01
 -0.1579E+01  -0.4453E-02  -0.1579E+01
 -0.7933E+00   0.7799E+00  -0.1579E+01
 -0.7809E+00  -0.3330E-02  -0.7851E+00
 -0.1567E+01   0.7838E+00  -0.7822E+00
 -0.1576E+01   0.2627E-02  -0.6920E-03
 -0.7875E+00   0.7915E+00  -0.5693E-02
 -0.7920E+00  -0.4250E-02   0.7879E+00
 -0.1571E+01   0.7929E+00   0.7795E+00
 -0.1562E+01  -0.4604E-02   0.1573E+01
 -0.7906E+00   0.7805E+00   0.1564E+01
 -0.7846E+00  -0.1638E-02   0.2364E+01
 -0.1571E+01   0.7806E+00   0.2348E+01
 -0.1579E+01   0.1570E+01  -0.3138E+01
 -0.7782E+00   0.2362E+01  -0.3151E+01
 -0.7937E+00   0.1565E+01  -0.2356E+01
 -0.1571E+01   0.2354E+01  -0.2359E+01
 -0.1574E+01   0.1565E+01  -0.1578E+01
 -0.7904E+00   0.2351E+01  -0.1564E+01
 -0.7865E+00   0.1575E+01  -0.7802E+00
 -0.1580E+01   0.2354E+01  -0.7814E+00
 -0.1577E+01   0.1573E+01   0.5566E-02
 -0.7932E+00   0.2351E+01  -0.1394E-02
 -0.7809E+00   0.1580E+01   0.7897E+00
 -0.1575E+01   0.2361E+01   0.7952E+00
 -0.1566E+01   0.1575E+01   0.1572E+01
 -0.7852E+00   0.2352E+01   0.1580E+01
 -0.7795E+00   0.1567E+01   0.2363E+01
 -0.1576E+01   0.2366E+01   0.2359E+01
  0.7162E-02  -0.3156E+01  -0.3154E+01
  0.7832E+00  -0.2368E+01  -0.3155E+01
  0.7806E+00  -0.3160E+01  -0.2370E+01
  0.5324E-02  -0.2370E+01  -0.2362E+01
 -0.8137E-02  -0.3149E+01  -0.1573E+01
  0.7868E+00  -0.2369E+01  -0.1576E+01
  0.7926E+00  -0.3150E+01  -0.7802E+00
 -0.2766E-02  -0.2364E+01  -0.7833E+00
  0.4449E-02  -0.3155E+01  -0.8788E-02
  0.7838E+00  -0.2366E+01   0.5459E-02
  0.7896E+00  -0.3152E+01   0.7867E+00
 -0.3441E-02  -0.2375E+01   0.7913E+00
 -0.7284E-02  -0.3161E+01   0.1587E+01
  0.7930E+00  -0.2363E+01   0.1583E+01
  0.7988E+00  -0.3157E+01   0.2367E+01
 -0.4715E-03  -0.2372E+01   0.2378E+01
  0.4740E-02  -0.1578E+01  -0.3169E+01
  0.7895E+00  -0.7888E+00  -0.3169E+01
  0.7928E+00  -0.1585E+01  -0.2382E+01
 -0.5836E-02  -0.7890E+00  -0.2367E+01
 -0.5938E-02  -0.1578E+01  -0.1576E+01
  0.7893E+00  -0.7849E+00  -0.1579E+01
  0.7817E+00  -0.1583E+01  -0.7926E+00
  0.4441E-03  -0.7974E+00  -0.7960E+00
 -0.2774E-03  -0.1578E+01   0.7452E-02
  0.7993E+00  -0.7939E+00  -0.7189E-02
  0.7868E+00  -0.1575E+01   0.7889E+00
 -0.8415E-02  -0.7817E+00   0.7836E+00
 -0.8236E-02  -0.1577E+01   0.1584E+01
  0.7858E+00  -0.7880E+00   0.1574E+01
  0.7907E+00  -0.1587E+01   0.2371E+01
 -0.5158E-02  -0.7986E+00   0.2368E+01
  0.1732E-02   0.6507E-02  -0.3158E+01
  0.7906E+00   0.7996E+00  -0.3161E+01
  0.7944E+00   0.2861E-02  -0.2381E+01
 -0.6620E-02   0.7853E+00  -0.2382E+01
  0.3947E-02   0.7629E-02  -0.1585E+01
  0.7998E+00   0.7847E+00  -0.1581E+01
  0.7955E+00  -0.8136E-02  -0.7831E+00
  0.1108E-02   0.7950E+00  -0.7971E+00
  0.9267E-03  -0.1223E-02  -0.5727E-02
  0.7958E+00   0.7918E+00   0.1670E-02
  0.7904E+00  -0.6923E-02   0.7988E+00
 -0.7368E-02   0.7896E+00   0.7829E+00
 -0.2924E-02   0.3578E-02   0.1575E+01
  0.7828E+00   0.7839E+00   0.1582E+01
  0.7827E+00  -0.7609E-02   0.2382E+01
  0.1249E-02   0.7888E+00   0.2369E+01
 -0.6706E-02   0.1581E+01  -0.3175E+01
  0.7847E+00   0.2374E+01  -0.3167E+01
  0.7988E+00   0.1582E+01  -0.2379E+01
  0.9151E-02   0.2383E+01  -0.2370E+01
  0.6282E-02   0.1584E+01  -0.1585E+01
  0.7997E+00   0.2372E+01  -0.1578E+01
  0.7952E+00   0.1593E+01  -0.7991E+00
 -0.4396E-02   0.2378E+01  -0.7934E+00
  0.1037E-02   0.1578E+01   0.3146E-02
  0.7957E+00   0.2370E+01   0.6034E-02
  0.7939E+00   0.1579E+01   0.8010E+00
  0.6706E-02   0.2377E+01   0.7940E+00
 -0.7947E-02   0.1584E+01   0.1594E+01
  0.7941E+00   0.2371E+01   0.1584E+01
  0.7989E+00   0.1586E+01   0.2382E+01
 -0.4847E-02   0.2385E+01   0.2387E+01
  0.1592E+01  -0.3175E+01  -0.3174E+01
  0.2375E+01  -0.2373E+01  -0.3168E+01
  0.2382E+01  -0.3186E+01  -0.2379E+01
  0.1588E+01  -0.2379E+01  -0.2388E+01
  0.1581E+01  -0.3186E+01  -0.1589E+01
  0.2393E+01  -0.2389E+01  -0.1585E+01
  0.2385E+01  -0.3175E+01  -0.7982E+00
  0.1586E+01  -0.2386E+01  -0.7962E+00
  0.1586E+01  -0.3188E+01   0.5925E-02
  0.2378E+01  -0.2379E+01  -0.3180E-02
  0.2390E+01  -0.3188E+01   0.7950E+00
  0.1598E+01  -0.2395E+01   0.7937E+00
  0.1591E+01  -0.3189E+01   0.1585E+01
  0.2395E+01  -0.2380E+01   0.1596E+01
  0.2387E+01  -0.3181E+01   0.2384E+01
  0.1590E+01  -0.2387E+01   0.2389E+01
  0.1597E+01  -0.1597E+01  -0.3181E+01
  0.2393E+01  -0.8034E+00  -0.3187E+01
  0.2391E+01  -0.1589E+01  -0.2390E+01
  0.1596E+01  -0.7978E+00  -0.2394E+01
  0.1594E+01  -0.1584E+01  -0.1600E+01
  0.2399E+01  -0.7950E+00  -0.1594E+01
  0.2383E+01  -0.1585E+01  -0.8044E+00
  0.1590E+01  -0.7934E+00  -0.8051E+00
  0.1598E+01  -0.1594E+01  -0.7332E-02
  0.2394E+01  -0.8038E+00   0.1097E-02
  0.2386E+01  -0.1601E+01   0.7949E+00
  0.1596E+01  -0.7940E+00   0.8051E+00
  0.1597E+01  -0.1592E+01   0.1586E+01
  0.2391E+01  -0.7959E+00   0.1599E+01
  0.2383E+01  -0.1585E+01   0.2387E+01
  0.1589E+01  -0.7909E+00   0.2398E+01
  0.1594E+01  -0.4900E-02  -0.3182E+01
  0.2384E+01   0.7939E+00  -0.3197E+01
  0.2397E+01   0.7665E-02  -0.2390E+01
  0.1603E+01   0.7960E+00  -0.2401E+01
  0.1605E+01  -0.6663E-02  -0.1595E+01
  0.2390E+01   0.8000E+00  -0.1604E+01
  0.2403E+01  -0.7199E-03  -0.7934E+00
  0.1605E+01   0.7967E+00  -0.7958E+00
  0.1598E+01  -0.4713E-02   0.7475E-02
  0.2399E+01   0.7976E+00   0.7581E-02
  0.2397E+01  -0.2831E-02   0.7931E+00
  0.1595E+01   0.8058E+00   0.7950E+00
  0.1599E+01   0.5615E-03   0.1598E+01
  0.2392E+01   0.8038E+00   0.1596E+01
  0.2398E+01  -0.8384E-03   0.2402E+01
  0.1593E+01   0.7966E+00   0.2400E+01
  0.1590E+01   0.1606E+01  -0.3188E+01
  0.2395E+01   0.2393E+01  -0.3191E+01
  0.2392E+01   0.1591E+01  -0.2403E+01
  0.1591E+01   0.2395E+01  -0.2407E+01
  0.1591E+01   0.1602E+01  -0.1593E+01
  0.2406E+01   0.2402E+01  -0.1598E+01
  0.2397E+01   0.1600E+01  -0.8066E+00
  0.1596E+01   0.2400E+01  -0.8024E+00
  0.1597E+01   0.1604E+01  -0.6077E-02
  0.2403E+01   0.2391E+01   0.1719E-02
  0.2399E+01   0.1608E+01   0.8069E+00
  0.1598E+01   0.2396E+01   0.7995E+00
  0.1608E+01   0.1595E+01   0.1597E+01
  0.2396E+01   0.2402E+01   0.1597E+01
  0.2404E+01   0.1607E+01   0.2401E+01
  0.1606E+01   0.2394E+01   0.2393E+01
