        time     pot_ergy     kin_ergy         v_mc        press       T_adim
  0.0000E+00  -0.4926E+01   0.1657E+01   0.2614E-16   0.2663E+01   0.1104E+01
  0.5000E-02  -0.4937E+01   0.1666E+01   0.2661E-16   0.2628E+01   0.1111E+01
  0.1000E-01  -0.4948E+01   0.1678E+01   0.3834E-16   0.2589E+01   0.1119E+01
  0.1500E-01  -0.4959E+01   0.1689E+01   0.8174E-17   0.2552E+01   0.1126E+01
  0.2000E-01  -0.4965E+01   0.1696E+01   0.6040E-17   0.2525E+01   0.1131E+01
  0.2500E-01  -0.4968E+01   0.1699E+01   0.2828E-16   0.2511E+01   0.1133E+01
  0.3000E-01  -0.4965E+01   0.1697E+01   0.2899E-16   0.2516E+01   0.1131E+01
  0.3500E-01  -0.4958E+01   0.1690E+01   0.2953E-16   0.2531E+01   0.1127E+01
  0.4000E-01  -0.4952E+01   0.1683E+01   0.3950E-16   0.2549E+01   0.1122E+01
  0.4500E-01  -0.4947E+01   0.1678E+01   0.6945E-16   0.2557E+01   0.1119E+01
  0.5000E-01  -0.4949E+01   0.1680E+01   0.3152E-16   0.2545E+01   0.1120E+01
  0.5500E-01  -0.4959E+01   0.1690E+01   0.2807E-16   0.2509E+01   0.1126E+01
  0.6000E-01  -0.4975E+01   0.1706E+01   0.3097E-16   0.2452E+01   0.1137E+01
  0.6500E-01  -0.4995E+01   0.1726E+01   0.2897E-16   0.2382E+01   0.1150E+01
  0.7000E-01  -0.5016E+01   0.1746E+01   0.5619E-16   0.2311E+01   0.1164E+01
  0.7500E-01  -0.5033E+01   0.1763E+01   0.2142E-16   0.2250E+01   0.1175E+01
  0.8000E-01  -0.5045E+01   0.1775E+01   0.3098E-16   0.2206E+01   0.1183E+01
  0.8500E-01  -0.5052E+01   0.1782E+01   0.3411E-16   0.2180E+01   0.1188E+01
  0.9000E-01  -0.5053E+01   0.1784E+01   0.3770E-16   0.2168E+01   0.1189E+01
  0.9500E-01  -0.5054E+01   0.1785E+01   0.3662E-16   0.2162E+01   0.1190E+01
  0.1000E+00  -0.5057E+01   0.1787E+01   0.2170E-16   0.2154E+01   0.1191E+01
  0.1050E+00  -0.5060E+01   0.1791E+01   0.2392E-16   0.2142E+01   0.1194E+01
  0.1100E+00  -0.5066E+01   0.1797E+01   0.4690E-16   0.2125E+01   0.1198E+01
  0.1150E+00  -0.5074E+01   0.1803E+01   0.2168E-16   0.2106E+01   0.1202E+01
  0.1200E+00  -0.5079E+01   0.1808E+01   0.5979E-16   0.2095E+01   0.1205E+01
  0.1250E+00  -0.5080E+01   0.1809E+01   0.3793E-16   0.2095E+01   0.1206E+01
  0.1300E+00  -0.5078E+01   0.1807E+01   0.8143E-16   0.2109E+01   0.1204E+01
  0.1350E+00  -0.5072E+01   0.1801E+01   0.5422E-16   0.2134E+01   0.1201E+01
  0.1400E+00  -0.5065E+01   0.1793E+01   0.4622E-16   0.2163E+01   0.1196E+01
  0.1450E+00  -0.5058E+01   0.1787E+01   0.4109E-16   0.2191E+01   0.1191E+01
  0.1500E+00  -0.5055E+01   0.1783E+01   0.8298E-16   0.2211E+01   0.1188E+01
  0.1550E+00  -0.5054E+01   0.1781E+01   0.1397E-15   0.2223E+01   0.1188E+01
  0.1600E+00  -0.5054E+01   0.1781E+01   0.1685E-15   0.2231E+01   0.1188E+01
  0.1650E+00  -0.5054E+01   0.1781E+01   0.2694E-16   0.2242E+01   0.1187E+01
  0.1700E+00  -0.5050E+01   0.1777E+01   0.3040E-16   0.2261E+01   0.1185E+01
  0.1750E+00  -0.5043E+01   0.1770E+01   0.1834E-16   0.2293E+01   0.1180E+01
  0.1800E+00  -0.5033E+01   0.1760E+01   0.6443E-16   0.2334E+01   0.1173E+01
  0.1850E+00  -0.5021E+01   0.1748E+01   0.6022E-16   0.2381E+01   0.1165E+01
  0.1900E+00  -0.5008E+01   0.1735E+01   0.4427E-16   0.2431E+01   0.1157E+01
  0.1950E+00  -0.4995E+01   0.1723E+01   0.3951E-16   0.2479E+01   0.1148E+01
  0.2000E+00  -0.4983E+01   0.1711E+01   0.6598E-16   0.2526E+01   0.1140E+01
  0.2050E+00  -0.4973E+01   0.1700E+01   0.2939E-16   0.2566E+01   0.1133E+01
  0.2100E+00  -0.4964E+01   0.1691E+01   0.3999E-16   0.2598E+01   0.1127E+01
  0.2150E+00  -0.4959E+01   0.1686E+01   0.5773E-16   0.2616E+01   0.1124E+01
  0.2200E+00  -0.4960E+01   0.1687E+01   0.2752E-16   0.2612E+01   0.1125E+01
  0.2250E+00  -0.4968E+01   0.1695E+01   0.4480E-16   0.2586E+01   0.1130E+01
  0.2300E+00  -0.4980E+01   0.1706E+01   0.1932E-16   0.2545E+01   0.1137E+01
  0.2350E+00  -0.4992E+01   0.1718E+01   0.2813E-16   0.2503E+01   0.1145E+01
  0.2400E+00  -0.5000E+01   0.1726E+01   0.5261E-16   0.2469E+01   0.1151E+01
  0.2450E+00  -0.5004E+01   0.1730E+01   0.2822E-16   0.2447E+01   0.1154E+01
  0.2500E+00  -0.5004E+01   0.1731E+01   0.3838E-16   0.2437E+01   0.1154E+01
  0.2550E+00  -0.5001E+01   0.1728E+01   0.3865E-16   0.2435E+01   0.1152E+01
  0.2600E+00  -0.4998E+01   0.1726E+01   0.5359E-16   0.2435E+01   0.1150E+01
  0.2650E+00  -0.4996E+01   0.1723E+01   0.3214E-16   0.2432E+01   0.1149E+01
  0.2700E+00  -0.4996E+01   0.1722E+01   0.3737E-16   0.2426E+01   0.1148E+01
  0.2750E+00  -0.4996E+01   0.1723E+01   0.4221E-16   0.2417E+01   0.1149E+01
  0.2800E+00  -0.4996E+01   0.1724E+01   0.3705E-16   0.2407E+01   0.1149E+01
  0.2850E+00  -0.4997E+01   0.1724E+01   0.3592E-16   0.2398E+01   0.1150E+01
  0.2900E+00  -0.4997E+01   0.1725E+01   0.2198E-16   0.2390E+01   0.1150E+01
  0.2950E+00  -0.4997E+01   0.1724E+01   0.3385E-16   0.2384E+01   0.1150E+01
  0.3000E+00  -0.4997E+01   0.1724E+01   0.1156E-16   0.2379E+01   0.1149E+01
  0.3050E+00  -0.4996E+01   0.1723E+01   0.2970E-16   0.2375E+01   0.1149E+01
  0.3100E+00  -0.4994E+01   0.1722E+01   0.3637E-16   0.2374E+01   0.1148E+01
  0.3150E+00  -0.4992E+01   0.1720E+01   0.2754E-16   0.2376E+01   0.1146E+01
  0.3200E+00  -0.4989E+01   0.1717E+01   0.6012E-16   0.2379E+01   0.1145E+01
  0.3250E+00  -0.4987E+01   0.1715E+01   0.5242E-16   0.2385E+01   0.1143E+01
  0.3300E+00  -0.4983E+01   0.1711E+01   0.2404E-16   0.2394E+01   0.1141E+01
  0.3350E+00  -0.4976E+01   0.1704E+01   0.1617E-16   0.2413E+01   0.1136E+01
  0.3400E+00  -0.4965E+01   0.1693E+01   0.8034E-16   0.2448E+01   0.1129E+01
  0.3450E+00  -0.4950E+01   0.1678E+01   0.3826E-16   0.2495E+01   0.1119E+01
  0.3500E+00  -0.4932E+01   0.1660E+01   0.4818E-16   0.2550E+01   0.1107E+01
  0.3550E+00  -0.4915E+01   0.1645E+01   0.8619E-16   0.2597E+01   0.1097E+01
  0.3600E+00  -0.4905E+01   0.1635E+01   0.8006E-16   0.2623E+01   0.1090E+01
  0.3650E+00  -0.4905E+01   0.1635E+01   0.6634E-16   0.2619E+01   0.1090E+01
  0.3700E+00  -0.4912E+01   0.1643E+01   0.5428E-16   0.2586E+01   0.1095E+01
  0.3750E+00  -0.4927E+01   0.1657E+01   0.7488E-16   0.2531E+01   0.1105E+01
  0.3800E+00  -0.4945E+01   0.1675E+01   0.8231E-16   0.2464E+01   0.1117E+01
  0.3850E+00  -0.4963E+01   0.1693E+01   0.2951E-16   0.2398E+01   0.1128E+01
  0.3900E+00  -0.4977E+01   0.1707E+01   0.7018E-16   0.2343E+01   0.1138E+01
  0.3950E+00  -0.4985E+01   0.1714E+01   0.3022E-16   0.2308E+01   0.1143E+01
  0.4000E+00  -0.4987E+01   0.1716E+01   0.7943E-16   0.2295E+01   0.1144E+01
  0.4050E+00  -0.4984E+01   0.1714E+01   0.4894E-16   0.2297E+01   0.1143E+01
  0.4100E+00  -0.4980E+01   0.1710E+01   0.1372E-16   0.2305E+01   0.1140E+01
  0.4150E+00  -0.4978E+01   0.1708E+01   0.3789E-16   0.2311E+01   0.1138E+01
  0.4200E+00  -0.4976E+01   0.1707E+01   0.3904E-16   0.2317E+01   0.1138E+01
  0.4250E+00  -0.4976E+01   0.1707E+01   0.4781E-16   0.2321E+01   0.1138E+01
  0.4300E+00  -0.4977E+01   0.1708E+01   0.1612E-16   0.2322E+01   0.1139E+01
  0.4350E+00  -0.4980E+01   0.1710E+01   0.4806E-16   0.2322E+01   0.1140E+01
  0.4400E+00  -0.4982E+01   0.1712E+01   0.3974E-16   0.2323E+01   0.1142E+01
  0.4450E+00  -0.4983E+01   0.1713E+01   0.1579E-16   0.2329E+01   0.1142E+01
  0.4500E+00  -0.4982E+01   0.1713E+01   0.4219E-16   0.2342E+01   0.1142E+01
  0.4550E+00  -0.4979E+01   0.1709E+01   0.4591E-16   0.2362E+01   0.1140E+01
  0.4600E+00  -0.4974E+01   0.1704E+01   0.2868E-16   0.2390E+01   0.1136E+01
  0.4650E+00  -0.4967E+01   0.1698E+01   0.4100E-16   0.2422E+01   0.1132E+01
  0.4700E+00  -0.4959E+01   0.1689E+01   0.2267E-16   0.2460E+01   0.1126E+01
  0.4750E+00  -0.4950E+01   0.1679E+01   0.7411E-17   0.2502E+01   0.1120E+01
  0.4800E+00  -0.4939E+01   0.1668E+01   0.5422E-16   0.2548E+01   0.1112E+01
  0.4850E+00  -0.4926E+01   0.1655E+01   0.1888E-16   0.2597E+01   0.1103E+01
  0.4900E+00  -0.4914E+01   0.1642E+01   0.1926E-16   0.2644E+01   0.1095E+01
  0.4950E+00  -0.4902E+01   0.1632E+01   0.2921E-16   0.2685E+01   0.1088E+01
  0.5000E+00  -0.4895E+01   0.1625E+01   0.3067E-16   0.2711E+01   0.1083E+01
  0.5050E+00  -0.4894E+01   0.1624E+01   0.2485E-16   0.2715E+01   0.1083E+01
  0.5100E+00  -0.4899E+01   0.1629E+01   0.3767E-16   0.2696E+01   0.1086E+01
  0.5150E+00  -0.4910E+01   0.1640E+01   0.2970E-16   0.2660E+01   0.1093E+01
  0.5200E+00  -0.4923E+01   0.1653E+01   0.3386E-16   0.2613E+01   0.1102E+01
  0.5250E+00  -0.4936E+01   0.1665E+01   0.2579E-16   0.2567E+01   0.1110E+01
  0.5300E+00  -0.4947E+01   0.1676E+01   0.3391E-16   0.2525E+01   0.1117E+01
  0.5350E+00  -0.4956E+01   0.1685E+01   0.4417E-16   0.2488E+01   0.1123E+01
  0.5400E+00  -0.4962E+01   0.1692E+01   0.3593E-16   0.2456E+01   0.1128E+01
  0.5450E+00  -0.4969E+01   0.1699E+01   0.8589E-16   0.2424E+01   0.1133E+01
  0.5500E+00  -0.4976E+01   0.1706E+01   0.5343E-16   0.2392E+01   0.1137E+01
  0.5550E+00  -0.4983E+01   0.1712E+01   0.9779E-16   0.2358E+01   0.1142E+01
  0.5600E+00  -0.4990E+01   0.1720E+01   0.4600E-16   0.2324E+01   0.1147E+01
  0.5650E+00  -0.4998E+01   0.1728E+01   0.7271E-16   0.2288E+01   0.1152E+01
  0.5700E+00  -0.5007E+01   0.1736E+01   0.7871E-16   0.2249E+01   0.1157E+01
  0.5750E+00  -0.5015E+01   0.1744E+01   0.6738E-16   0.2213E+01   0.1163E+01
  0.5800E+00  -0.5023E+01   0.1752E+01   0.5827E-16   0.2177E+01   0.1168E+01
  0.5850E+00  -0.5030E+01   0.1759E+01   0.2631E-16   0.2146E+01   0.1173E+01
  0.5900E+00  -0.5035E+01   0.1765E+01   0.1085E-15   0.2120E+01   0.1176E+01
  0.5950E+00  -0.5038E+01   0.1767E+01   0.3153E-16   0.2104E+01   0.1178E+01
  0.6000E+00  -0.5036E+01   0.1765E+01   0.1384E-15   0.2103E+01   0.1177E+01
  0.6050E+00  -0.5029E+01   0.1759E+01   0.1992E-15   0.2117E+01   0.1173E+01
  0.6100E+00  -0.5021E+01   0.1750E+01   0.1314E-15   0.2139E+01   0.1167E+01
  0.6150E+00  -0.5009E+01   0.1739E+01   0.5846E-16   0.2169E+01   0.1159E+01
  0.6200E+00  -0.4999E+01   0.1730E+01   0.8359E-16   0.2194E+01   0.1153E+01
  0.6250E+00  -0.4995E+01   0.1725E+01   0.4803E-16   0.2204E+01   0.1150E+01
  0.6300E+00  -0.4995E+01   0.1725E+01   0.1028E-15   0.2198E+01   0.1150E+01
  0.6350E+00  -0.5001E+01   0.1731E+01   0.1084E-15   0.2175E+01   0.1154E+01
  0.6400E+00  -0.5010E+01   0.1741E+01   0.6737E-16   0.2141E+01   0.1160E+01
  0.6450E+00  -0.5022E+01   0.1752E+01   0.3078E-16   0.2100E+01   0.1168E+01
  0.6500E+00  -0.5033E+01   0.1763E+01   0.5381E-16   0.2062E+01   0.1175E+01
  0.6550E+00  -0.5041E+01   0.1771E+01   0.5495E-16   0.2032E+01   0.1181E+01
  0.6600E+00  -0.5046E+01   0.1776E+01   0.5403E-16   0.2015E+01   0.1184E+01
  0.6650E+00  -0.5047E+01   0.1778E+01   0.7048E-16   0.2009E+01   0.1185E+01
  0.6700E+00  -0.5045E+01   0.1775E+01   0.2676E-16   0.2015E+01   0.1184E+01
  0.6750E+00  -0.5041E+01   0.1771E+01   0.2634E-16   0.2028E+01   0.1180E+01
  0.6800E+00  -0.5034E+01   0.1764E+01   0.9309E-16   0.2049E+01   0.1176E+01
  0.6850E+00  -0.5026E+01   0.1756E+01   0.5741E-16   0.2071E+01   0.1171E+01
  0.6900E+00  -0.5019E+01   0.1748E+01   0.7912E-16   0.2095E+01   0.1166E+01
  0.6950E+00  -0.5011E+01   0.1741E+01   0.6831E-16   0.2117E+01   0.1161E+01
  0.7000E+00  -0.5005E+01   0.1735E+01   0.6561E-16   0.2135E+01   0.1156E+01
  0.7050E+00  -0.5002E+01   0.1731E+01   0.2330E-16   0.2143E+01   0.1154E+01
  0.7100E+00  -0.5003E+01   0.1731E+01   0.3342E-16   0.2138E+01   0.1154E+01
  0.7150E+00  -0.5010E+01   0.1738E+01   0.4905E-16   0.2116E+01   0.1158E+01
  0.7200E+00  -0.5022E+01   0.1750E+01   0.3763E-16   0.2076E+01   0.1167E+01
  0.7250E+00  -0.5039E+01   0.1766E+01   0.1518E-16   0.2025E+01   0.1178E+01
  0.7300E+00  -0.5056E+01   0.1783E+01   0.4018E-16   0.1975E+01   0.1189E+01
  0.7350E+00  -0.5070E+01   0.1797E+01   0.4844E-16   0.1937E+01   0.1198E+01
  0.7400E+00  -0.5078E+01   0.1805E+01   0.3607E-16   0.1920E+01   0.1204E+01
  0.7450E+00  -0.5081E+01   0.1807E+01   0.9926E-16   0.1924E+01   0.1205E+01
  0.7500E+00  -0.5076E+01   0.1802E+01   0.5341E-16   0.1954E+01   0.1201E+01
  0.7550E+00  -0.5064E+01   0.1791E+01   0.6564E-16   0.2007E+01   0.1194E+01
  0.7600E+00  -0.5048E+01   0.1775E+01   0.4242E-16   0.2076E+01   0.1183E+01
  0.7650E+00  -0.5030E+01   0.1757E+01   0.9213E-17   0.2153E+01   0.1171E+01
  0.7700E+00  -0.5010E+01   0.1738E+01   0.3951E-16   0.2233E+01   0.1158E+01
  0.7750E+00  -0.4991E+01   0.1719E+01   0.1712E-16   0.2309E+01   0.1146E+01
  0.7800E+00  -0.4975E+01   0.1703E+01   0.1222E-16   0.2378E+01   0.1135E+01
  0.7850E+00  -0.4962E+01   0.1690E+01   0.2064E-16   0.2433E+01   0.1127E+01
  0.7900E+00  -0.4954E+01   0.1682E+01   0.1438E-16   0.2472E+01   0.1121E+01
  0.7950E+00  -0.4952E+01   0.1680E+01   0.2913E-16   0.2489E+01   0.1120E+01
  0.8000E+00  -0.4955E+01   0.1684E+01   0.2159E-16   0.2487E+01   0.1122E+01
  0.8050E+00  -0.4963E+01   0.1691E+01   0.8676E-17   0.2471E+01   0.1127E+01
  0.8100E+00  -0.4972E+01   0.1701E+01   0.2708E-16   0.2447E+01   0.1134E+01
  0.8150E+00  -0.4982E+01   0.1710E+01   0.2381E-16   0.2422E+01   0.1140E+01
  0.8200E+00  -0.4991E+01   0.1719E+01   0.4518E-16   0.2398E+01   0.1146E+01
  0.8250E+00  -0.5000E+01   0.1729E+01   0.2122E-16   0.2373E+01   0.1152E+01
  0.8300E+00  -0.5010E+01   0.1739E+01   0.3149E-16   0.2346E+01   0.1159E+01
  0.8350E+00  -0.5020E+01   0.1749E+01   0.3137E-16   0.2319E+01   0.1166E+01
  0.8400E+00  -0.5028E+01   0.1756E+01   0.4536E-16   0.2300E+01   0.1171E+01
  0.8450E+00  -0.5032E+01   0.1760E+01   0.9228E-17   0.2296E+01   0.1173E+01
  0.8500E+00  -0.5030E+01   0.1759E+01   0.1703E-16   0.2307E+01   0.1173E+01
  0.8550E+00  -0.5025E+01   0.1754E+01   0.4308E-16   0.2329E+01   0.1169E+01
  0.8600E+00  -0.5018E+01   0.1748E+01   0.4355E-16   0.2358E+01   0.1165E+01
  0.8650E+00  -0.5011E+01   0.1741E+01   0.2965E-16   0.2387E+01   0.1161E+01
  0.8700E+00  -0.5006E+01   0.1737E+01   0.1426E-16   0.2408E+01   0.1158E+01
  0.8750E+00  -0.5007E+01   0.1737E+01   0.5526E-16   0.2414E+01   0.1158E+01
  0.8800E+00  -0.5011E+01   0.1741E+01   0.2129E-16   0.2405E+01   0.1161E+01
  0.8850E+00  -0.5019E+01   0.1749E+01   0.2401E-16   0.2386E+01   0.1166E+01
  0.8900E+00  -0.5029E+01   0.1758E+01   0.2953E-16   0.2360E+01   0.1172E+01
  0.8950E+00  -0.5038E+01   0.1767E+01   0.3339E-16   0.2336E+01   0.1178E+01
  0.9000E+00  -0.5045E+01   0.1774E+01   0.1706E-16   0.2319E+01   0.1183E+01
  0.9050E+00  -0.5048E+01   0.1777E+01   0.6245E-16   0.2313E+01   0.1185E+01
  0.9100E+00  -0.5046E+01   0.1775E+01   0.4294E-16   0.2324E+01   0.1183E+01
  0.9150E+00  -0.5038E+01   0.1768E+01   0.5788E-16   0.2352E+01   0.1179E+01
  0.9200E+00  -0.5027E+01   0.1757E+01   0.2981E-16   0.2395E+01   0.1171E+01
  0.9250E+00  -0.5011E+01   0.1742E+01   0.4780E-16   0.2451E+01   0.1161E+01
  0.9300E+00  -0.4994E+01   0.1725E+01   0.3184E-16   0.2511E+01   0.1150E+01
  0.9350E+00  -0.4977E+01   0.1708E+01   0.1292E-16   0.2573E+01   0.1139E+01
  0.9400E+00  -0.4961E+01   0.1693E+01   0.2663E-16   0.2630E+01   0.1129E+01
  0.9450E+00  -0.4948E+01   0.1681E+01   0.3999E-16   0.2678E+01   0.1120E+01
  0.9500E+00  -0.4940E+01   0.1672E+01   0.2763E-16   0.2713E+01   0.1114E+01
  0.9550E+00  -0.4934E+01   0.1666E+01   0.4435E-16   0.2736E+01   0.1111E+01
  0.9600E+00  -0.4930E+01   0.1662E+01   0.3762E-16   0.2754E+01   0.1108E+01
  0.9650E+00  -0.4928E+01   0.1659E+01   0.3242E-16   0.2768E+01   0.1106E+01
  0.9700E+00  -0.4922E+01   0.1653E+01   0.1635E-16   0.2789E+01   0.1102E+01
  0.9750E+00  -0.4913E+01   0.1645E+01   0.3528E-16   0.2818E+01   0.1096E+01
  0.9800E+00  -0.4900E+01   0.1632E+01   0.4984E-16   0.2857E+01   0.1088E+01
  0.9850E+00  -0.4885E+01   0.1617E+01   0.1209E-16   0.2902E+01   0.1078E+01
  0.9900E+00  -0.4870E+01   0.1602E+01   0.3028E-16   0.2946E+01   0.1068E+01
  0.9950E+00  -0.4857E+01   0.1589E+01   0.3133E-16   0.2980E+01   0.1059E+01
  0.1000E+01  -0.4850E+01   0.1581E+01   0.3456E-16   0.2994E+01   0.1054E+01
  0.1005E+01  -0.4849E+01   0.1580E+01   0.4626E-16   0.2987E+01   0.1053E+01
  0.1010E+01  -0.4855E+01   0.1586E+01   0.5265E-16   0.2956E+01   0.1057E+01
  0.1015E+01  -0.4866E+01   0.1597E+01   0.5718E-16   0.2905E+01   0.1065E+01
  0.1020E+01  -0.4883E+01   0.1614E+01   0.4649E-16   0.2836E+01   0.1076E+01
  0.1025E+01  -0.4904E+01   0.1635E+01   0.5936E-16   0.2756E+01   0.1090E+01
  0.1030E+01  -0.4925E+01   0.1656E+01   0.5420E-16   0.2673E+01   0.1104E+01
  0.1035E+01  -0.4945E+01   0.1676E+01   0.4521E-16   0.2593E+01   0.1117E+01
  0.1040E+01  -0.4964E+01   0.1695E+01   0.2480E-16   0.2519E+01   0.1130E+01
  0.1045E+01  -0.4981E+01   0.1712E+01   0.4613E-16   0.2452E+01   0.1141E+01
  0.1050E+01  -0.4996E+01   0.1727E+01   0.6406E-16   0.2392E+01   0.1151E+01
  0.1055E+01  -0.5009E+01   0.1740E+01   0.1231E-15   0.2342E+01   0.1160E+01
  0.1060E+01  -0.5020E+01   0.1750E+01   0.1261E-15   0.2302E+01   0.1167E+01
  0.1065E+01  -0.5027E+01   0.1757E+01   0.2009E-16   0.2274E+01   0.1171E+01
  0.1070E+01  -0.5031E+01   0.1761E+01   0.1408E-16   0.2259E+01   0.1174E+01
  0.1075E+01  -0.5031E+01   0.1761E+01   0.1711E-15   0.2257E+01   0.1174E+01
  0.1080E+01  -0.5027E+01   0.1758E+01   0.1050E-15   0.2266E+01   0.1172E+01
  0.1085E+01  -0.5022E+01   0.1754E+01   0.9546E-16   0.2282E+01   0.1169E+01
  0.1090E+01  -0.5018E+01   0.1749E+01   0.2378E-16   0.2298E+01   0.1166E+01
  0.1095E+01  -0.5014E+01   0.1745E+01   0.3164E-16   0.2311E+01   0.1163E+01
  0.1100E+01  -0.5012E+01   0.1742E+01   0.4811E-16   0.2320E+01   0.1162E+01
  0.1105E+01  -0.5011E+01   0.1742E+01   0.1418E-16   0.2321E+01   0.1161E+01
  0.1110E+01  -0.5014E+01   0.1744E+01   0.1879E-16   0.2314E+01   0.1163E+01
  0.1115E+01  -0.5018E+01   0.1749E+01   0.3456E-16   0.2301E+01   0.1166E+01
  0.1120E+01  -0.5025E+01   0.1755E+01   0.8600E-17   0.2281E+01   0.1170E+01
  0.1125E+01  -0.5031E+01   0.1762E+01   0.5228E-16   0.2260E+01   0.1175E+01
  0.1130E+01  -0.5038E+01   0.1769E+01   0.5900E-16   0.2237E+01   0.1179E+01
  0.1135E+01  -0.5044E+01   0.1775E+01   0.2897E-16   0.2215E+01   0.1184E+01
  0.1140E+01  -0.5052E+01   0.1782E+01   0.1091E-15   0.2190E+01   0.1188E+01
  0.1145E+01  -0.5060E+01   0.1790E+01   0.5949E-16   0.2164E+01   0.1193E+01
  0.1150E+01  -0.5068E+01   0.1798E+01   0.2221E-16   0.2137E+01   0.1199E+01
  0.1155E+01  -0.5075E+01   0.1805E+01   0.2110E-16   0.2114E+01   0.1203E+01
  0.1160E+01  -0.5080E+01   0.1810E+01   0.2140E-16   0.2098E+01   0.1207E+01
  0.1165E+01  -0.5082E+01   0.1812E+01   0.6286E-16   0.2092E+01   0.1208E+01
  0.1170E+01  -0.5080E+01   0.1810E+01   0.9931E-16   0.2100E+01   0.1207E+01
  0.1175E+01  -0.5073E+01   0.1804E+01   0.3678E-16   0.2124E+01   0.1203E+01
  0.1180E+01  -0.5062E+01   0.1793E+01   0.7760E-16   0.2163E+01   0.1195E+01
  0.1185E+01  -0.5047E+01   0.1778E+01   0.3218E-16   0.2215E+01   0.1185E+01
  0.1190E+01  -0.5029E+01   0.1759E+01   0.3413E-16   0.2278E+01   0.1173E+01
  0.1195E+01  -0.5008E+01   0.1738E+01   0.4838E-16   0.2352E+01   0.1158E+01
  0.1200E+01  -0.4984E+01   0.1714E+01   0.5126E-16   0.2432E+01   0.1143E+01
  0.1205E+01  -0.4959E+01   0.1690E+01   0.3615E-16   0.2515E+01   0.1127E+01
  0.1210E+01  -0.4936E+01   0.1667E+01   0.7029E-16   0.2593E+01   0.1111E+01
  0.1215E+01  -0.4916E+01   0.1647E+01   0.3655E-16   0.2659E+01   0.1098E+01
  0.1220E+01  -0.4903E+01   0.1633E+01   0.7353E-16   0.2704E+01   0.1089E+01
  0.1225E+01  -0.4897E+01   0.1627E+01   0.5108E-16   0.2723E+01   0.1085E+01
  0.1230E+01  -0.4899E+01   0.1629E+01   0.4946E-16   0.2716E+01   0.1086E+01
  0.1235E+01  -0.4910E+01   0.1639E+01   0.5069E-16   0.2681E+01   0.1093E+01
  0.1240E+01  -0.4927E+01   0.1656E+01   0.4969E-16   0.2625E+01   0.1104E+01
  0.1245E+01  -0.4947E+01   0.1676E+01   0.4219E-16   0.2558E+01   0.1117E+01
  0.1250E+01  -0.4965E+01   0.1694E+01   0.4945E-16   0.2498E+01   0.1129E+01
  0.1255E+01  -0.4977E+01   0.1706E+01   0.2370E-16   0.2455E+01   0.1137E+01
  0.1260E+01  -0.4981E+01   0.1711E+01   0.4590E-16   0.2436E+01   0.1141E+01
  0.1265E+01  -0.4980E+01   0.1710E+01   0.3650E-16   0.2435E+01   0.1140E+01
  0.1270E+01  -0.4975E+01   0.1704E+01   0.5162E-16   0.2447E+01   0.1136E+01
  0.1275E+01  -0.4967E+01   0.1696E+01   0.3614E-16   0.2467E+01   0.1130E+01
  0.1280E+01  -0.4958E+01   0.1687E+01   0.5573E-16   0.2490E+01   0.1125E+01
  0.1285E+01  -0.4949E+01   0.1679E+01   0.2135E-16   0.2508E+01   0.1119E+01
  0.1290E+01  -0.4943E+01   0.1673E+01   0.6357E-16   0.2520E+01   0.1116E+01
  0.1295E+01  -0.4941E+01   0.1670E+01   0.3616E-16   0.2520E+01   0.1113E+01
  0.1300E+01  -0.4940E+01   0.1669E+01   0.3619E-16   0.2514E+01   0.1113E+01
  0.1305E+01  -0.4941E+01   0.1670E+01   0.2750E-16   0.2500E+01   0.1113E+01
  0.1310E+01  -0.4944E+01   0.1673E+01   0.5302E-16   0.2480E+01   0.1115E+01
  0.1315E+01  -0.4948E+01   0.1676E+01   0.4672E-16   0.2457E+01   0.1118E+01
  0.1320E+01  -0.4951E+01   0.1681E+01   0.3738E-16   0.2433E+01   0.1121E+01
  0.1325E+01  -0.4957E+01   0.1686E+01   0.2803E-16   0.2406E+01   0.1124E+01
  0.1330E+01  -0.4963E+01   0.1692E+01   0.6210E-16   0.2376E+01   0.1128E+01
  0.1335E+01  -0.4971E+01   0.1701E+01   0.1868E-16   0.2339E+01   0.1134E+01
  0.1340E+01  -0.4981E+01   0.1711E+01   0.4477E-16   0.2296E+01   0.1141E+01
  0.1345E+01  -0.4994E+01   0.1724E+01   0.3597E-16   0.2247E+01   0.1149E+01
  0.1350E+01  -0.5009E+01   0.1739E+01   0.2846E-16   0.2193E+01   0.1159E+01
  0.1355E+01  -0.5023E+01   0.1753E+01   0.3044E-16   0.2141E+01   0.1169E+01
  0.1360E+01  -0.5036E+01   0.1766E+01   0.2991E-16   0.2096E+01   0.1177E+01
  0.1365E+01  -0.5045E+01   0.1775E+01   0.4267E-16   0.2063E+01   0.1183E+01
  0.1370E+01  -0.5050E+01   0.1780E+01   0.4204E-16   0.2047E+01   0.1187E+01
  0.1375E+01  -0.5051E+01   0.1781E+01   0.2908E-16   0.2044E+01   0.1187E+01
  0.1380E+01  -0.5048E+01   0.1778E+01   0.2418E-16   0.2058E+01   0.1185E+01
  0.1385E+01  -0.5041E+01   0.1771E+01   0.1642E-16   0.2087E+01   0.1181E+01
  0.1390E+01  -0.5030E+01   0.1760E+01   0.2132E-16   0.2130E+01   0.1173E+01
  0.1395E+01  -0.5016E+01   0.1746E+01   0.3421E-16   0.2187E+01   0.1164E+01
  0.1400E+01  -0.4998E+01   0.1728E+01   0.3529E-16   0.2254E+01   0.1152E+01
  0.1405E+01  -0.4978E+01   0.1708E+01   0.5877E-16   0.2328E+01   0.1139E+01
  0.1410E+01  -0.4957E+01   0.1688E+01   0.4842E-16   0.2405E+01   0.1125E+01
  0.1415E+01  -0.4938E+01   0.1668E+01   0.2447E-16   0.2474E+01   0.1112E+01
  0.1420E+01  -0.4921E+01   0.1653E+01   0.1547E-16   0.2532E+01   0.1102E+01
  0.1425E+01  -0.4912E+01   0.1643E+01   0.2808E-16   0.2565E+01   0.1095E+01
  0.1430E+01  -0.4910E+01   0.1641E+01   0.1522E-16   0.2572E+01   0.1094E+01
  0.1435E+01  -0.4916E+01   0.1647E+01   0.2744E-16   0.2551E+01   0.1098E+01
  0.1440E+01  -0.4928E+01   0.1659E+01   0.1790E-16   0.2509E+01   0.1106E+01
  0.1445E+01  -0.4942E+01   0.1673E+01   0.5245E-16   0.2457E+01   0.1115E+01
  0.1450E+01  -0.4956E+01   0.1686E+01   0.2888E-16   0.2406E+01   0.1124E+01
  0.1455E+01  -0.4965E+01   0.1696E+01   0.3690E-16   0.2367E+01   0.1131E+01
  0.1460E+01  -0.4972E+01   0.1702E+01   0.3968E-16   0.2338E+01   0.1134E+01
  0.1465E+01  -0.4975E+01   0.1706E+01   0.4283E-16   0.2317E+01   0.1137E+01
  0.1470E+01  -0.4981E+01   0.1712E+01   0.3656E-16   0.2293E+01   0.1141E+01
  0.1475E+01  -0.4989E+01   0.1720E+01   0.3700E-16   0.2264E+01   0.1147E+01
  0.1480E+01  -0.4998E+01   0.1728E+01   0.8771E-17   0.2238E+01   0.1152E+01
  0.1485E+01  -0.5001E+01   0.1731E+01   0.1507E-16   0.2228E+01   0.1154E+01
  0.1490E+01  -0.4999E+01   0.1730E+01   0.4701E-16   0.2236E+01   0.1153E+01
  0.1495E+01  -0.4993E+01   0.1725E+01   0.3439E-16   0.2258E+01   0.1150E+01
  0.1500E+01  -0.4986E+01   0.1717E+01   0.2547E-16   0.2288E+01   0.1145E+01
  0.1505E+01  -0.4977E+01   0.1709E+01   0.3450E-16   0.2320E+01   0.1139E+01
  0.1510E+01  -0.4969E+01   0.1700E+01   0.7785E-17   0.2352E+01   0.1134E+01
  0.1515E+01  -0.4960E+01   0.1691E+01   0.3673E-16   0.2387E+01   0.1127E+01
  0.1520E+01  -0.4949E+01   0.1681E+01   0.1797E-16   0.2423E+01   0.1121E+01
  0.1525E+01  -0.4941E+01   0.1672E+01   0.2126E-16   0.2455E+01   0.1114E+01
  0.1530E+01  -0.4933E+01   0.1663E+01   0.2578E-16   0.2482E+01   0.1109E+01
  0.1535E+01  -0.4927E+01   0.1657E+01   0.3182E-16   0.2502E+01   0.1105E+01
  0.1540E+01  -0.4922E+01   0.1652E+01   0.4906E-16   0.2517E+01   0.1102E+01
  0.1545E+01  -0.4917E+01   0.1647E+01   0.2274E-16   0.2530E+01   0.1098E+01
  0.1550E+01  -0.4910E+01   0.1641E+01   0.2667E-16   0.2549E+01   0.1094E+01
  0.1555E+01  -0.4903E+01   0.1633E+01   0.3137E-16   0.2568E+01   0.1089E+01
  0.1560E+01  -0.4899E+01   0.1629E+01   0.2908E-16   0.2578E+01   0.1086E+01
  0.1565E+01  -0.4902E+01   0.1632E+01   0.6550E-16   0.2564E+01   0.1088E+01
  0.1570E+01  -0.4913E+01   0.1643E+01   0.2619E-16   0.2527E+01   0.1096E+01
  0.1575E+01  -0.4930E+01   0.1660E+01   0.4276E-16   0.2473E+01   0.1106E+01
  0.1580E+01  -0.4947E+01   0.1676E+01   0.7054E-17   0.2420E+01   0.1117E+01
  0.1585E+01  -0.4959E+01   0.1688E+01   0.4315E-16   0.2381E+01   0.1126E+01
  0.1590E+01  -0.4966E+01   0.1695E+01   0.1893E-16   0.2360E+01   0.1130E+01
  0.1595E+01  -0.4968E+01   0.1698E+01   0.1932E-16   0.2354E+01   0.1132E+01
  0.1600E+01  -0.4969E+01   0.1699E+01   0.3750E-16   0.2355E+01   0.1133E+01
  0.1605E+01  -0.4970E+01   0.1701E+01   0.2451E-16   0.2353E+01   0.1134E+01
  0.1610E+01  -0.4973E+01   0.1704E+01   0.1199E-16   0.2348E+01   0.1136E+01
  0.1615E+01  -0.4980E+01   0.1710E+01   0.1201E-16   0.2333E+01   0.1140E+01
  0.1620E+01  -0.4989E+01   0.1719E+01   0.1833E-16   0.2314E+01   0.1146E+01
  0.1625E+01  -0.4998E+01   0.1728E+01   0.2965E-16   0.2296E+01   0.1152E+01
  0.1630E+01  -0.5005E+01   0.1735E+01   0.3279E-16   0.2285E+01   0.1157E+01
  0.1635E+01  -0.5010E+01   0.1739E+01   0.4202E-16   0.2287E+01   0.1159E+01
  0.1640E+01  -0.5008E+01   0.1738E+01   0.1910E-16   0.2308E+01   0.1159E+01
  0.1645E+01  -0.5001E+01   0.1731E+01   0.8846E-17   0.2347E+01   0.1154E+01
  0.1650E+01  -0.4990E+01   0.1720E+01   0.8782E-17   0.2402E+01   0.1147E+01
  0.1655E+01  -0.4975E+01   0.1705E+01   0.2482E-16   0.2469E+01   0.1137E+01
  0.1660E+01  -0.4959E+01   0.1690E+01   0.4039E-16   0.2537E+01   0.1126E+01
  0.1665E+01  -0.4945E+01   0.1675E+01   0.2937E-16   0.2600E+01   0.1117E+01
  0.1670E+01  -0.4933E+01   0.1663E+01   0.3045E-16   0.2655E+01   0.1109E+01
  0.1675E+01  -0.4923E+01   0.1654E+01   0.5444E-16   0.2698E+01   0.1103E+01
  0.1680E+01  -0.4916E+01   0.1647E+01   0.1349E-16   0.2729E+01   0.1098E+01
  0.1685E+01  -0.4911E+01   0.1642E+01   0.4346E-16   0.2750E+01   0.1095E+01
  0.1690E+01  -0.4908E+01   0.1639E+01   0.3177E-16   0.2761E+01   0.1093E+01
  0.1695E+01  -0.4908E+01   0.1638E+01   0.3438E-16   0.2761E+01   0.1092E+01
  0.1700E+01  -0.4911E+01   0.1641E+01   0.3426E-16   0.2747E+01   0.1094E+01
  0.1705E+01  -0.4916E+01   0.1646E+01   0.3020E-16   0.2722E+01   0.1097E+01
  0.1710E+01  -0.4924E+01   0.1653E+01   0.3323E-16   0.2688E+01   0.1102E+01
  0.1715E+01  -0.4932E+01   0.1662E+01   0.4915E-16   0.2650E+01   0.1108E+01
  0.1720E+01  -0.4942E+01   0.1672E+01   0.1418E-16   0.2605E+01   0.1115E+01
  0.1725E+01  -0.4954E+01   0.1684E+01   0.2919E-16   0.2553E+01   0.1123E+01
  0.1730E+01  -0.4968E+01   0.1699E+01   0.2280E-16   0.2494E+01   0.1132E+01
  0.1735E+01  -0.4985E+01   0.1716E+01   0.1623E-16   0.2428E+01   0.1144E+01
  0.1740E+01  -0.5003E+01   0.1734E+01   0.3643E-16   0.2362E+01   0.1156E+01
  0.1745E+01  -0.5019E+01   0.1750E+01   0.2276E-16   0.2303E+01   0.1167E+01
  0.1750E+01  -0.5032E+01   0.1762E+01   0.2884E-16   0.2259E+01   0.1175E+01
  0.1755E+01  -0.5038E+01   0.1768E+01   0.3116E-16   0.2238E+01   0.1179E+01
  0.1760E+01  -0.5036E+01   0.1766E+01   0.6073E-16   0.2244E+01   0.1177E+01
  0.1765E+01  -0.5027E+01   0.1757E+01   0.5097E-16   0.2277E+01   0.1171E+01
  0.1770E+01  -0.5010E+01   0.1740E+01   0.4269E-16   0.2336E+01   0.1160E+01
  0.1775E+01  -0.4988E+01   0.1718E+01   0.3374E-16   0.2414E+01   0.1145E+01
  0.1780E+01  -0.4962E+01   0.1693E+01   0.4450E-16   0.2503E+01   0.1129E+01
  0.1785E+01  -0.4936E+01   0.1666E+01   0.8117E-16   0.2597E+01   0.1111E+01
  0.1790E+01  -0.4910E+01   0.1640E+01   0.5312E-16   0.2688E+01   0.1094E+01
  0.1795E+01  -0.4887E+01   0.1617E+01   0.1950E-16   0.2769E+01   0.1078E+01
  0.1800E+01  -0.4870E+01   0.1600E+01   0.3418E-16   0.2830E+01   0.1067E+01
  0.1805E+01  -0.4861E+01   0.1591E+01   0.4656E-16   0.2863E+01   0.1061E+01
  0.1810E+01  -0.4860E+01   0.1591E+01   0.3073E-16   0.2867E+01   0.1061E+01
  0.1815E+01  -0.4866E+01   0.1597E+01   0.3042E-16   0.2846E+01   0.1065E+01
  0.1820E+01  -0.4877E+01   0.1608E+01   0.3845E-16   0.2810E+01   0.1072E+01
  0.1825E+01  -0.4887E+01   0.1619E+01   0.4078E-16   0.2772E+01   0.1079E+01
  0.1830E+01  -0.4896E+01   0.1628E+01   0.3005E-16   0.2736E+01   0.1085E+01
  0.1835E+01  -0.4902E+01   0.1633E+01   0.1845E-16   0.2709E+01   0.1089E+01
  0.1840E+01  -0.4906E+01   0.1636E+01   0.2157E-16   0.2689E+01   0.1091E+01
  0.1845E+01  -0.4907E+01   0.1639E+01   0.1940E-16   0.2673E+01   0.1093E+01
  0.1850E+01  -0.4911E+01   0.1642E+01   0.2647E-16   0.2650E+01   0.1095E+01
  0.1855E+01  -0.4917E+01   0.1648E+01   0.2916E-16   0.2622E+01   0.1099E+01
  0.1860E+01  -0.4925E+01   0.1657E+01   0.3482E-16   0.2586E+01   0.1104E+01
  0.1865E+01  -0.4934E+01   0.1666E+01   0.1763E-16   0.2546E+01   0.1111E+01
  0.1870E+01  -0.4945E+01   0.1677E+01   0.3033E-16   0.2502E+01   0.1118E+01
  0.1875E+01  -0.4957E+01   0.1688E+01   0.1341E-16   0.2457E+01   0.1125E+01
  0.1880E+01  -0.4967E+01   0.1699E+01   0.1007E-16   0.2413E+01   0.1132E+01
  0.1885E+01  -0.4978E+01   0.1709E+01   0.5144E-16   0.2369E+01   0.1140E+01
  0.1890E+01  -0.4989E+01   0.1719E+01   0.2433E-16   0.2327E+01   0.1146E+01
  0.1895E+01  -0.4998E+01   0.1728E+01   0.4756E-16   0.2291E+01   0.1152E+01
  0.1900E+01  -0.5005E+01   0.1735E+01   0.1269E-16   0.2260E+01   0.1157E+01
  0.1905E+01  -0.5009E+01   0.1740E+01   0.3109E-16   0.2237E+01   0.1160E+01
  0.1910E+01  -0.5011E+01   0.1742E+01   0.2506E-16   0.2224E+01   0.1161E+01
  0.1915E+01  -0.5011E+01   0.1740E+01   0.2611E-16   0.2223E+01   0.1160E+01
  0.1920E+01  -0.5005E+01   0.1734E+01   0.2261E-16   0.2235E+01   0.1156E+01
  0.1925E+01  -0.4997E+01   0.1726E+01   0.1291E-16   0.2259E+01   0.1151E+01
  0.1930E+01  -0.4987E+01   0.1715E+01   0.3311E-16   0.2290E+01   0.1144E+01
  0.1935E+01  -0.4976E+01   0.1705E+01   0.5776E-16   0.2324E+01   0.1137E+01
  0.1940E+01  -0.4967E+01   0.1696E+01   0.4646E-16   0.2353E+01   0.1131E+01
  0.1945E+01  -0.4962E+01   0.1691E+01   0.2646E-16   0.2372E+01   0.1127E+01
  0.1950E+01  -0.4960E+01   0.1690E+01   0.1436E-16   0.2379E+01   0.1127E+01
  0.1955E+01  -0.4964E+01   0.1693E+01   0.6729E-16   0.2372E+01   0.1129E+01
  0.1960E+01  -0.4970E+01   0.1698E+01   0.2290E-16   0.2358E+01   0.1132E+01
  0.1965E+01  -0.4976E+01   0.1705E+01   0.9736E-17   0.2341E+01   0.1136E+01
  0.1970E+01  -0.4983E+01   0.1711E+01   0.6952E-17   0.2325E+01   0.1141E+01
  0.1975E+01  -0.4988E+01   0.1716E+01   0.4200E-16   0.2312E+01   0.1144E+01
  0.1980E+01  -0.4992E+01   0.1720E+01   0.4689E-16   0.2304E+01   0.1147E+01
  0.1985E+01  -0.4993E+01   0.1721E+01   0.3714E-16   0.2304E+01   0.1148E+01
  0.1990E+01  -0.4993E+01   0.1721E+01   0.1737E-16   0.2307E+01   0.1148E+01
  0.1995E+01  -0.4992E+01   0.1720E+01   0.4082E-16   0.2314E+01   0.1147E+01
  0.2000E+01  -0.4990E+01   0.1719E+01   0.3448E-16   0.2323E+01   0.1146E+01
  0.2005E+01  -0.4988E+01   0.1718E+01   0.6377E-16   0.2330E+01   0.1145E+01
  0.2010E+01  -0.4990E+01   0.1720E+01   0.1884E-16   0.2327E+01   0.1146E+01
  0.2015E+01  -0.4996E+01   0.1726E+01   0.9671E-16   0.2309E+01   0.1150E+01
  0.2020E+01  -0.5009E+01   0.1738E+01   0.3285E-16   0.2271E+01   0.1159E+01
  0.2025E+01  -0.5028E+01   0.1758E+01   0.5297E-16   0.2213E+01   0.1172E+01
  0.2030E+01  -0.5052E+01   0.1781E+01   0.8265E-16   0.2141E+01   0.1187E+01
  0.2035E+01  -0.5076E+01   0.1805E+01   0.3681E-16   0.2071E+01   0.1203E+01
  0.2040E+01  -0.5094E+01   0.1824E+01   0.2740E-16   0.2018E+01   0.1216E+01
  0.2045E+01  -0.5105E+01   0.1833E+01   0.5037E-16   0.1994E+01   0.1222E+01
  0.2050E+01  -0.5102E+01   0.1831E+01   0.2588E-16   0.2012E+01   0.1221E+01
  0.2055E+01  -0.5089E+01   0.1818E+01   0.2244E-16   0.2067E+01   0.1212E+01
  0.2060E+01  -0.5067E+01   0.1796E+01   0.5043E-16   0.2152E+01   0.1197E+01
  0.2065E+01  -0.5039E+01   0.1770E+01   0.1761E-16   0.2254E+01   0.1180E+01
  0.2070E+01  -0.5012E+01   0.1744E+01   0.3583E-16   0.2354E+01   0.1162E+01
  0.2075E+01  -0.4989E+01   0.1721E+01   0.3178E-16   0.2446E+01   0.1147E+01
  0.2080E+01  -0.4970E+01   0.1702E+01   0.5924E-16   0.2523E+01   0.1135E+01
  0.2085E+01  -0.4956E+01   0.1687E+01   0.6738E-16   0.2587E+01   0.1125E+01
  0.2090E+01  -0.4943E+01   0.1675E+01   0.5871E-16   0.2642E+01   0.1117E+01
  0.2095E+01  -0.4932E+01   0.1664E+01   0.3832E-16   0.2692E+01   0.1109E+01
  0.2100E+01  -0.4922E+01   0.1653E+01   0.4122E-16   0.2738E+01   0.1102E+01
  0.2105E+01  -0.4911E+01   0.1643E+01   0.1737E-16   0.2782E+01   0.1095E+01
  0.2110E+01  -0.4901E+01   0.1633E+01   0.1579E-16   0.2822E+01   0.1089E+01
  0.2115E+01  -0.4892E+01   0.1624E+01   0.4600E-16   0.2856E+01   0.1082E+01
  0.2120E+01  -0.4884E+01   0.1615E+01   0.5681E-16   0.2886E+01   0.1077E+01
  0.2125E+01  -0.4877E+01   0.1609E+01   0.5172E-17   0.2908E+01   0.1072E+01
  0.2130E+01  -0.4873E+01   0.1605E+01   0.5174E-16   0.2918E+01   0.1070E+01
  0.2135E+01  -0.4874E+01   0.1606E+01   0.3383E-16   0.2909E+01   0.1071E+01
  0.2140E+01  -0.4880E+01   0.1612E+01   0.6579E-16   0.2880E+01   0.1075E+01
  0.2145E+01  -0.4893E+01   0.1624E+01   0.1480E-16   0.2832E+01   0.1083E+01
  0.2150E+01  -0.4907E+01   0.1639E+01   0.3492E-16   0.2772E+01   0.1093E+01
  0.2155E+01  -0.4924E+01   0.1655E+01   0.2987E-16   0.2703E+01   0.1104E+01
  0.2160E+01  -0.4941E+01   0.1672E+01   0.3708E-16   0.2634E+01   0.1115E+01
  0.2165E+01  -0.4957E+01   0.1688E+01   0.3676E-16   0.2563E+01   0.1125E+01
  0.2170E+01  -0.4973E+01   0.1704E+01   0.5438E-16   0.2491E+01   0.1136E+01
  0.2175E+01  -0.4991E+01   0.1722E+01   0.3435E-16   0.2414E+01   0.1148E+01
  0.2180E+01  -0.5012E+01   0.1742E+01   0.1894E-16   0.2330E+01   0.1161E+01
  0.2185E+01  -0.5033E+01   0.1763E+01   0.2826E-16   0.2242E+01   0.1175E+01
  0.2190E+01  -0.5055E+01   0.1784E+01   0.4654E-16   0.2156E+01   0.1189E+01
  0.2195E+01  -0.5073E+01   0.1803E+01   0.3599E-16   0.2080E+01   0.1202E+01
  0.2200E+01  -0.5086E+01   0.1815E+01   0.1086E-16   0.2025E+01   0.1210E+01
  0.2205E+01  -0.5091E+01   0.1819E+01   0.8012E-16   0.1996E+01   0.1213E+01
  0.2210E+01  -0.5089E+01   0.1817E+01   0.8016E-16   0.1992E+01   0.1211E+01
  0.2215E+01  -0.5081E+01   0.1809E+01   0.5124E-16   0.2009E+01   0.1206E+01
  0.2220E+01  -0.5070E+01   0.1800E+01   0.3162E-16   0.2033E+01   0.1200E+01
  0.2225E+01  -0.5061E+01   0.1790E+01   0.3891E-16   0.2058E+01   0.1194E+01
  0.2230E+01  -0.5053E+01   0.1782E+01   0.3606E-16   0.2081E+01   0.1188E+01
  0.2235E+01  -0.5047E+01   0.1776E+01   0.3075E-16   0.2102E+01   0.1184E+01
  0.2240E+01  -0.5041E+01   0.1769E+01   0.2494E-16   0.2124E+01   0.1179E+01
  0.2245E+01  -0.5033E+01   0.1762E+01   0.1436E-16   0.2149E+01   0.1175E+01
  0.2250E+01  -0.5026E+01   0.1756E+01   0.5087E-16   0.2176E+01   0.1170E+01
  0.2255E+01  -0.5019E+01   0.1749E+01   0.1816E-16   0.2203E+01   0.1166E+01
  0.2260E+01  -0.5012E+01   0.1742E+01   0.1376E-16   0.2232E+01   0.1161E+01
  0.2265E+01  -0.5005E+01   0.1735E+01   0.5828E-16   0.2261E+01   0.1156E+01
  0.2270E+01  -0.4998E+01   0.1728E+01   0.4093E-16   0.2292E+01   0.1152E+01
  0.2275E+01  -0.4990E+01   0.1720E+01   0.6625E-16   0.2327E+01   0.1147E+01
  0.2280E+01  -0.4981E+01   0.1712E+01   0.4409E-16   0.2364E+01   0.1141E+01
  0.2285E+01  -0.4971E+01   0.1702E+01   0.4530E-16   0.2405E+01   0.1135E+01
  0.2290E+01  -0.4961E+01   0.1692E+01   0.7003E-17   0.2450E+01   0.1128E+01
  0.2295E+01  -0.4950E+01   0.1681E+01   0.1453E-16   0.2495E+01   0.1121E+01
  0.2300E+01  -0.4941E+01   0.1672E+01   0.2732E-16   0.2534E+01   0.1114E+01
  0.2305E+01  -0.4933E+01   0.1665E+01   0.2797E-16   0.2566E+01   0.1110E+01
  0.2310E+01  -0.4929E+01   0.1659E+01   0.4461E-16   0.2591E+01   0.1106E+01
  0.2315E+01  -0.4924E+01   0.1654E+01   0.3395E-16   0.2616E+01   0.1103E+01
  0.2320E+01  -0.4918E+01   0.1648E+01   0.4333E-16   0.2644E+01   0.1098E+01
  0.2325E+01  -0.4910E+01   0.1640E+01   0.7393E-16   0.2676E+01   0.1093E+01
  0.2330E+01  -0.4903E+01   0.1632E+01   0.3857E-16   0.2706E+01   0.1088E+01
  0.2335E+01  -0.4898E+01   0.1627E+01   0.2164E-16   0.2728E+01   0.1085E+01
  0.2340E+01  -0.4894E+01   0.1623E+01   0.4775E-16   0.2745E+01   0.1082E+01
  0.2345E+01  -0.4892E+01   0.1621E+01   0.2068E-16   0.2755E+01   0.1081E+01
  0.2350E+01  -0.4892E+01   0.1621E+01   0.3576E-17   0.2758E+01   0.1081E+01
  0.2355E+01  -0.4894E+01   0.1624E+01   0.2638E-16   0.2750E+01   0.1083E+01
  0.2360E+01  -0.4901E+01   0.1630E+01   0.1347E-16   0.2728E+01   0.1087E+01
  0.2365E+01  -0.4911E+01   0.1640E+01   0.2746E-16   0.2694E+01   0.1094E+01
  0.2370E+01  -0.4924E+01   0.1653E+01   0.2712E-16   0.2650E+01   0.1102E+01
  0.2375E+01  -0.4937E+01   0.1666E+01   0.1980E-16   0.2603E+01   0.1111E+01
  0.2380E+01  -0.4950E+01   0.1678E+01   0.3001E-16   0.2557E+01   0.1119E+01
  0.2385E+01  -0.4961E+01   0.1688E+01   0.2771E-16   0.2518E+01   0.1125E+01
  0.2390E+01  -0.4968E+01   0.1695E+01   0.2436E-16   0.2488E+01   0.1130E+01
  0.2395E+01  -0.4972E+01   0.1700E+01   0.3305E-16   0.2468E+01   0.1134E+01
  0.2400E+01  -0.4975E+01   0.1704E+01   0.2602E-16   0.2453E+01   0.1136E+01
  0.2405E+01  -0.4978E+01   0.1706E+01   0.5231E-16   0.2440E+01   0.1138E+01
  0.2410E+01  -0.4980E+01   0.1709E+01   0.2064E-16   0.2429E+01   0.1139E+01
  0.2415E+01  -0.4983E+01   0.1712E+01   0.1221E-16   0.2417E+01   0.1141E+01
  0.2420E+01  -0.4987E+01   0.1715E+01   0.3467E-16   0.2403E+01   0.1144E+01
  0.2425E+01  -0.4990E+01   0.1719E+01   0.4833E-16   0.2390E+01   0.1146E+01
  0.2430E+01  -0.4993E+01   0.1724E+01   0.2522E-16   0.2376E+01   0.1149E+01
  0.2435E+01  -0.4999E+01   0.1729E+01   0.4729E-16   0.2357E+01   0.1153E+01
  0.2440E+01  -0.5007E+01   0.1738E+01   0.4916E-16   0.2331E+01   0.1158E+01
  0.2445E+01  -0.5017E+01   0.1748E+01   0.8331E-17   0.2299E+01   0.1165E+01
  0.2450E+01  -0.5028E+01   0.1758E+01   0.6614E-16   0.2267E+01   0.1172E+01
  0.2455E+01  -0.5036E+01   0.1766E+01   0.7534E-16   0.2244E+01   0.1177E+01
  0.2460E+01  -0.5040E+01   0.1769E+01   0.2757E-16   0.2236E+01   0.1179E+01
  0.2465E+01  -0.5039E+01   0.1767E+01   0.4845E-16   0.2243E+01   0.1178E+01
  0.2470E+01  -0.5034E+01   0.1763E+01   0.4104E-16   0.2261E+01   0.1175E+01
  0.2475E+01  -0.5028E+01   0.1757E+01   0.2506E-16   0.2285E+01   0.1171E+01
  0.2480E+01  -0.5023E+01   0.1752E+01   0.3329E-16   0.2307E+01   0.1168E+01
  0.2485E+01  -0.5019E+01   0.1748E+01   0.3641E-16   0.2325E+01   0.1166E+01
  0.2490E+01  -0.5017E+01   0.1747E+01   0.3142E-16   0.2336E+01   0.1165E+01
  0.2495E+01  -0.5017E+01   0.1747E+01   0.4461E-16   0.2343E+01   0.1164E+01
  0.2500E+01  -0.5016E+01   0.1746E+01   0.5327E-16   0.2353E+01   0.1164E+01
  0.2505E+01  -0.5012E+01   0.1742E+01   0.1829E-16   0.2369E+01   0.1162E+01
  0.2510E+01  -0.5008E+01   0.1737E+01   0.2688E-16   0.2389E+01   0.1158E+01
  0.2515E+01  -0.5001E+01   0.1730E+01   0.5379E-16   0.2414E+01   0.1154E+01
  0.2520E+01  -0.4994E+01   0.1724E+01   0.1968E-16   0.2437E+01   0.1149E+01
  0.2525E+01  -0.4989E+01   0.1719E+01   0.2228E-16   0.2454E+01   0.1146E+01
  0.2530E+01  -0.4987E+01   0.1717E+01   0.4826E-16   0.2461E+01   0.1145E+01
  0.2535E+01  -0.4988E+01   0.1718E+01   0.4220E-16   0.2457E+01   0.1145E+01
  0.2540E+01  -0.4990E+01   0.1720E+01   0.3235E-16   0.2447E+01   0.1147E+01
  0.2545E+01  -0.4993E+01   0.1723E+01   0.2444E-16   0.2432E+01   0.1149E+01
  0.2550E+01  -0.4997E+01   0.1726E+01   0.4406E-16   0.2415E+01   0.1151E+01
  0.2555E+01  -0.5000E+01   0.1729E+01   0.4521E-16   0.2399E+01   0.1153E+01
  0.2560E+01  -0.5002E+01   0.1730E+01   0.2451E-16   0.2387E+01   0.1153E+01
  0.2565E+01  -0.5001E+01   0.1729E+01   0.5704E-17   0.2379E+01   0.1153E+01
  0.2570E+01  -0.5000E+01   0.1728E+01   0.1892E-16   0.2373E+01   0.1152E+01
  0.2575E+01  -0.4997E+01   0.1726E+01   0.2952E-16   0.2369E+01   0.1151E+01
  0.2580E+01  -0.4996E+01   0.1725E+01   0.1878E-16   0.2361E+01   0.1150E+01
  0.2585E+01  -0.4996E+01   0.1725E+01   0.3677E-16   0.2350E+01   0.1150E+01
  0.2590E+01  -0.4996E+01   0.1726E+01   0.4786E-16   0.2338E+01   0.1151E+01
  0.2595E+01  -0.4997E+01   0.1727E+01   0.2696E-16   0.2324E+01   0.1152E+01
  0.2600E+01  -0.4997E+01   0.1727E+01   0.2712E-16   0.2314E+01   0.1152E+01
  0.2605E+01  -0.4995E+01   0.1725E+01   0.3799E-16   0.2311E+01   0.1150E+01
  0.2610E+01  -0.4991E+01   0.1721E+01   0.7686E-17   0.2317E+01   0.1147E+01
  0.2615E+01  -0.4985E+01   0.1715E+01   0.6195E-17   0.2328E+01   0.1143E+01
  0.2620E+01  -0.4978E+01   0.1709E+01   0.1884E-16   0.2342E+01   0.1139E+01
  0.2625E+01  -0.4975E+01   0.1705E+01   0.1631E-16   0.2348E+01   0.1137E+01
  0.2630E+01  -0.4974E+01   0.1705E+01   0.1740E-16   0.2344E+01   0.1137E+01
  0.2635E+01  -0.4979E+01   0.1709E+01   0.4007E-16   0.2327E+01   0.1140E+01
  0.2640E+01  -0.4987E+01   0.1716E+01   0.3867E-16   0.2300E+01   0.1144E+01
  0.2645E+01  -0.4995E+01   0.1724E+01   0.3519E-16   0.2274E+01   0.1149E+01
  0.2650E+01  -0.5001E+01   0.1730E+01   0.3803E-16   0.2254E+01   0.1153E+01
  0.2655E+01  -0.5005E+01   0.1734E+01   0.3583E-16   0.2244E+01   0.1156E+01
  0.2660E+01  -0.5005E+01   0.1734E+01   0.7806E-17   0.2243E+01   0.1156E+01
  0.2665E+01  -0.5003E+01   0.1731E+01   0.4275E-16   0.2255E+01   0.1154E+01
  0.2670E+01  -0.4996E+01   0.1725E+01   0.4287E-16   0.2277E+01   0.1150E+01
  0.2675E+01  -0.4989E+01   0.1717E+01   0.2523E-16   0.2304E+01   0.1145E+01
  0.2680E+01  -0.4983E+01   0.1710E+01   0.4043E-16   0.2328E+01   0.1140E+01
  0.2685E+01  -0.4979E+01   0.1707E+01   0.1781E-16   0.2341E+01   0.1138E+01
  0.2690E+01  -0.4981E+01   0.1710E+01   0.5638E-17   0.2338E+01   0.1140E+01
  0.2695E+01  -0.4988E+01   0.1716E+01   0.2201E-16   0.2320E+01   0.1144E+01
  0.2700E+01  -0.4998E+01   0.1725E+01   0.5465E-16   0.2294E+01   0.1150E+01
  0.2705E+01  -0.5007E+01   0.1734E+01   0.3509E-16   0.2269E+01   0.1156E+01
  0.2710E+01  -0.5014E+01   0.1742E+01   0.1816E-16   0.2249E+01   0.1161E+01
  0.2715E+01  -0.5020E+01   0.1748E+01   0.4616E-16   0.2235E+01   0.1165E+01
  0.2720E+01  -0.5025E+01   0.1754E+01   0.1848E-16   0.2225E+01   0.1169E+01
  0.2725E+01  -0.5031E+01   0.1758E+01   0.4626E-16   0.2218E+01   0.1172E+01
  0.2730E+01  -0.5033E+01   0.1760E+01   0.3357E-16   0.2220E+01   0.1174E+01
  0.2735E+01  -0.5029E+01   0.1756E+01   0.8543E-17   0.2246E+01   0.1171E+01
  0.2740E+01  -0.5018E+01   0.1744E+01   0.1208E-16   0.2296E+01   0.1163E+01
  0.2745E+01  -0.4999E+01   0.1726E+01   0.3365E-16   0.2368E+01   0.1151E+01
  0.2750E+01  -0.4977E+01   0.1706E+01   0.4180E-16   0.2451E+01   0.1137E+01
  0.2755E+01  -0.4958E+01   0.1686E+01   0.4338E-16   0.2528E+01   0.1124E+01
  0.2760E+01  -0.4942E+01   0.1670E+01   0.1951E-16   0.2595E+01   0.1113E+01
  0.2765E+01  -0.4930E+01   0.1657E+01   0.1926E-16   0.2649E+01   0.1105E+01
  0.2770E+01  -0.4920E+01   0.1647E+01   0.3368E-16   0.2692E+01   0.1098E+01
  0.2775E+01  -0.4916E+01   0.1643E+01   0.2303E-16   0.2715E+01   0.1095E+01
  0.2780E+01  -0.4917E+01   0.1645E+01   0.2184E-16   0.2717E+01   0.1096E+01
  0.2785E+01  -0.4925E+01   0.1653E+01   0.3076E-16   0.2694E+01   0.1102E+01
  0.2790E+01  -0.4939E+01   0.1667E+01   0.3836E-16   0.2650E+01   0.1111E+01
  0.2795E+01  -0.4958E+01   0.1684E+01   0.1390E-16   0.2591E+01   0.1123E+01
  0.2800E+01  -0.4975E+01   0.1701E+01   0.1477E-16   0.2530E+01   0.1134E+01
  0.2805E+01  -0.4990E+01   0.1716E+01   0.2631E-16   0.2478E+01   0.1144E+01
  0.2810E+01  -0.5000E+01   0.1727E+01   0.3144E-16   0.2438E+01   0.1151E+01
  0.2815E+01  -0.5006E+01   0.1733E+01   0.1684E-16   0.2412E+01   0.1155E+01
  0.2820E+01  -0.5008E+01   0.1735E+01   0.3979E-16   0.2399E+01   0.1156E+01
  0.2825E+01  -0.5007E+01   0.1733E+01   0.1840E-16   0.2396E+01   0.1155E+01
  0.2830E+01  -0.5002E+01   0.1728E+01   0.9668E-17   0.2405E+01   0.1152E+01
  0.2835E+01  -0.4994E+01   0.1720E+01   0.4988E-16   0.2424E+01   0.1147E+01
  0.2840E+01  -0.4982E+01   0.1710E+01   0.2277E-16   0.2451E+01   0.1140E+01
  0.2845E+01  -0.4972E+01   0.1700E+01   0.1536E-16   0.2474E+01   0.1133E+01
  0.2850E+01  -0.4967E+01   0.1695E+01   0.3008E-16   0.2483E+01   0.1130E+01
  0.2855E+01  -0.4969E+01   0.1698E+01   0.4200E-16   0.2466E+01   0.1132E+01
  0.2860E+01  -0.4982E+01   0.1710E+01   0.1634E-16   0.2418E+01   0.1140E+01
  0.2865E+01  -0.5001E+01   0.1730E+01   0.3143E-16   0.2348E+01   0.1153E+01
  0.2870E+01  -0.5023E+01   0.1752E+01   0.5069E-16   0.2271E+01   0.1168E+01
  0.2875E+01  -0.5041E+01   0.1770E+01   0.2901E-16   0.2207E+01   0.1180E+01
  0.2880E+01  -0.5051E+01   0.1779E+01   0.8283E-16   0.2171E+01   0.1186E+01
  0.2885E+01  -0.5050E+01   0.1779E+01   0.5324E-16   0.2166E+01   0.1186E+01
  0.2890E+01  -0.5042E+01   0.1771E+01   0.3708E-16   0.2188E+01   0.1180E+01
  0.2895E+01  -0.5028E+01   0.1757E+01   0.2572E-16   0.2229E+01   0.1171E+01
  0.2900E+01  -0.5012E+01   0.1740E+01   0.5035E-16   0.2277E+01   0.1160E+01
  0.2905E+01  -0.4996E+01   0.1725E+01   0.5198E-16   0.2324E+01   0.1150E+01
  0.2910E+01  -0.4983E+01   0.1713E+01   0.2254E-16   0.2361E+01   0.1142E+01
  0.2915E+01  -0.4976E+01   0.1705E+01   0.8980E-17   0.2380E+01   0.1137E+01
  0.2920E+01  -0.4975E+01   0.1704E+01   0.4174E-16   0.2379E+01   0.1136E+01
  0.2925E+01  -0.4980E+01   0.1710E+01   0.3616E-16   0.2357E+01   0.1140E+01
  0.2930E+01  -0.4991E+01   0.1720E+01   0.3085E-16   0.2317E+01   0.1147E+01
  0.2935E+01  -0.5004E+01   0.1733E+01   0.5663E-16   0.2269E+01   0.1155E+01
  0.2940E+01  -0.5017E+01   0.1746E+01   0.1783E-16   0.2220E+01   0.1164E+01
  0.2945E+01  -0.5028E+01   0.1756E+01   0.2595E-16   0.2181E+01   0.1170E+01
  0.2950E+01  -0.5034E+01   0.1762E+01   0.2484E-16   0.2154E+01   0.1175E+01
  0.2955E+01  -0.5037E+01   0.1765E+01   0.3435E-16   0.2138E+01   0.1177E+01
  0.2960E+01  -0.5040E+01   0.1769E+01   0.6372E-16   0.2123E+01   0.1179E+01
  0.2965E+01  -0.5045E+01   0.1775E+01   0.7615E-17   0.2103E+01   0.1183E+01
  0.2970E+01  -0.5054E+01   0.1784E+01   0.3761E-16   0.2072E+01   0.1190E+01
  0.2975E+01  -0.5067E+01   0.1797E+01   0.2361E-16   0.2033E+01   0.1198E+01
  0.2980E+01  -0.5079E+01   0.1810E+01   0.1915E-16   0.1998E+01   0.1207E+01
  0.2985E+01  -0.5089E+01   0.1820E+01   0.2971E-16   0.1973E+01   0.1213E+01
  0.2990E+01  -0.5093E+01   0.1824E+01   0.3238E-16   0.1970E+01   0.1216E+01
  0.2995E+01  -0.5090E+01   0.1821E+01   0.1427E-16   0.1991E+01   0.1214E+01
  0.3000E+01  -0.5080E+01   0.1810E+01   0.3450E-16   0.2038E+01   0.1207E+01
  0.3005E+01  -0.5062E+01   0.1793E+01   0.3038E-16   0.2108E+01   0.1195E+01
  0.3010E+01  -0.5042E+01   0.1772E+01   0.3630E-16   0.2188E+01   0.1181E+01
  0.3015E+01  -0.5020E+01   0.1751E+01   0.2827E-16   0.2272E+01   0.1167E+01
  0.3020E+01  -0.5000E+01   0.1731E+01   0.4526E-16   0.2352E+01   0.1154E+01
  0.3025E+01  -0.4982E+01   0.1712E+01   0.3099E-16   0.2425E+01   0.1141E+01
  0.3030E+01  -0.4965E+01   0.1695E+01   0.3190E-16   0.2492E+01   0.1130E+01
  0.3035E+01  -0.4950E+01   0.1681E+01   0.5113E-16   0.2548E+01   0.1121E+01
  0.3040E+01  -0.4941E+01   0.1672E+01   0.2149E-16   0.2586E+01   0.1115E+01
  0.3045E+01  -0.4938E+01   0.1669E+01   0.2058E-16   0.2602E+01   0.1113E+01
  0.3050E+01  -0.4939E+01   0.1671E+01   0.2728E-16   0.2601E+01   0.1114E+01
  0.3055E+01  -0.4945E+01   0.1676E+01   0.2182E-16   0.2585E+01   0.1117E+01
  0.3060E+01  -0.4953E+01   0.1683E+01   0.2184E-16   0.2560E+01   0.1122E+01
  0.3065E+01  -0.4961E+01   0.1692E+01   0.4704E-16   0.2532E+01   0.1128E+01
  0.3070E+01  -0.4970E+01   0.1701E+01   0.7950E-17   0.2498E+01   0.1134E+01
  0.3075E+01  -0.4980E+01   0.1711E+01   0.3350E-16   0.2460E+01   0.1141E+01
  0.3080E+01  -0.4991E+01   0.1722E+01   0.2909E-16   0.2419E+01   0.1148E+01
  0.3085E+01  -0.5004E+01   0.1735E+01   0.4094E-16   0.2374E+01   0.1157E+01
  0.3090E+01  -0.5017E+01   0.1748E+01   0.2946E-16   0.2328E+01   0.1165E+01
  0.3095E+01  -0.5030E+01   0.1760E+01   0.3338E-16   0.2287E+01   0.1173E+01
  0.3100E+01  -0.5040E+01   0.1769E+01   0.5129E-16   0.2258E+01   0.1180E+01
  0.3105E+01  -0.5045E+01   0.1775E+01   0.3698E-16   0.2244E+01   0.1183E+01
  0.3110E+01  -0.5046E+01   0.1777E+01   0.2020E-16   0.2246E+01   0.1185E+01
  0.3115E+01  -0.5045E+01   0.1775E+01   0.3963E-16   0.2258E+01   0.1183E+01
  0.3120E+01  -0.5040E+01   0.1770E+01   0.3747E-16   0.2284E+01   0.1180E+01
  0.3125E+01  -0.5032E+01   0.1762E+01   0.4040E-16   0.2322E+01   0.1175E+01
  0.3130E+01  -0.5021E+01   0.1751E+01   0.5608E-16   0.2370E+01   0.1167E+01
  0.3135E+01  -0.5008E+01   0.1738E+01   0.5282E-16   0.2425E+01   0.1159E+01
  0.3140E+01  -0.4995E+01   0.1725E+01   0.4986E-16   0.2479E+01   0.1150E+01
  0.3145E+01  -0.4982E+01   0.1713E+01   0.5820E-16   0.2530E+01   0.1142E+01
  0.3150E+01  -0.4972E+01   0.1702E+01   0.2987E-16   0.2573E+01   0.1135E+01
  0.3155E+01  -0.4964E+01   0.1693E+01   0.5450E-16   0.2607E+01   0.1129E+01
  0.3160E+01  -0.4958E+01   0.1687E+01   0.2999E-16   0.2631E+01   0.1125E+01
  0.3165E+01  -0.4954E+01   0.1684E+01   0.3016E-16   0.2642E+01   0.1123E+01
  0.3170E+01  -0.4957E+01   0.1687E+01   0.4872E-16   0.2631E+01   0.1125E+01
  0.3175E+01  -0.4968E+01   0.1698E+01   0.2882E-16   0.2594E+01   0.1132E+01
  0.3180E+01  -0.4987E+01   0.1717E+01   0.3762E-16   0.2532E+01   0.1144E+01
  0.3185E+01  -0.5009E+01   0.1739E+01   0.1164E-16   0.2456E+01   0.1159E+01
  0.3190E+01  -0.5031E+01   0.1760E+01   0.2354E-16   0.2385E+01   0.1173E+01
  0.3195E+01  -0.5047E+01   0.1775E+01   0.3422E-16   0.2333E+01   0.1183E+01
  0.3200E+01  -0.5053E+01   0.1781E+01   0.1876E-16   0.2311E+01   0.1187E+01
  0.3205E+01  -0.5051E+01   0.1778E+01   0.6627E-16   0.2319E+01   0.1185E+01
  0.3210E+01  -0.5039E+01   0.1766E+01   0.4923E-16   0.2355E+01   0.1178E+01
  0.3215E+01  -0.5022E+01   0.1750E+01   0.1999E-16   0.2409E+01   0.1166E+01
  0.3220E+01  -0.5003E+01   0.1731E+01   0.3533E-16   0.2469E+01   0.1154E+01
  0.3225E+01  -0.4986E+01   0.1715E+01   0.2845E-16   0.2523E+01   0.1143E+01
  0.3230E+01  -0.4974E+01   0.1704E+01   0.4703E-16   0.2560E+01   0.1136E+01
  0.3235E+01  -0.4970E+01   0.1699E+01   0.4053E-16   0.2574E+01   0.1133E+01
  0.3240E+01  -0.4971E+01   0.1701E+01   0.2303E-16   0.2571E+01   0.1134E+01
  0.3245E+01  -0.4976E+01   0.1706E+01   0.2503E-16   0.2555E+01   0.1137E+01
  0.3250E+01  -0.4981E+01   0.1710E+01   0.4385E-16   0.2539E+01   0.1140E+01
  0.3255E+01  -0.4983E+01   0.1712E+01   0.2552E-16   0.2532E+01   0.1142E+01
  0.3260E+01  -0.4981E+01   0.1710E+01   0.1943E-16   0.2536E+01   0.1140E+01
  0.3265E+01  -0.4976E+01   0.1706E+01   0.1663E-16   0.2549E+01   0.1137E+01
  0.3270E+01  -0.4970E+01   0.1701E+01   0.1943E-16   0.2563E+01   0.1134E+01
  0.3275E+01  -0.4968E+01   0.1700E+01   0.1311E-16   0.2566E+01   0.1133E+01
  0.3280E+01  -0.4972E+01   0.1703E+01   0.1953E-16   0.2552E+01   0.1136E+01
  0.3285E+01  -0.4980E+01   0.1710E+01   0.1739E-16   0.2527E+01   0.1140E+01
  0.3290E+01  -0.4988E+01   0.1718E+01   0.2156E-16   0.2500E+01   0.1145E+01
  0.3295E+01  -0.4994E+01   0.1724E+01   0.1082E-16   0.2479E+01   0.1149E+01
  0.3300E+01  -0.4998E+01   0.1727E+01   0.2562E-16   0.2466E+01   0.1152E+01
  0.3305E+01  -0.4999E+01   0.1729E+01   0.4904E-16   0.2460E+01   0.1153E+01
  0.3310E+01  -0.4999E+01   0.1729E+01   0.2631E-16   0.2461E+01   0.1152E+01
  0.3315E+01  -0.4997E+01   0.1727E+01   0.1024E-16   0.2467E+01   0.1151E+01
  0.3320E+01  -0.4995E+01   0.1724E+01   0.2728E-16   0.2477E+01   0.1149E+01
  0.3325E+01  -0.4992E+01   0.1721E+01   0.3324E-16   0.2489E+01   0.1147E+01
  0.3330E+01  -0.4990E+01   0.1719E+01   0.2586E-16   0.2497E+01   0.1146E+01
  0.3335E+01  -0.4990E+01   0.1720E+01   0.3101E-16   0.2500E+01   0.1146E+01
  0.3340E+01  -0.4991E+01   0.1720E+01   0.3007E-16   0.2501E+01   0.1147E+01
  0.3345E+01  -0.4992E+01   0.1720E+01   0.5885E-16   0.2504E+01   0.1147E+01
  0.3350E+01  -0.4991E+01   0.1719E+01   0.4582E-16   0.2512E+01   0.1146E+01
  0.3355E+01  -0.4988E+01   0.1716E+01   0.6608E-16   0.2524E+01   0.1144E+01
  0.3360E+01  -0.4986E+01   0.1713E+01   0.9320E-16   0.2534E+01   0.1142E+01
  0.3365E+01  -0.4985E+01   0.1712E+01   0.3652E-16   0.2538E+01   0.1142E+01
  0.3370E+01  -0.4986E+01   0.1713E+01   0.4733E-16   0.2537E+01   0.1142E+01
  0.3375E+01  -0.4989E+01   0.1716E+01   0.4396E-16   0.2530E+01   0.1144E+01
  0.3380E+01  -0.4991E+01   0.1718E+01   0.7636E-16   0.2524E+01   0.1145E+01
  0.3385E+01  -0.4992E+01   0.1720E+01   0.5574E-16   0.2519E+01   0.1146E+01
  0.3390E+01  -0.4993E+01   0.1721E+01   0.5283E-16   0.2516E+01   0.1147E+01
  0.3395E+01  -0.4994E+01   0.1721E+01   0.7135E-16   0.2513E+01   0.1148E+01
  0.3400E+01  -0.4995E+01   0.1723E+01   0.7228E-16   0.2510E+01   0.1149E+01
  0.3405E+01  -0.4998E+01   0.1725E+01   0.5850E-16   0.2504E+01   0.1150E+01
  0.3410E+01  -0.4999E+01   0.1727E+01   0.2262E-16   0.2500E+01   0.1151E+01
  0.3415E+01  -0.5000E+01   0.1728E+01   0.5188E-16   0.2498E+01   0.1152E+01
  0.3420E+01  -0.5001E+01   0.1728E+01   0.2315E-16   0.2497E+01   0.1152E+01
  0.3425E+01  -0.5000E+01   0.1728E+01   0.2155E-16   0.2500E+01   0.1152E+01
  0.3430E+01  -0.4999E+01   0.1727E+01   0.7126E-16   0.2504E+01   0.1151E+01
  0.3435E+01  -0.4998E+01   0.1726E+01   0.3158E-16   0.2509E+01   0.1151E+01
  0.3440E+01  -0.4997E+01   0.1725E+01   0.3470E-16   0.2512E+01   0.1150E+01
  0.3445E+01  -0.4997E+01   0.1725E+01   0.6567E-16   0.2511E+01   0.1150E+01
  0.3450E+01  -0.4998E+01   0.1726E+01   0.4092E-16   0.2509E+01   0.1151E+01
  0.3455E+01  -0.4998E+01   0.1727E+01   0.1455E-16   0.2506E+01   0.1151E+01
  0.3460E+01  -0.5000E+01   0.1729E+01   0.4092E-16   0.2500E+01   0.1152E+01
  0.3465E+01  -0.5002E+01   0.1731E+01   0.3861E-16   0.2492E+01   0.1154E+01
  0.3470E+01  -0.5005E+01   0.1734E+01   0.5151E-16   0.2482E+01   0.1156E+01
  0.3475E+01  -0.5009E+01   0.1738E+01   0.2852E-16   0.2471E+01   0.1158E+01
  0.3480E+01  -0.5013E+01   0.1742E+01   0.1727E-16   0.2458E+01   0.1161E+01
  0.3485E+01  -0.5016E+01   0.1745E+01   0.5058E-16   0.2449E+01   0.1163E+01
  0.3490E+01  -0.5017E+01   0.1746E+01   0.4524E-16   0.2448E+01   0.1164E+01
  0.3495E+01  -0.5016E+01   0.1745E+01   0.4695E-16   0.2453E+01   0.1164E+01
  0.3500E+01  -0.5014E+01   0.1743E+01   0.2981E-16   0.2463E+01   0.1162E+01
  0.3505E+01  -0.5012E+01   0.1741E+01   0.2253E-16   0.2474E+01   0.1161E+01
  0.3510E+01  -0.5010E+01   0.1740E+01   0.1758E-16   0.2484E+01   0.1160E+01
  0.3515E+01  -0.5010E+01   0.1739E+01   0.2310E-16   0.2491E+01   0.1159E+01
  0.3520E+01  -0.5011E+01   0.1740E+01   0.4029E-16   0.2492E+01   0.1160E+01
  0.3525E+01  -0.5012E+01   0.1742E+01   0.2072E-16   0.2488E+01   0.1162E+01
  0.3530E+01  -0.5016E+01   0.1747E+01   0.5162E-16   0.2476E+01   0.1165E+01
  0.3535E+01  -0.5023E+01   0.1754E+01   0.3589E-16   0.2453E+01   0.1169E+01
  0.3540E+01  -0.5033E+01   0.1764E+01   0.2194E-16   0.2420E+01   0.1176E+01
  0.3545E+01  -0.5045E+01   0.1776E+01   0.6052E-16   0.2378E+01   0.1184E+01
  0.3550E+01  -0.5057E+01   0.1789E+01   0.8589E-16   0.2332E+01   0.1192E+01
  0.3555E+01  -0.5069E+01   0.1800E+01   0.3443E-16   0.2286E+01   0.1200E+01
  0.3560E+01  -0.5078E+01   0.1808E+01   0.5635E-16   0.2250E+01   0.1205E+01
  0.3565E+01  -0.5083E+01   0.1812E+01   0.2115E-16   0.2224E+01   0.1208E+01
  0.3570E+01  -0.5082E+01   0.1811E+01   0.7625E-16   0.2212E+01   0.1208E+01
  0.3575E+01  -0.5080E+01   0.1809E+01   0.1542E-15   0.2205E+01   0.1206E+01
  0.3580E+01  -0.5076E+01   0.1805E+01   0.7715E-16   0.2201E+01   0.1203E+01
  0.3585E+01  -0.5074E+01   0.1802E+01   0.8135E-16   0.2192E+01   0.1202E+01
  0.3590E+01  -0.5074E+01   0.1803E+01   0.9001E-16   0.2173E+01   0.1202E+01
  0.3595E+01  -0.5078E+01   0.1805E+01   0.1972E-16   0.2146E+01   0.1204E+01
  0.3600E+01  -0.5082E+01   0.1810E+01   0.7862E-16   0.2113E+01   0.1207E+01
  0.3605E+01  -0.5087E+01   0.1816E+01   0.1366E-16   0.2079E+01   0.1210E+01
  0.3610E+01  -0.5092E+01   0.1820E+01   0.1813E-16   0.2049E+01   0.1213E+01
  0.3615E+01  -0.5094E+01   0.1821E+01   0.8751E-16   0.2028E+01   0.1214E+01
  0.3620E+01  -0.5091E+01   0.1819E+01   0.1193E-15   0.2022E+01   0.1213E+01
  0.3625E+01  -0.5086E+01   0.1814E+01   0.2126E-15   0.2029E+01   0.1209E+01
  0.3630E+01  -0.5078E+01   0.1806E+01   0.8903E-16   0.2044E+01   0.1204E+01
  0.3635E+01  -0.5070E+01   0.1797E+01   0.4622E-16   0.2062E+01   0.1198E+01
  0.3640E+01  -0.5063E+01   0.1791E+01   0.3770E-16   0.2076E+01   0.1194E+01
  0.3645E+01  -0.5061E+01   0.1789E+01   0.7230E-16   0.2082E+01   0.1192E+01
  0.3650E+01  -0.5061E+01   0.1790E+01   0.6052E-16   0.2079E+01   0.1193E+01
  0.3655E+01  -0.5064E+01   0.1793E+01   0.5796E-16   0.2069E+01   0.1195E+01
  0.3660E+01  -0.5069E+01   0.1797E+01   0.7111E-16   0.2057E+01   0.1198E+01
  0.3665E+01  -0.5072E+01   0.1800E+01   0.7086E-16   0.2052E+01   0.1200E+01
  0.3670E+01  -0.5071E+01   0.1799E+01   0.5571E-16   0.2060E+01   0.1200E+01
  0.3675E+01  -0.5065E+01   0.1794E+01   0.4391E-16   0.2084E+01   0.1196E+01
  0.3680E+01  -0.5054E+01   0.1782E+01   0.9471E-16   0.2126E+01   0.1188E+01
  0.3685E+01  -0.5039E+01   0.1768E+01   0.5401E-16   0.2180E+01   0.1179E+01
  0.3690E+01  -0.5027E+01   0.1757E+01   0.3002E-16   0.2226E+01   0.1171E+01
  0.3695E+01  -0.5025E+01   0.1755E+01   0.7113E-16   0.2243E+01   0.1170E+01
  0.3700E+01  -0.5033E+01   0.1762E+01   0.2712E-16   0.2234E+01   0.1175E+01
  0.3705E+01  -0.5042E+01   0.1771E+01   0.4907E-17   0.2218E+01   0.1181E+01
  0.3710E+01  -0.5048E+01   0.1776E+01   0.1206E-15   0.2214E+01   0.1184E+01
  0.3715E+01  -0.5048E+01   0.1776E+01   0.1845E-15   0.2230E+01   0.1184E+01
  0.3720E+01  -0.5041E+01   0.1771E+01   0.1855E-16   0.2262E+01   0.1181E+01
  0.3725E+01  -0.5034E+01   0.1763E+01   0.1079E-15   0.2299E+01   0.1176E+01
  0.3730E+01  -0.5026E+01   0.1756E+01   0.3627E-16   0.2335E+01   0.1170E+01
  0.3735E+01  -0.5019E+01   0.1749E+01   0.7525E-16   0.2368E+01   0.1166E+01
  0.3740E+01  -0.5014E+01   0.1743E+01   0.1372E-16   0.2397E+01   0.1162E+01
  0.3745E+01  -0.5008E+01   0.1736E+01   0.1080E-15   0.2424E+01   0.1157E+01
  0.3750E+01  -0.5000E+01   0.1728E+01   0.6665E-16   0.2455E+01   0.1152E+01
  0.3755E+01  -0.4989E+01   0.1717E+01   0.3373E-16   0.2492E+01   0.1145E+01
  0.3760E+01  -0.4976E+01   0.1705E+01   0.9523E-16   0.2531E+01   0.1137E+01
  0.3765E+01  -0.4964E+01   0.1693E+01   0.6857E-16   0.2566E+01   0.1129E+01
  0.3770E+01  -0.4955E+01   0.1684E+01   0.3677E-16   0.2588E+01   0.1123E+01
  0.3775E+01  -0.4953E+01   0.1682E+01   0.2212E-16   0.2587E+01   0.1121E+01
  0.3780E+01  -0.4958E+01   0.1687E+01   0.4200E-16   0.2559E+01   0.1125E+01
  0.3785E+01  -0.4971E+01   0.1701E+01   0.5525E-16   0.2502E+01   0.1134E+01
  0.3790E+01  -0.4992E+01   0.1721E+01   0.5395E-16   0.2422E+01   0.1148E+01
  0.3795E+01  -0.5016E+01   0.1746E+01   0.6610E-16   0.2328E+01   0.1164E+01
  0.3800E+01  -0.5042E+01   0.1772E+01   0.6867E-16   0.2228E+01   0.1181E+01
  0.3805E+01  -0.5067E+01   0.1796E+01   0.4479E-16   0.2136E+01   0.1198E+01
  0.3810E+01  -0.5086E+01   0.1817E+01   0.8577E-16   0.2057E+01   0.1211E+01
  0.3815E+01  -0.5101E+01   0.1832E+01   0.9637E-16   0.1995E+01   0.1222E+01
  0.3820E+01  -0.5112E+01   0.1843E+01   0.7449E-16   0.1951E+01   0.1229E+01
  0.3825E+01  -0.5117E+01   0.1848E+01   0.4219E-16   0.1926E+01   0.1232E+01
  0.3830E+01  -0.5116E+01   0.1848E+01   0.6704E-16   0.1920E+01   0.1232E+01
  0.3835E+01  -0.5112E+01   0.1844E+01   0.8342E-16   0.1932E+01   0.1229E+01
  0.3840E+01  -0.5103E+01   0.1835E+01   0.8553E-16   0.1959E+01   0.1223E+01
  0.3845E+01  -0.5093E+01   0.1824E+01   0.9515E-16   0.1994E+01   0.1216E+01
  0.3850E+01  -0.5082E+01   0.1815E+01   0.3065E-16   0.2029E+01   0.1210E+01
  0.3855E+01  -0.5075E+01   0.1807E+01   0.8278E-17   0.2058E+01   0.1205E+01
  0.3860E+01  -0.5067E+01   0.1799E+01   0.3443E-16   0.2091E+01   0.1199E+01
  0.3865E+01  -0.5057E+01   0.1789E+01   0.6605E-16   0.2132E+01   0.1192E+01
  0.3870E+01  -0.5043E+01   0.1774E+01   0.2588E-16   0.2186E+01   0.1183E+01
  0.3875E+01  -0.5025E+01   0.1756E+01   0.6796E-16   0.2252E+01   0.1170E+01
  0.3880E+01  -0.5003E+01   0.1734E+01   0.7512E-16   0.2330E+01   0.1156E+01
  0.3885E+01  -0.4980E+01   0.1711E+01   0.2725E-16   0.2410E+01   0.1141E+01
  0.3890E+01  -0.4959E+01   0.1691E+01   0.3336E-16   0.2481E+01   0.1128E+01
  0.3895E+01  -0.4946E+01   0.1678E+01   0.2595E-16   0.2528E+01   0.1119E+01
  0.3900E+01  -0.4943E+01   0.1676E+01   0.3234E-16   0.2541E+01   0.1117E+01
  0.3905E+01  -0.4953E+01   0.1685E+01   0.6568E-16   0.2515E+01   0.1123E+01
  0.3910E+01  -0.4971E+01   0.1703E+01   0.3659E-16   0.2460E+01   0.1135E+01
  0.3915E+01  -0.4994E+01   0.1725E+01   0.8721E-16   0.2391E+01   0.1150E+01
  0.3920E+01  -0.5016E+01   0.1747E+01   0.4589E-16   0.2325E+01   0.1164E+01
  0.3925E+01  -0.5033E+01   0.1764E+01   0.4460E-16   0.2272E+01   0.1176E+01
  0.3930E+01  -0.5044E+01   0.1774E+01   0.2138E-16   0.2239E+01   0.1183E+01
  0.3935E+01  -0.5048E+01   0.1779E+01   0.6199E-16   0.2229E+01   0.1186E+01
  0.3940E+01  -0.5046E+01   0.1777E+01   0.9770E-17   0.2238E+01   0.1185E+01
  0.3945E+01  -0.5041E+01   0.1772E+01   0.6647E-16   0.2261E+01   0.1181E+01
  0.3950E+01  -0.5033E+01   0.1764E+01   0.5993E-16   0.2291E+01   0.1176E+01
  0.3955E+01  -0.5025E+01   0.1756E+01   0.1328E-16   0.2325E+01   0.1171E+01
  0.3960E+01  -0.5018E+01   0.1748E+01   0.4209E-16   0.2359E+01   0.1166E+01
  0.3965E+01  -0.5009E+01   0.1740E+01   0.3937E-16   0.2396E+01   0.1160E+01
  0.3970E+01  -0.4999E+01   0.1730E+01   0.6053E-16   0.2437E+01   0.1153E+01
  0.3975E+01  -0.4989E+01   0.1720E+01   0.4506E-16   0.2477E+01   0.1146E+01
  0.3980E+01  -0.4979E+01   0.1710E+01   0.8002E-16   0.2515E+01   0.1140E+01
  0.3985E+01  -0.4971E+01   0.1703E+01   0.6721E-16   0.2543E+01   0.1135E+01
  0.3990E+01  -0.4968E+01   0.1700E+01   0.1273E-15   0.2555E+01   0.1133E+01
  0.3995E+01  -0.4969E+01   0.1700E+01   0.5148E-16   0.2554E+01   0.1134E+01
  0.4000E+01  -0.4972E+01   0.1704E+01   0.2830E-16   0.2542E+01   0.1136E+01
  0.4005E+01  -0.4976E+01   0.1708E+01   0.3337E-16   0.2525E+01   0.1139E+01
  0.4010E+01  -0.4980E+01   0.1712E+01   0.3508E-16   0.2508E+01   0.1141E+01
  0.4015E+01  -0.4982E+01   0.1714E+01   0.4566E-16   0.2493E+01   0.1143E+01
  0.4020E+01  -0.4983E+01   0.1714E+01   0.1855E-16   0.2481E+01   0.1143E+01
  0.4025E+01  -0.4983E+01   0.1714E+01   0.3478E-16   0.2472E+01   0.1143E+01
  0.4030E+01  -0.4982E+01   0.1714E+01   0.5462E-16   0.2460E+01   0.1143E+01
  0.4035E+01  -0.4984E+01   0.1716E+01   0.3464E-16   0.2442E+01   0.1144E+01
  0.4040E+01  -0.4990E+01   0.1721E+01   0.4527E-16   0.2413E+01   0.1147E+01
  0.4045E+01  -0.4997E+01   0.1728E+01   0.2706E-16   0.2379E+01   0.1152E+01
  0.4050E+01  -0.5005E+01   0.1736E+01   0.2947E-16   0.2343E+01   0.1157E+01
  0.4055E+01  -0.5011E+01   0.1742E+01   0.6018E-16   0.2312E+01   0.1161E+01
  0.4060E+01  -0.5014E+01   0.1745E+01   0.8714E-16   0.2294E+01   0.1163E+01
  0.4065E+01  -0.5013E+01   0.1744E+01   0.2708E-16   0.2288E+01   0.1162E+01
  0.4070E+01  -0.5009E+01   0.1739E+01   0.7073E-16   0.2296E+01   0.1159E+01
  0.4075E+01  -0.5000E+01   0.1731E+01   0.5914E-16   0.2317E+01   0.1154E+01
  0.4080E+01  -0.4989E+01   0.1720E+01   0.3495E-16   0.2347E+01   0.1147E+01
  0.4085E+01  -0.4976E+01   0.1708E+01   0.7439E-16   0.2383E+01   0.1138E+01
  0.4090E+01  -0.4963E+01   0.1694E+01   0.8024E-16   0.2422E+01   0.1130E+01
  0.4095E+01  -0.4951E+01   0.1683E+01   0.4559E-16   0.2458E+01   0.1122E+01
  0.4100E+01  -0.4942E+01   0.1674E+01   0.3379E-16   0.2481E+01   0.1116E+01
  0.4105E+01  -0.4939E+01   0.1670E+01   0.1148E-16   0.2490E+01   0.1114E+01
  0.4110E+01  -0.4939E+01   0.1672E+01   0.2707E-16   0.2485E+01   0.1114E+01
  0.4115E+01  -0.4944E+01   0.1677E+01   0.2791E-16   0.2467E+01   0.1118E+01
  0.4120E+01  -0.4953E+01   0.1686E+01   0.2196E-16   0.2437E+01   0.1124E+01
  0.4125E+01  -0.4965E+01   0.1697E+01   0.7412E-16   0.2398E+01   0.1132E+01
  0.4130E+01  -0.4978E+01   0.1710E+01   0.4816E-16   0.2358E+01   0.1140E+01
  0.4135E+01  -0.4990E+01   0.1722E+01   0.3842E-16   0.2324E+01   0.1148E+01
  0.4140E+01  -0.4997E+01   0.1729E+01   0.5915E-17   0.2304E+01   0.1153E+01
  0.4145E+01  -0.4999E+01   0.1730E+01   0.5155E-16   0.2306E+01   0.1154E+01
  0.4150E+01  -0.4993E+01   0.1723E+01   0.4673E-16   0.2335E+01   0.1149E+01
  0.4155E+01  -0.4977E+01   0.1708E+01   0.2962E-16   0.2395E+01   0.1139E+01
  0.4160E+01  -0.4954E+01   0.1685E+01   0.3535E-16   0.2478E+01   0.1123E+01
  0.4165E+01  -0.4926E+01   0.1658E+01   0.4909E-16   0.2576E+01   0.1105E+01
  0.4170E+01  -0.4898E+01   0.1631E+01   0.2282E-16   0.2675E+01   0.1087E+01
  0.4175E+01  -0.4874E+01   0.1608E+01   0.2200E-16   0.2758E+01   0.1072E+01
  0.4180E+01  -0.4859E+01   0.1592E+01   0.1816E-16   0.2815E+01   0.1062E+01
  0.4185E+01  -0.4853E+01   0.1586E+01   0.2662E-16   0.2838E+01   0.1058E+01
  0.4190E+01  -0.4856E+01   0.1589E+01   0.2641E-16   0.2831E+01   0.1060E+01
  0.4195E+01  -0.4867E+01   0.1600E+01   0.1468E-16   0.2794E+01   0.1067E+01
  0.4200E+01  -0.4884E+01   0.1617E+01   0.3342E-16   0.2737E+01   0.1078E+01
  0.4205E+01  -0.4901E+01   0.1635E+01   0.2246E-16   0.2674E+01   0.1090E+01
  0.4210E+01  -0.4919E+01   0.1652E+01   0.2763E-16   0.2611E+01   0.1101E+01
  0.4215E+01  -0.4932E+01   0.1665E+01   0.3653E-16   0.2559E+01   0.1110E+01
  0.4220E+01  -0.4941E+01   0.1674E+01   0.3740E-16   0.2519E+01   0.1116E+01
  0.4225E+01  -0.4948E+01   0.1680E+01   0.3178E-16   0.2491E+01   0.1120E+01
  0.4230E+01  -0.4950E+01   0.1682E+01   0.1194E-16   0.2475E+01   0.1122E+01
  0.4235E+01  -0.4949E+01   0.1683E+01   0.2848E-16   0.2468E+01   0.1122E+01
  0.4240E+01  -0.4948E+01   0.1681E+01   0.2069E-16   0.2468E+01   0.1121E+01
  0.4245E+01  -0.4946E+01   0.1679E+01   0.3358E-16   0.2469E+01   0.1119E+01
  0.4250E+01  -0.4944E+01   0.1678E+01   0.3152E-16   0.2471E+01   0.1118E+01
  0.4255E+01  -0.4944E+01   0.1677E+01   0.4858E-16   0.2470E+01   0.1118E+01
  0.4260E+01  -0.4945E+01   0.1678E+01   0.2547E-16   0.2465E+01   0.1119E+01
  0.4265E+01  -0.4947E+01   0.1680E+01   0.5796E-16   0.2457E+01   0.1120E+01
  0.4270E+01  -0.4950E+01   0.1682E+01   0.2512E-16   0.2448E+01   0.1121E+01
  0.4275E+01  -0.4951E+01   0.1683E+01   0.4548E-16   0.2442E+01   0.1122E+01
  0.4280E+01  -0.4951E+01   0.1683E+01   0.5064E-16   0.2442E+01   0.1122E+01
  0.4285E+01  -0.4948E+01   0.1680E+01   0.4669E-16   0.2449E+01   0.1120E+01
  0.4290E+01  -0.4943E+01   0.1676E+01   0.1599E-16   0.2460E+01   0.1117E+01
  0.4295E+01  -0.4938E+01   0.1671E+01   0.5237E-16   0.2474E+01   0.1114E+01
  0.4300E+01  -0.4932E+01   0.1665E+01   0.4320E-16   0.2490E+01   0.1110E+01
  0.4305E+01  -0.4926E+01   0.1659E+01   0.4905E-16   0.2507E+01   0.1106E+01
  0.4310E+01  -0.4921E+01   0.1654E+01   0.3053E-16   0.2519E+01   0.1103E+01
  0.4315E+01  -0.4919E+01   0.1651E+01   0.6353E-16   0.2523E+01   0.1101E+01
  0.4320E+01  -0.4919E+01   0.1652E+01   0.4079E-16   0.2516E+01   0.1102E+01
  0.4325E+01  -0.4925E+01   0.1657E+01   0.2949E-16   0.2496E+01   0.1105E+01
  0.4330E+01  -0.4932E+01   0.1665E+01   0.3795E-16   0.2468E+01   0.1110E+01
  0.4335E+01  -0.4941E+01   0.1673E+01   0.2803E-16   0.2439E+01   0.1116E+01
  0.4340E+01  -0.4948E+01   0.1680E+01   0.5822E-16   0.2415E+01   0.1120E+01
  0.4345E+01  -0.4951E+01   0.1684E+01   0.4726E-16   0.2402E+01   0.1122E+01
  0.4350E+01  -0.4952E+01   0.1684E+01   0.4182E-16   0.2401E+01   0.1123E+01
  0.4355E+01  -0.4951E+01   0.1682E+01   0.5939E-16   0.2408E+01   0.1121E+01
  0.4360E+01  -0.4949E+01   0.1680E+01   0.3930E-16   0.2418E+01   0.1120E+01
  0.4365E+01  -0.4948E+01   0.1678E+01   0.2151E-16   0.2428E+01   0.1118E+01
  0.4370E+01  -0.4947E+01   0.1676E+01   0.5966E-16   0.2437E+01   0.1117E+01
  0.4375E+01  -0.4946E+01   0.1676E+01   0.3791E-16   0.2445E+01   0.1117E+01
  0.4380E+01  -0.4946E+01   0.1676E+01   0.3107E-16   0.2451E+01   0.1117E+01
  0.4385E+01  -0.4946E+01   0.1676E+01   0.2318E-16   0.2458E+01   0.1117E+01
  0.4390E+01  -0.4946E+01   0.1675E+01   0.4419E-16   0.2465E+01   0.1117E+01
  0.4395E+01  -0.4944E+01   0.1673E+01   0.1575E-16   0.2480E+01   0.1115E+01
  0.4400E+01  -0.4939E+01   0.1668E+01   0.3497E-16   0.2502E+01   0.1112E+01
  0.4405E+01  -0.4930E+01   0.1660E+01   0.1337E-16   0.2533E+01   0.1107E+01
  0.4410E+01  -0.4919E+01   0.1649E+01   0.1361E-16   0.2574E+01   0.1099E+01
  0.4415E+01  -0.4906E+01   0.1635E+01   0.4572E-16   0.2620E+01   0.1090E+01
  0.4420E+01  -0.4893E+01   0.1622E+01   0.3464E-16   0.2663E+01   0.1082E+01
  0.4425E+01  -0.4883E+01   0.1613E+01   0.2754E-16   0.2694E+01   0.1075E+01
  0.4430E+01  -0.4879E+01   0.1609E+01   0.1216E-16   0.2705E+01   0.1072E+01
  0.4435E+01  -0.4883E+01   0.1612E+01   0.7797E-17   0.2691E+01   0.1075E+01
  0.4440E+01  -0.4892E+01   0.1621E+01   0.3295E-16   0.2658E+01   0.1081E+01
  0.4445E+01  -0.4903E+01   0.1632E+01   0.4117E-16   0.2619E+01   0.1088E+01
  0.4450E+01  -0.4910E+01   0.1639E+01   0.5474E-16   0.2590E+01   0.1092E+01
  0.4455E+01  -0.4911E+01   0.1640E+01   0.9092E-17   0.2579E+01   0.1093E+01
  0.4460E+01  -0.4907E+01   0.1636E+01   0.5494E-17   0.2582E+01   0.1090E+01
  0.4465E+01  -0.4901E+01   0.1630E+01   0.2750E-16   0.2591E+01   0.1087E+01
  0.4470E+01  -0.4897E+01   0.1626E+01   0.3252E-16   0.2593E+01   0.1084E+01
  0.4475E+01  -0.4897E+01   0.1626E+01   0.4949E-16   0.2582E+01   0.1084E+01
  0.4480E+01  -0.4904E+01   0.1632E+01   0.2254E-16   0.2553E+01   0.1088E+01
  0.4485E+01  -0.4914E+01   0.1643E+01   0.1633E-16   0.2508E+01   0.1095E+01
  0.4490E+01  -0.4928E+01   0.1655E+01   0.5104E-16   0.2456E+01   0.1104E+01
  0.4495E+01  -0.4941E+01   0.1668E+01   0.2224E-16   0.2404E+01   0.1112E+01
  0.4500E+01  -0.4952E+01   0.1678E+01   0.4600E-16   0.2361E+01   0.1118E+01
  0.4505E+01  -0.4958E+01   0.1683E+01   0.2308E-16   0.2332E+01   0.1122E+01
  0.4510E+01  -0.4959E+01   0.1685E+01   0.1416E-16   0.2317E+01   0.1123E+01
  0.4515E+01  -0.4957E+01   0.1683E+01   0.2086E-16   0.2312E+01   0.1122E+01
  0.4520E+01  -0.4953E+01   0.1679E+01   0.3527E-16   0.2311E+01   0.1119E+01
  0.4525E+01  -0.4949E+01   0.1676E+01   0.3078E-16   0.2311E+01   0.1117E+01
  0.4530E+01  -0.4949E+01   0.1676E+01   0.2348E-16   0.2299E+01   0.1117E+01
  0.4535E+01  -0.4953E+01   0.1680E+01   0.1012E-16   0.2273E+01   0.1120E+01
  0.4540E+01  -0.4963E+01   0.1690E+01   0.1652E-16   0.2229E+01   0.1126E+01
  0.4545E+01  -0.4978E+01   0.1704E+01   0.1995E-16   0.2170E+01   0.1136E+01
  0.4550E+01  -0.4995E+01   0.1722E+01   0.4390E-16   0.2102E+01   0.1148E+01
  0.4555E+01  -0.5012E+01   0.1739E+01   0.5144E-16   0.2034E+01   0.1160E+01
  0.4560E+01  -0.5026E+01   0.1755E+01   0.1452E-16   0.1975E+01   0.1170E+01
  0.4565E+01  -0.5038E+01   0.1767E+01   0.8127E-16   0.1924E+01   0.1178E+01
  0.4570E+01  -0.5048E+01   0.1776E+01   0.2582E-16   0.1883E+01   0.1184E+01
  0.4575E+01  -0.5054E+01   0.1783E+01   0.1104E-15   0.1853E+01   0.1188E+01
  0.4580E+01  -0.5058E+01   0.1787E+01   0.8302E-16   0.1832E+01   0.1191E+01
  0.4585E+01  -0.5059E+01   0.1788E+01   0.3387E-16   0.1821E+01   0.1192E+01
  0.4590E+01  -0.5058E+01   0.1786E+01   0.3351E-16   0.1821E+01   0.1191E+01
  0.4595E+01  -0.5055E+01   0.1783E+01   0.4632E-16   0.1827E+01   0.1189E+01
  0.4600E+01  -0.5051E+01   0.1779E+01   0.2717E-16   0.1837E+01   0.1186E+01
  0.4605E+01  -0.5047E+01   0.1776E+01   0.2431E-16   0.1845E+01   0.1184E+01
  0.4610E+01  -0.5045E+01   0.1774E+01   0.5915E-16   0.1852E+01   0.1183E+01
  0.4615E+01  -0.5043E+01   0.1772E+01   0.7819E-16   0.1858E+01   0.1181E+01
  0.4620E+01  -0.5040E+01   0.1769E+01   0.7388E-16   0.1870E+01   0.1179E+01
  0.4625E+01  -0.5037E+01   0.1766E+01   0.4999E-16   0.1882E+01   0.1177E+01
  0.4630E+01  -0.5036E+01   0.1764E+01   0.3042E-16   0.1891E+01   0.1176E+01
  0.4635E+01  -0.5035E+01   0.1765E+01   0.4499E-16   0.1898E+01   0.1176E+01
  0.4640E+01  -0.5037E+01   0.1766E+01   0.3032E-16   0.1900E+01   0.1177E+01
  0.4645E+01  -0.5039E+01   0.1767E+01   0.6791E-16   0.1902E+01   0.1178E+01
  0.4650E+01  -0.5040E+01   0.1768E+01   0.3996E-16   0.1908E+01   0.1179E+01
  0.4655E+01  -0.5038E+01   0.1767E+01   0.2458E-16   0.1922E+01   0.1178E+01
  0.4660E+01  -0.5034E+01   0.1763E+01   0.3923E-16   0.1943E+01   0.1176E+01
  0.4665E+01  -0.5029E+01   0.1757E+01   0.5440E-16   0.1971E+01   0.1171E+01
  0.4670E+01  -0.5019E+01   0.1747E+01   0.2464E-16   0.2012E+01   0.1165E+01
  0.4675E+01  -0.5005E+01   0.1734E+01   0.6338E-16   0.2064E+01   0.1156E+01
  0.4680E+01  -0.4988E+01   0.1717E+01   0.5244E-16   0.2126E+01   0.1145E+01
  0.4685E+01  -0.4969E+01   0.1698E+01   0.6898E-16   0.2194E+01   0.1132E+01
  0.4690E+01  -0.4950E+01   0.1680E+01   0.5506E-16   0.2261E+01   0.1120E+01
  0.4695E+01  -0.4934E+01   0.1662E+01   0.4861E-16   0.2322E+01   0.1108E+01
  0.4700E+01  -0.4918E+01   0.1647E+01   0.5820E-16   0.2377E+01   0.1098E+01
  0.4705E+01  -0.4907E+01   0.1636E+01   0.5155E-16   0.2417E+01   0.1091E+01
  0.4710E+01  -0.4902E+01   0.1631E+01   0.6599E-16   0.2437E+01   0.1087E+01
  0.4715E+01  -0.4906E+01   0.1635E+01   0.1744E-16   0.2428E+01   0.1090E+01
  0.4720E+01  -0.4919E+01   0.1648E+01   0.4748E-16   0.2389E+01   0.1099E+01
  0.4725E+01  -0.4939E+01   0.1667E+01   0.4658E-16   0.2332E+01   0.1112E+01
  0.4730E+01  -0.4959E+01   0.1688E+01   0.6422E-16   0.2270E+01   0.1125E+01
  0.4735E+01  -0.4977E+01   0.1706E+01   0.4801E-16   0.2217E+01   0.1137E+01
  0.4740E+01  -0.4990E+01   0.1718E+01   0.1014E-15   0.2181E+01   0.1145E+01
  0.4745E+01  -0.4997E+01   0.1725E+01   0.1740E-16   0.2161E+01   0.1150E+01
  0.4750E+01  -0.5001E+01   0.1729E+01   0.5027E-16   0.2152E+01   0.1153E+01
  0.4755E+01  -0.5003E+01   0.1732E+01   0.6971E-16   0.2149E+01   0.1154E+01
  0.4760E+01  -0.5005E+01   0.1733E+01   0.3614E-16   0.2147E+01   0.1155E+01
  0.4765E+01  -0.5005E+01   0.1733E+01   0.7884E-16   0.2149E+01   0.1156E+01
  0.4770E+01  -0.5004E+01   0.1732E+01   0.1973E-16   0.2157E+01   0.1155E+01
  0.4775E+01  -0.5001E+01   0.1729E+01   0.7587E-16   0.2170E+01   0.1153E+01
  0.4780E+01  -0.4997E+01   0.1725E+01   0.7093E-16   0.2189E+01   0.1150E+01
  0.4785E+01  -0.4991E+01   0.1719E+01   0.2148E-16   0.2211E+01   0.1146E+01
  0.4790E+01  -0.4987E+01   0.1714E+01   0.2164E-16   0.2230E+01   0.1143E+01
  0.4795E+01  -0.4984E+01   0.1711E+01   0.6007E-16   0.2244E+01   0.1141E+01
  0.4800E+01  -0.4984E+01   0.1711E+01   0.2585E-16   0.2248E+01   0.1141E+01
  0.4805E+01  -0.4986E+01   0.1714E+01   0.4520E-16   0.2245E+01   0.1143E+01
  0.4810E+01  -0.4991E+01   0.1719E+01   0.5360E-16   0.2234E+01   0.1146E+01
  0.4815E+01  -0.4998E+01   0.1725E+01   0.5325E-16   0.2217E+01   0.1150E+01
  0.4820E+01  -0.5005E+01   0.1733E+01   0.4572E-16   0.2196E+01   0.1155E+01
  0.4825E+01  -0.5014E+01   0.1742E+01   0.3435E-16   0.2172E+01   0.1161E+01
  0.4830E+01  -0.5022E+01   0.1751E+01   0.1029E-16   0.2148E+01   0.1167E+01
  0.4835E+01  -0.5030E+01   0.1759E+01   0.3836E-16   0.2124E+01   0.1172E+01
  0.4840E+01  -0.5037E+01   0.1765E+01   0.5615E-16   0.2105E+01   0.1177E+01
  0.4845E+01  -0.5042E+01   0.1770E+01   0.4968E-16   0.2092E+01   0.1180E+01
  0.4850E+01  -0.5043E+01   0.1772E+01   0.4916E-16   0.2087E+01   0.1181E+01
  0.4855E+01  -0.5043E+01   0.1772E+01   0.1628E-16   0.2089E+01   0.1181E+01
  0.4860E+01  -0.5042E+01   0.1771E+01   0.3175E-16   0.2094E+01   0.1180E+01
  0.4865E+01  -0.5040E+01   0.1768E+01   0.4529E-16   0.2101E+01   0.1179E+01
  0.4870E+01  -0.5039E+01   0.1767E+01   0.7444E-16   0.2108E+01   0.1178E+01
  0.4875E+01  -0.5039E+01   0.1766E+01   0.1457E-15   0.2109E+01   0.1178E+01
  0.4880E+01  -0.5041E+01   0.1768E+01   0.1704E-15   0.2104E+01   0.1179E+01
  0.4885E+01  -0.5044E+01   0.1771E+01   0.5227E-16   0.2095E+01   0.1181E+01
  0.4890E+01  -0.5048E+01   0.1775E+01   0.4671E-16   0.2085E+01   0.1183E+01
  0.4895E+01  -0.5052E+01   0.1778E+01   0.2676E-16   0.2074E+01   0.1186E+01
  0.4900E+01  -0.5055E+01   0.1781E+01   0.3118E-16   0.2068E+01   0.1187E+01
  0.4905E+01  -0.5054E+01   0.1780E+01   0.4463E-16   0.2070E+01   0.1187E+01
  0.4910E+01  -0.5052E+01   0.1778E+01   0.1620E-16   0.2079E+01   0.1185E+01
  0.4915E+01  -0.5048E+01   0.1774E+01   0.5960E-16   0.2091E+01   0.1183E+01
  0.4920E+01  -0.5044E+01   0.1771E+01   0.5456E-16   0.2101E+01   0.1181E+01
  0.4925E+01  -0.5043E+01   0.1770E+01   0.3150E-16   0.2102E+01   0.1180E+01
  0.4930E+01  -0.5046E+01   0.1772E+01   0.6996E-16   0.2092E+01   0.1181E+01
  0.4935E+01  -0.5051E+01   0.1777E+01   0.8973E-16   0.2070E+01   0.1185E+01
  0.4940E+01  -0.5060E+01   0.1786E+01   0.4134E-16   0.2039E+01   0.1190E+01
  0.4945E+01  -0.5070E+01   0.1796E+01   0.4608E-16   0.2003E+01   0.1197E+01
  0.4950E+01  -0.5081E+01   0.1806E+01   0.3580E-16   0.1966E+01   0.1204E+01
  0.4955E+01  -0.5090E+01   0.1815E+01   0.2245E-16   0.1934E+01   0.1210E+01
  0.4960E+01  -0.5097E+01   0.1822E+01   0.4675E-16   0.1911E+01   0.1215E+01
  0.4965E+01  -0.5100E+01   0.1825E+01   0.4017E-16   0.1902E+01   0.1217E+01
  0.4970E+01  -0.5100E+01   0.1825E+01   0.8797E-16   0.1906E+01   0.1217E+01
  0.4975E+01  -0.5097E+01   0.1822E+01   0.7752E-16   0.1922E+01   0.1215E+01
  0.4980E+01  -0.5092E+01   0.1817E+01   0.4647E-16   0.1947E+01   0.1212E+01
  0.4985E+01  -0.5086E+01   0.1813E+01   0.3716E-16   0.1975E+01   0.1208E+01
  0.4990E+01  -0.5082E+01   0.1809E+01   0.1335E-16   0.2003E+01   0.1206E+01
  0.4995E+01  -0.5079E+01   0.1806E+01   0.9502E-16   0.2032E+01   0.1204E+01
  0.5000E+01  -0.5075E+01   0.1802E+01   0.7402E-16   0.2064E+01   0.1201E+01
