        time        Tadim
  0.5000E-02   0.1099E+01
  0.1000E-01   0.1096E+01
  0.1500E-01   0.1090E+01
  0.2000E-01   0.1083E+01
  0.2500E-01   0.1072E+01
  0.3000E-01   0.1058E+01
  0.3500E-01   0.1040E+01
  0.4000E-01   0.1017E+01
  0.4500E-01   0.9895E+00
  0.5000E-01   0.9564E+00
  0.5500E-01   0.9175E+00
  0.6000E-01   0.8731E+00
  0.6500E-01   0.8243E+00
  0.7000E-01   0.7727E+00
  0.7500E-01   0.7208E+00
  0.8000E-01   0.6715E+00
  0.8500E-01   0.6276E+00
  0.9000E-01   0.5912E+00
  0.9500E-01   0.5634E+00
  0.1000E+00   0.5445E+00
  0.1050E+00   0.5337E+00
  0.1100E+00   0.5296E+00
  0.1150E+00   0.5306E+00
  0.1200E+00   0.5351E+00
  0.1250E+00   0.5414E+00
  0.1300E+00   0.5484E+00
  0.1350E+00   0.5551E+00
  0.1400E+00   0.5607E+00
  0.1450E+00   0.5650E+00
  0.1500E+00   0.5679E+00
  0.1550E+00   0.5695E+00
  0.1600E+00   0.5699E+00
  0.1650E+00   0.5695E+00
  0.1700E+00   0.5686E+00
  0.1750E+00   0.5673E+00
  0.1800E+00   0.5660E+00
  0.1850E+00   0.5649E+00
  0.1900E+00   0.5640E+00
  0.1950E+00   0.5634E+00
  0.2000E+00   0.5632E+00
  0.2050E+00   0.5632E+00
  0.2100E+00   0.5636E+00
  0.2150E+00   0.5641E+00
  0.2200E+00   0.5647E+00
  0.2250E+00   0.5651E+00
  0.2300E+00   0.5651E+00
  0.2350E+00   0.5645E+00
  0.2400E+00   0.5634E+00
  0.2450E+00   0.5618E+00
  0.2500E+00   0.1094E+01
  0.2550E+00   0.1083E+01
  0.2600E+00   0.1066E+01
  0.2650E+00   0.1047E+01
  0.2700E+00   0.1025E+01
  0.2750E+00   0.1003E+01
  0.2800E+00   0.9810E+00
  0.2850E+00   0.9599E+00
  0.2900E+00   0.9411E+00
  0.2950E+00   0.9261E+00
  0.3000E+00   0.9158E+00
  0.3050E+00   0.9104E+00
  0.3100E+00   0.9095E+00
  0.3150E+00   0.9118E+00
  0.3200E+00   0.9159E+00
  0.3250E+00   0.9203E+00
  0.3300E+00   0.9239E+00
  0.3350E+00   0.9261E+00
  0.3400E+00   0.9267E+00
  0.3450E+00   0.9257E+00
  0.3500E+00   0.9234E+00
  0.3550E+00   0.9206E+00
  0.3600E+00   0.9182E+00
  0.3650E+00   0.9168E+00
  0.3700E+00   0.9172E+00
  0.3750E+00   0.9195E+00
  0.3800E+00   0.9236E+00
  0.3850E+00   0.9287E+00
  0.3900E+00   0.9344E+00
  0.3950E+00   0.9400E+00
  0.4000E+00   0.9452E+00
  0.4050E+00   0.9498E+00
  0.4100E+00   0.9536E+00
  0.4150E+00   0.9563E+00
  0.4200E+00   0.9577E+00
  0.4250E+00   0.9572E+00
  0.4300E+00   0.9540E+00
  0.4350E+00   0.9476E+00
  0.4400E+00   0.9377E+00
  0.4450E+00   0.9246E+00
  0.4500E+00   0.9092E+00
  0.4550E+00   0.8931E+00
  0.4600E+00   0.8785E+00
  0.4650E+00   0.8670E+00
  0.4700E+00   0.8594E+00
  0.4750E+00   0.8546E+00
  0.4800E+00   0.8510E+00
  0.4850E+00   0.8474E+00
  0.4900E+00   0.8437E+00
  0.4950E+00   0.8405E+00
  0.5000E+00   0.1096E+01
  0.5050E+00   0.1092E+01
  0.5100E+00   0.1087E+01
  0.5150E+00   0.1083E+01
  0.5200E+00   0.1079E+01
  0.5250E+00   0.1075E+01
  0.5300E+00   0.1071E+01
  0.5350E+00   0.1067E+01
  0.5400E+00   0.1064E+01
  0.5450E+00   0.1060E+01
  0.5500E+00   0.1056E+01
  0.5550E+00   0.1051E+01
  0.5600E+00   0.1046E+01
  0.5650E+00   0.1040E+01
  0.5700E+00   0.1034E+01
  0.5750E+00   0.1030E+01
  0.5800E+00   0.1028E+01
  0.5850E+00   0.1030E+01
  0.5900E+00   0.1036E+01
  0.5950E+00   0.1046E+01
  0.6000E+00   0.1057E+01
  0.6050E+00   0.1068E+01
  0.6100E+00   0.1078E+01
  0.6150E+00   0.1086E+01
  0.6200E+00   0.1092E+01
  0.6250E+00   0.1096E+01
  0.6300E+00   0.1098E+01
  0.6350E+00   0.1100E+01
  0.6400E+00   0.1102E+01
  0.6450E+00   0.1103E+01
  0.6500E+00   0.1103E+01
  0.6550E+00   0.1102E+01
  0.6600E+00   0.1100E+01
  0.6650E+00   0.1097E+01
  0.6700E+00   0.1094E+01
  0.6750E+00   0.1091E+01
  0.6800E+00   0.1086E+01
  0.6850E+00   0.1080E+01
  0.6900E+00   0.1072E+01
  0.6950E+00   0.1063E+01
  0.7000E+00   0.1053E+01
  0.7050E+00   0.1044E+01
  0.7100E+00   0.1036E+01
  0.7150E+00   0.1029E+01
  0.7200E+00   0.1025E+01
  0.7250E+00   0.1022E+01
  0.7300E+00   0.1022E+01
  0.7350E+00   0.1025E+01
  0.7400E+00   0.1029E+01
  0.7450E+00   0.1036E+01
  0.7500E+00   0.1107E+01
  0.7550E+00   0.1113E+01
  0.7600E+00   0.1117E+01
  0.7650E+00   0.1120E+01
  0.7700E+00   0.1120E+01
  0.7750E+00   0.1117E+01
  0.7800E+00   0.1113E+01
  0.7850E+00   0.1108E+01
  0.7900E+00   0.1103E+01
  0.7950E+00   0.1100E+01
  0.8000E+00   0.1096E+01
  0.8050E+00   0.1089E+01
  0.8100E+00   0.1079E+01
  0.8150E+00   0.1064E+01
  0.8200E+00   0.1048E+01
  0.8250E+00   0.1034E+01
  0.8300E+00   0.1025E+01
  0.8350E+00   0.1023E+01
  0.8400E+00   0.1028E+01
  0.8450E+00   0.1037E+01
  0.8500E+00   0.1049E+01
  0.8550E+00   0.1061E+01
  0.8600E+00   0.1070E+01
  0.8650E+00   0.1075E+01
  0.8700E+00   0.1074E+01
  0.8750E+00   0.1070E+01
  0.8800E+00   0.1066E+01
  0.8850E+00   0.1065E+01
  0.8900E+00   0.1069E+01
  0.8950E+00   0.1078E+01
  0.9000E+00   0.1089E+01
  0.9050E+00   0.1101E+01
  0.9100E+00   0.1111E+01
  0.9150E+00   0.1120E+01
  0.9200E+00   0.1128E+01
  0.9250E+00   0.1135E+01
  0.9300E+00   0.1141E+01
  0.9350E+00   0.1147E+01
  0.9400E+00   0.1152E+01
  0.9450E+00   0.1155E+01
  0.9500E+00   0.1156E+01
  0.9550E+00   0.1154E+01
  0.9600E+00   0.1151E+01
  0.9650E+00   0.1147E+01
  0.9700E+00   0.1145E+01
  0.9750E+00   0.1145E+01
  0.9800E+00   0.1145E+01
  0.9850E+00   0.1142E+01
  0.9900E+00   0.1135E+01
  0.9950E+00   0.1125E+01
  0.1000E+01   0.1088E+01
  0.1005E+01   0.1076E+01
  0.1010E+01   0.1066E+01
  0.1015E+01   0.1058E+01
  0.1020E+01   0.1052E+01
  0.1025E+01   0.1049E+01
  0.1030E+01   0.1046E+01
  0.1035E+01   0.1045E+01
  0.1040E+01   0.1043E+01
  0.1045E+01   0.1041E+01
  0.1050E+01   0.1040E+01
  0.1055E+01   0.1041E+01
  0.1060E+01   0.1043E+01
  0.1065E+01   0.1047E+01
  0.1070E+01   0.1053E+01
  0.1075E+01   0.1059E+01
  0.1080E+01   0.1065E+01
  0.1085E+01   0.1070E+01
  0.1090E+01   0.1073E+01
  0.1095E+01   0.1075E+01
  0.1100E+01   0.1075E+01
  0.1105E+01   0.1073E+01
  0.1110E+01   0.1070E+01
  0.1115E+01   0.1068E+01
  0.1120E+01   0.1066E+01
  0.1125E+01   0.1067E+01
  0.1130E+01   0.1070E+01
  0.1135E+01   0.1075E+01
  0.1140E+01   0.1081E+01
  0.1145E+01   0.1086E+01
  0.1150E+01   0.1090E+01
  0.1155E+01   0.1091E+01
  0.1160E+01   0.1089E+01
  0.1165E+01   0.1083E+01
  0.1170E+01   0.1076E+01
  0.1175E+01   0.1068E+01
  0.1180E+01   0.1060E+01
  0.1185E+01   0.1054E+01
  0.1190E+01   0.1049E+01
  0.1195E+01   0.1045E+01
  0.1200E+01   0.1041E+01
  0.1205E+01   0.1038E+01
  0.1210E+01   0.1035E+01
  0.1215E+01   0.1033E+01
  0.1220E+01   0.1034E+01
  0.1225E+01   0.1038E+01
  0.1230E+01   0.1047E+01
  0.1235E+01   0.1061E+01
  0.1240E+01   0.1079E+01
  0.1245E+01   0.1098E+01
  0.1250E+01   0.1117E+01
  0.1255E+01   0.1129E+01
  0.1260E+01   0.1137E+01
  0.1265E+01   0.1139E+01
  0.1270E+01   0.1137E+01
  0.1275E+01   0.1130E+01
  0.1280E+01   0.1119E+01
  0.1285E+01   0.1105E+01
  0.1290E+01   0.1090E+01
  0.1295E+01   0.1075E+01
  0.1300E+01   0.1063E+01
  0.1305E+01   0.1054E+01
  0.1310E+01   0.1050E+01
  0.1315E+01   0.1049E+01
  0.1320E+01   0.1052E+01
  0.1325E+01   0.1054E+01
  0.1330E+01   0.1056E+01
  0.1335E+01   0.1057E+01
  0.1340E+01   0.1057E+01
  0.1345E+01   0.1058E+01
  0.1350E+01   0.1059E+01
  0.1355E+01   0.1060E+01
  0.1360E+01   0.1063E+01
  0.1365E+01   0.1066E+01
  0.1370E+01   0.1069E+01
  0.1375E+01   0.1073E+01
  0.1380E+01   0.1078E+01
  0.1385E+01   0.1083E+01
  0.1390E+01   0.1088E+01
  0.1395E+01   0.1091E+01
  0.1400E+01   0.1093E+01
  0.1405E+01   0.1092E+01
  0.1410E+01   0.1088E+01
  0.1415E+01   0.1081E+01
  0.1420E+01   0.1072E+01
  0.1425E+01   0.1064E+01
  0.1430E+01   0.1056E+01
  0.1435E+01   0.1052E+01
  0.1440E+01   0.1052E+01
  0.1445E+01   0.1054E+01
  0.1450E+01   0.1059E+01
  0.1455E+01   0.1064E+01
  0.1460E+01   0.1068E+01
  0.1465E+01   0.1071E+01
  0.1470E+01   0.1072E+01
  0.1475E+01   0.1072E+01
  0.1480E+01   0.1071E+01
  0.1485E+01   0.1068E+01
  0.1490E+01   0.1066E+01
  0.1495E+01   0.1064E+01
  0.1500E+01   0.1099E+01
  0.1505E+01   0.1099E+01
  0.1510E+01   0.1099E+01
  0.1515E+01   0.1099E+01
  0.1520E+01   0.1098E+01
  0.1525E+01   0.1097E+01
  0.1530E+01   0.1096E+01
  0.1535E+01   0.1096E+01
  0.1540E+01   0.1098E+01
  0.1545E+01   0.1102E+01
  0.1550E+01   0.1109E+01
  0.1555E+01   0.1117E+01
  0.1560E+01   0.1124E+01
  0.1565E+01   0.1128E+01
  0.1570E+01   0.1130E+01
  0.1575E+01   0.1127E+01
  0.1580E+01   0.1122E+01
  0.1585E+01   0.1114E+01
  0.1590E+01   0.1105E+01
  0.1595E+01   0.1097E+01
  0.1600E+01   0.1090E+01
  0.1605E+01   0.1087E+01
  0.1610E+01   0.1087E+01
  0.1615E+01   0.1090E+01
  0.1620E+01   0.1094E+01
  0.1625E+01   0.1098E+01
  0.1630E+01   0.1100E+01
  0.1635E+01   0.1101E+01
  0.1640E+01   0.1101E+01
  0.1645E+01   0.1099E+01
  0.1650E+01   0.1098E+01
  0.1655E+01   0.1099E+01
  0.1660E+01   0.1101E+01
  0.1665E+01   0.1107E+01
  0.1670E+01   0.1116E+01
  0.1675E+01   0.1126E+01
  0.1680E+01   0.1137E+01
  0.1685E+01   0.1147E+01
  0.1690E+01   0.1155E+01
  0.1695E+01   0.1160E+01
  0.1700E+01   0.1165E+01
  0.1705E+01   0.1168E+01
  0.1710E+01   0.1169E+01
  0.1715E+01   0.1170E+01
  0.1720E+01   0.1168E+01
  0.1725E+01   0.1162E+01
  0.1730E+01   0.1153E+01
  0.1735E+01   0.1140E+01
  0.1740E+01   0.1124E+01
  0.1745E+01   0.1108E+01
  0.1750E+01   0.1086E+01
  0.1755E+01   0.1076E+01
  0.1760E+01   0.1072E+01
  0.1765E+01   0.1073E+01
  0.1770E+01   0.1079E+01
  0.1775E+01   0.1085E+01
  0.1780E+01   0.1091E+01
  0.1785E+01   0.1096E+01
  0.1790E+01   0.1099E+01
  0.1795E+01   0.1100E+01
  0.1800E+01   0.1101E+01
  0.1805E+01   0.1101E+01
  0.1810E+01   0.1101E+01
  0.1815E+01   0.1101E+01
  0.1820E+01   0.1102E+01
  0.1825E+01   0.1104E+01
  0.1830E+01   0.1106E+01
  0.1835E+01   0.1109E+01
  0.1840E+01   0.1111E+01
  0.1845E+01   0.1111E+01
  0.1850E+01   0.1110E+01
  0.1855E+01   0.1109E+01
  0.1860E+01   0.1106E+01
  0.1865E+01   0.1103E+01
  0.1870E+01   0.1100E+01
  0.1875E+01   0.1096E+01
  0.1880E+01   0.1091E+01
  0.1885E+01   0.1086E+01
  0.1890E+01   0.1080E+01
  0.1895E+01   0.1074E+01
  0.1900E+01   0.1069E+01
  0.1905E+01   0.1064E+01
  0.1910E+01   0.1059E+01
  0.1915E+01   0.1055E+01
  0.1920E+01   0.1052E+01
  0.1925E+01   0.1048E+01
  0.1930E+01   0.1044E+01
  0.1935E+01   0.1039E+01
  0.1940E+01   0.1035E+01
  0.1945E+01   0.1032E+01
  0.1950E+01   0.1030E+01
  0.1955E+01   0.1031E+01
  0.1960E+01   0.1033E+01
  0.1965E+01   0.1036E+01
  0.1970E+01   0.1040E+01
  0.1975E+01   0.1044E+01
  0.1980E+01   0.1050E+01
  0.1985E+01   0.1057E+01
  0.1990E+01   0.1066E+01
  0.1995E+01   0.1077E+01
  0.2000E+01   0.1112E+01
  0.2005E+01   0.1123E+01
  0.2010E+01   0.1133E+01
  0.2015E+01   0.1140E+01
  0.2020E+01   0.1142E+01
  0.2025E+01   0.1139E+01
  0.2030E+01   0.1132E+01
  0.2035E+01   0.1121E+01
  0.2040E+01   0.1107E+01
  0.2045E+01   0.1094E+01
  0.2050E+01   0.1082E+01
  0.2055E+01   0.1075E+01
  0.2060E+01   0.1073E+01
  0.2065E+01   0.1077E+01
  0.2070E+01   0.1085E+01
  0.2075E+01   0.1095E+01
  0.2080E+01   0.1105E+01
  0.2085E+01   0.1113E+01
  0.2090E+01   0.1117E+01
  0.2095E+01   0.1118E+01
  0.2100E+01   0.1114E+01
  0.2105E+01   0.1107E+01
  0.2110E+01   0.1099E+01
  0.2115E+01   0.1090E+01
  0.2120E+01   0.1083E+01
  0.2125E+01   0.1079E+01
  0.2130E+01   0.1077E+01
  0.2135E+01   0.1078E+01
  0.2140E+01   0.1081E+01
  0.2145E+01   0.1086E+01
  0.2150E+01   0.1093E+01
  0.2155E+01   0.1099E+01
  0.2160E+01   0.1107E+01
  0.2165E+01   0.1114E+01
  0.2170E+01   0.1123E+01
  0.2175E+01   0.1132E+01
  0.2180E+01   0.1140E+01
  0.2185E+01   0.1145E+01
  0.2190E+01   0.1147E+01
  0.2195E+01   0.1146E+01
  0.2200E+01   0.1143E+01
  0.2205E+01   0.1139E+01
  0.2210E+01   0.1135E+01
  0.2215E+01   0.1131E+01
  0.2220E+01   0.1127E+01
  0.2225E+01   0.1123E+01
  0.2230E+01   0.1118E+01
  0.2235E+01   0.1112E+01
  0.2240E+01   0.1107E+01
  0.2245E+01   0.1103E+01
  0.2250E+01   0.1098E+01
  0.2255E+01   0.1097E+01
  0.2260E+01   0.1097E+01
  0.2265E+01   0.1097E+01
  0.2270E+01   0.1096E+01
  0.2275E+01   0.1093E+01
  0.2280E+01   0.1089E+01
  0.2285E+01   0.1084E+01
  0.2290E+01   0.1079E+01
  0.2295E+01   0.1074E+01
  0.2300E+01   0.1070E+01
  0.2305E+01   0.1067E+01
  0.2310E+01   0.1066E+01
  0.2315E+01   0.1067E+01
  0.2320E+01   0.1070E+01
  0.2325E+01   0.1073E+01
  0.2330E+01   0.1077E+01
  0.2335E+01   0.1079E+01
  0.2340E+01   0.1079E+01
  0.2345E+01   0.1078E+01
  0.2350E+01   0.1075E+01
  0.2355E+01   0.1073E+01
  0.2360E+01   0.1073E+01
  0.2365E+01   0.1074E+01
  0.2370E+01   0.1077E+01
  0.2375E+01   0.1082E+01
  0.2380E+01   0.1090E+01
  0.2385E+01   0.1100E+01
  0.2390E+01   0.1111E+01
  0.2395E+01   0.1123E+01
  0.2400E+01   0.1134E+01
  0.2405E+01   0.1143E+01
  0.2410E+01   0.1149E+01
  0.2415E+01   0.1150E+01
  0.2420E+01   0.1148E+01
  0.2425E+01   0.1142E+01
  0.2430E+01   0.1134E+01
  0.2435E+01   0.1124E+01
  0.2440E+01   0.1112E+01
  0.2445E+01   0.1100E+01
  0.2450E+01   0.1087E+01
  0.2455E+01   0.1075E+01
  0.2460E+01   0.1064E+01
  0.2465E+01   0.1058E+01
  0.2470E+01   0.1057E+01
  0.2475E+01   0.1061E+01
  0.2480E+01   0.1070E+01
  0.2485E+01   0.1081E+01
  0.2490E+01   0.1092E+01
  0.2495E+01   0.1105E+01
  0.2500E+01   0.1112E+01
  0.2505E+01   0.1122E+01
  0.2510E+01   0.1132E+01
  0.2515E+01   0.1140E+01
  0.2520E+01   0.1148E+01
  0.2525E+01   0.1156E+01
  0.2530E+01   0.1162E+01
  0.2535E+01   0.1164E+01
  0.2540E+01   0.1161E+01
  0.2545E+01   0.1152E+01
  0.2550E+01   0.1137E+01
  0.2555E+01   0.1120E+01
  0.2560E+01   0.1102E+01
  0.2565E+01   0.1088E+01
  0.2570E+01   0.1078E+01
  0.2575E+01   0.1075E+01
  0.2580E+01   0.1076E+01
  0.2585E+01   0.1081E+01
  0.2590E+01   0.1085E+01
  0.2595E+01   0.1087E+01
  0.2600E+01   0.1089E+01
  0.2605E+01   0.1089E+01
  0.2610E+01   0.1090E+01
  0.2615E+01   0.1089E+01
  0.2620E+01   0.1089E+01
  0.2625E+01   0.1089E+01
  0.2630E+01   0.1088E+01
  0.2635E+01   0.1089E+01
  0.2640E+01   0.1090E+01
  0.2645E+01   0.1094E+01
  0.2650E+01   0.1101E+01
  0.2655E+01   0.1112E+01
  0.2660E+01   0.1128E+01
  0.2665E+01   0.1145E+01
  0.2670E+01   0.1162E+01
  0.2675E+01   0.1177E+01
  0.2680E+01   0.1189E+01
  0.2685E+01   0.1195E+01
  0.2690E+01   0.1196E+01
  0.2695E+01   0.1191E+01
  0.2700E+01   0.1180E+01
  0.2705E+01   0.1165E+01
  0.2710E+01   0.1147E+01
  0.2715E+01   0.1127E+01
  0.2720E+01   0.1105E+01
  0.2725E+01   0.1083E+01
  0.2730E+01   0.1062E+01
  0.2735E+01   0.1045E+01
  0.2740E+01   0.1034E+01
  0.2745E+01   0.1029E+01
  0.2750E+01   0.1100E+01
  0.2755E+01   0.1102E+01
  0.2760E+01   0.1107E+01
  0.2765E+01   0.1112E+01
  0.2770E+01   0.1118E+01
  0.2775E+01   0.1123E+01
  0.2780E+01   0.1127E+01
  0.2785E+01   0.1131E+01
  0.2790E+01   0.1136E+01
  0.2795E+01   0.1145E+01
  0.2800E+01   0.1157E+01
  0.2805E+01   0.1170E+01
  0.2810E+01   0.1183E+01
  0.2815E+01   0.1194E+01
  0.2820E+01   0.1199E+01
  0.2825E+01   0.1199E+01
  0.2830E+01   0.1194E+01
  0.2835E+01   0.1183E+01
  0.2840E+01   0.1170E+01
  0.2845E+01   0.1154E+01
  0.2850E+01   0.1138E+01
  0.2855E+01   0.1123E+01
  0.2860E+01   0.1111E+01
  0.2865E+01   0.1101E+01
  0.2870E+01   0.1095E+01
  0.2875E+01   0.1093E+01
  0.2880E+01   0.1095E+01
  0.2885E+01   0.1101E+01
  0.2890E+01   0.1109E+01
  0.2895E+01   0.1119E+01
  0.2900E+01   0.1129E+01
  0.2905E+01   0.1140E+01
  0.2910E+01   0.1148E+01
  0.2915E+01   0.1152E+01
  0.2920E+01   0.1153E+01
  0.2925E+01   0.1150E+01
  0.2930E+01   0.1144E+01
  0.2935E+01   0.1136E+01
  0.2940E+01   0.1127E+01
  0.2945E+01   0.1119E+01
  0.2950E+01   0.1112E+01
  0.2955E+01   0.1106E+01
  0.2960E+01   0.1098E+01
  0.2965E+01   0.1092E+01
  0.2970E+01   0.1087E+01
  0.2975E+01   0.1085E+01
  0.2980E+01   0.1089E+01
  0.2985E+01   0.1096E+01
  0.2990E+01   0.1105E+01
  0.2995E+01   0.1113E+01
  0.3000E+01   0.1107E+01
  0.3005E+01   0.1114E+01
  0.3010E+01   0.1119E+01
  0.3015E+01   0.1124E+01
  0.3020E+01   0.1128E+01
  0.3025E+01   0.1132E+01
  0.3030E+01   0.1133E+01
  0.3035E+01   0.1133E+01
  0.3040E+01   0.1129E+01
  0.3045E+01   0.1122E+01
  0.3050E+01   0.1113E+01
  0.3055E+01   0.1105E+01
  0.3060E+01   0.1097E+01
  0.3065E+01   0.1093E+01
  0.3070E+01   0.1093E+01
  0.3075E+01   0.1097E+01
  0.3080E+01   0.1102E+01
  0.3085E+01   0.1109E+01
  0.3090E+01   0.1115E+01
  0.3095E+01   0.1120E+01
  0.3100E+01   0.1121E+01
  0.3105E+01   0.1120E+01
  0.3110E+01   0.1116E+01
  0.3115E+01   0.1111E+01
  0.3120E+01   0.1105E+01
  0.3125E+01   0.1100E+01
  0.3130E+01   0.1097E+01
  0.3135E+01   0.1097E+01
  0.3140E+01   0.1101E+01
  0.3145E+01   0.1108E+01
  0.3150E+01   0.1118E+01
  0.3155E+01   0.1130E+01
  0.3160E+01   0.1141E+01
  0.3165E+01   0.1150E+01
  0.3170E+01   0.1156E+01
  0.3175E+01   0.1160E+01
  0.3180E+01   0.1163E+01
  0.3185E+01   0.1164E+01
  0.3190E+01   0.1165E+01
  0.3195E+01   0.1165E+01
  0.3200E+01   0.1165E+01
  0.3205E+01   0.1164E+01
  0.3210E+01   0.1164E+01
  0.3215E+01   0.1163E+01
  0.3220E+01   0.1163E+01
  0.3225E+01   0.1163E+01
  0.3230E+01   0.1163E+01
  0.3235E+01   0.1163E+01
  0.3240E+01   0.1163E+01
  0.3245E+01   0.1162E+01
  0.3250E+01   0.1098E+01
  0.3255E+01   0.1093E+01
  0.3260E+01   0.1086E+01
  0.3265E+01   0.1077E+01
  0.3270E+01   0.1067E+01
  0.3275E+01   0.1058E+01
  0.3280E+01   0.1052E+01
  0.3285E+01   0.1052E+01
  0.3290E+01   0.1054E+01
  0.3295E+01   0.1059E+01
  0.3300E+01   0.1064E+01
  0.3305E+01   0.1069E+01
  0.3310E+01   0.1073E+01
  0.3315E+01   0.1075E+01
  0.3320E+01   0.1075E+01
  0.3325E+01   0.1075E+01
  0.3330E+01   0.1075E+01
  0.3335E+01   0.1076E+01
  0.3340E+01   0.1075E+01
  0.3345E+01   0.1073E+01
  0.3350E+01   0.1070E+01
  0.3355E+01   0.1067E+01
  0.3360E+01   0.1063E+01
  0.3365E+01   0.1061E+01
  0.3370E+01   0.1059E+01
  0.3375E+01   0.1059E+01
  0.3380E+01   0.1059E+01
  0.3385E+01   0.1059E+01
  0.3390E+01   0.1059E+01
  0.3395E+01   0.1057E+01
  0.3400E+01   0.1054E+01
  0.3405E+01   0.1052E+01
  0.3410E+01   0.1052E+01
  0.3415E+01   0.1055E+01
  0.3420E+01   0.1061E+01
  0.3425E+01   0.1070E+01
  0.3430E+01   0.1080E+01
  0.3435E+01   0.1090E+01
  0.3440E+01   0.1100E+01
  0.3445E+01   0.1109E+01
  0.3450E+01   0.1116E+01
  0.3455E+01   0.1121E+01
  0.3460E+01   0.1125E+01
  0.3465E+01   0.1127E+01
  0.3470E+01   0.1127E+01
  0.3475E+01   0.1127E+01
  0.3480E+01   0.1126E+01
  0.3485E+01   0.1125E+01
  0.3490E+01   0.1123E+01
  0.3495E+01   0.1119E+01
  0.3500E+01   0.1095E+01
  0.3505E+01   0.1088E+01
  0.3510E+01   0.1081E+01
  0.3515E+01   0.1074E+01
  0.3520E+01   0.1068E+01
  0.3525E+01   0.1064E+01
  0.3530E+01   0.1061E+01
  0.3535E+01   0.1060E+01
  0.3540E+01   0.1061E+01
  0.3545E+01   0.1064E+01
  0.3550E+01   0.1069E+01
  0.3555E+01   0.1074E+01
  0.3560E+01   0.1078E+01
  0.3565E+01   0.1080E+01
  0.3570E+01   0.1079E+01
  0.3575E+01   0.1075E+01
  0.3580E+01   0.1070E+01
  0.3585E+01   0.1064E+01
  0.3590E+01   0.1058E+01
  0.3595E+01   0.1055E+01
  0.3600E+01   0.1054E+01
  0.3605E+01   0.1054E+01
  0.3610E+01   0.1057E+01
  0.3615E+01   0.1061E+01
  0.3620E+01   0.1066E+01
  0.3625E+01   0.1071E+01
  0.3630E+01   0.1076E+01
  0.3635E+01   0.1080E+01
  0.3640E+01   0.1085E+01
  0.3645E+01   0.1089E+01
  0.3650E+01   0.1093E+01
  0.3655E+01   0.1097E+01
  0.3660E+01   0.1100E+01
  0.3665E+01   0.1102E+01
  0.3670E+01   0.1103E+01
  0.3675E+01   0.1103E+01
  0.3680E+01   0.1102E+01
  0.3685E+01   0.1100E+01
  0.3690E+01   0.1097E+01
  0.3695E+01   0.1094E+01
  0.3700E+01   0.1090E+01
  0.3705E+01   0.1088E+01
  0.3710E+01   0.1088E+01
  0.3715E+01   0.1090E+01
  0.3720E+01   0.1094E+01
  0.3725E+01   0.1099E+01
  0.3730E+01   0.1103E+01
  0.3735E+01   0.1107E+01
  0.3740E+01   0.1109E+01
  0.3745E+01   0.1110E+01
  0.3750E+01   0.1100E+01
  0.3755E+01   0.1098E+01
  0.3760E+01   0.1095E+01
  0.3765E+01   0.1091E+01
  0.3770E+01   0.1087E+01
  0.3775E+01   0.1082E+01
  0.3780E+01   0.1079E+01
  0.3785E+01   0.1079E+01
  0.3790E+01   0.1082E+01
  0.3795E+01   0.1088E+01
  0.3800E+01   0.1095E+01
  0.3805E+01   0.1102E+01
  0.3810E+01   0.1106E+01
  0.3815E+01   0.1108E+01
  0.3820E+01   0.1107E+01
  0.3825E+01   0.1104E+01
  0.3830E+01   0.1100E+01
  0.3835E+01   0.1094E+01
  0.3840E+01   0.1087E+01
  0.3845E+01   0.1078E+01
  0.3850E+01   0.1070E+01
  0.3855E+01   0.1062E+01
  0.3860E+01   0.1055E+01
  0.3865E+01   0.1051E+01
  0.3870E+01   0.1049E+01
  0.3875E+01   0.1050E+01
  0.3880E+01   0.1053E+01
  0.3885E+01   0.1058E+01
  0.3890E+01   0.1068E+01
  0.3895E+01   0.1080E+01
  0.3900E+01   0.1094E+01
  0.3905E+01   0.1108E+01
  0.3910E+01   0.1118E+01
  0.3915E+01   0.1124E+01
  0.3920E+01   0.1127E+01
  0.3925E+01   0.1125E+01
  0.3930E+01   0.1122E+01
  0.3935E+01   0.1117E+01
  0.3940E+01   0.1112E+01
  0.3945E+01   0.1106E+01
  0.3950E+01   0.1100E+01
  0.3955E+01   0.1093E+01
  0.3960E+01   0.1085E+01
  0.3965E+01   0.1076E+01
  0.3970E+01   0.1066E+01
  0.3975E+01   0.1056E+01
  0.3980E+01   0.1046E+01
  0.3985E+01   0.1036E+01
  0.3990E+01   0.1028E+01
  0.3995E+01   0.1021E+01
  0.4000E+01   0.1096E+01
  0.4005E+01   0.1096E+01
  0.4010E+01   0.1097E+01
  0.4015E+01   0.1101E+01
  0.4020E+01   0.1104E+01
  0.4025E+01   0.1107E+01
  0.4030E+01   0.1109E+01
  0.4035E+01   0.1110E+01
  0.4040E+01   0.1109E+01
  0.4045E+01   0.1104E+01
  0.4050E+01   0.1096E+01
  0.4055E+01   0.1087E+01
  0.4060E+01   0.1080E+01
  0.4065E+01   0.1078E+01
  0.4070E+01   0.1083E+01
  0.4075E+01   0.1094E+01
  0.4080E+01   0.1107E+01
  0.4085E+01   0.1119E+01
  0.4090E+01   0.1128E+01
  0.4095E+01   0.1133E+01
  0.4100E+01   0.1135E+01
  0.4105E+01   0.1134E+01
  0.4110E+01   0.1132E+01
  0.4115E+01   0.1130E+01
  0.4120E+01   0.1130E+01
  0.4125E+01   0.1133E+01
  0.4130E+01   0.1140E+01
  0.4135E+01   0.1148E+01
  0.4140E+01   0.1158E+01
  0.4145E+01   0.1167E+01
  0.4150E+01   0.1174E+01
  0.4155E+01   0.1178E+01
  0.4160E+01   0.1179E+01
  0.4165E+01   0.1177E+01
  0.4170E+01   0.1175E+01
  0.4175E+01   0.1172E+01
  0.4180E+01   0.1169E+01
  0.4185E+01   0.1164E+01
  0.4190E+01   0.1158E+01
  0.4195E+01   0.1149E+01
  0.4200E+01   0.1139E+01
  0.4205E+01   0.1127E+01
  0.4210E+01   0.1115E+01
  0.4215E+01   0.1104E+01
  0.4220E+01   0.1095E+01
  0.4225E+01   0.1087E+01
  0.4230E+01   0.1083E+01
  0.4235E+01   0.1080E+01
  0.4240E+01   0.1079E+01
  0.4245E+01   0.1079E+01
  0.4250E+01   0.1101E+01
  0.4255E+01   0.1104E+01
  0.4260E+01   0.1110E+01
  0.4265E+01   0.1118E+01
  0.4270E+01   0.1129E+01
  0.4275E+01   0.1139E+01
  0.4280E+01   0.1148E+01
  0.4285E+01   0.1153E+01
  0.4290E+01   0.1155E+01
  0.4295E+01   0.1154E+01
  0.4300E+01   0.1149E+01
  0.4305E+01   0.1142E+01
  0.4310E+01   0.1131E+01
  0.4315E+01   0.1116E+01
  0.4320E+01   0.1100E+01
  0.4325E+01   0.1084E+01
  0.4330E+01   0.1073E+01
  0.4335E+01   0.1070E+01
  0.4340E+01   0.1075E+01
  0.4345E+01   0.1088E+01
  0.4350E+01   0.1106E+01
  0.4355E+01   0.1126E+01
  0.4360E+01   0.1145E+01
  0.4365E+01   0.1161E+01
  0.4370E+01   0.1172E+01
  0.4375E+01   0.1178E+01
  0.4380E+01   0.1178E+01
  0.4385E+01   0.1173E+01
  0.4390E+01   0.1165E+01
  0.4395E+01   0.1155E+01
  0.4400E+01   0.1145E+01
  0.4405E+01   0.1136E+01
  0.4410E+01   0.1131E+01
  0.4415E+01   0.1128E+01
  0.4420E+01   0.1129E+01
  0.4425E+01   0.1131E+01
  0.4430E+01   0.1135E+01
  0.4435E+01   0.1140E+01
  0.4440E+01   0.1143E+01
  0.4445E+01   0.1146E+01
  0.4450E+01   0.1149E+01
  0.4455E+01   0.1151E+01
  0.4460E+01   0.1153E+01
  0.4465E+01   0.1157E+01
  0.4470E+01   0.1161E+01
  0.4475E+01   0.1166E+01
  0.4480E+01   0.1169E+01
  0.4485E+01   0.1170E+01
  0.4490E+01   0.1169E+01
  0.4495E+01   0.1165E+01
  0.4500E+01   0.1096E+01
  0.4505E+01   0.1092E+01
  0.4510E+01   0.1089E+01
  0.4515E+01   0.1088E+01
  0.4520E+01   0.1087E+01
  0.4525E+01   0.1086E+01
  0.4530E+01   0.1086E+01
  0.4535E+01   0.1087E+01
  0.4540E+01   0.1089E+01
  0.4545E+01   0.1092E+01
  0.4550E+01   0.1095E+01
  0.4555E+01   0.1098E+01
  0.4560E+01   0.1101E+01
  0.4565E+01   0.1102E+01
  0.4570E+01   0.1103E+01
  0.4575E+01   0.1102E+01
  0.4580E+01   0.1101E+01
  0.4585E+01   0.1100E+01
  0.4590E+01   0.1099E+01
  0.4595E+01   0.1099E+01
  0.4600E+01   0.1099E+01
  0.4605E+01   0.1100E+01
  0.4610E+01   0.1101E+01
  0.4615E+01   0.1102E+01
  0.4620E+01   0.1103E+01
  0.4625E+01   0.1106E+01
  0.4630E+01   0.1108E+01
  0.4635E+01   0.1111E+01
  0.4640E+01   0.1115E+01
  0.4645E+01   0.1120E+01
  0.4650E+01   0.1126E+01
  0.4655E+01   0.1133E+01
  0.4660E+01   0.1142E+01
  0.4665E+01   0.1152E+01
  0.4670E+01   0.1163E+01
  0.4675E+01   0.1173E+01
  0.4680E+01   0.1182E+01
  0.4685E+01   0.1189E+01
  0.4690E+01   0.1193E+01
  0.4695E+01   0.1193E+01
  0.4700E+01   0.1189E+01
  0.4705E+01   0.1181E+01
  0.4710E+01   0.1170E+01
  0.4715E+01   0.1155E+01
  0.4720E+01   0.1139E+01
  0.4725E+01   0.1123E+01
  0.4730E+01   0.1110E+01
  0.4735E+01   0.1100E+01
  0.4740E+01   0.1092E+01
  0.4745E+01   0.1086E+01
  0.4750E+01   0.1094E+01
  0.4755E+01   0.1086E+01
  0.4760E+01   0.1079E+01
  0.4765E+01   0.1073E+01
  0.4770E+01   0.1070E+01
  0.4775E+01   0.1071E+01
  0.4780E+01   0.1075E+01
  0.4785E+01   0.1083E+01
  0.4790E+01   0.1092E+01
  0.4795E+01   0.1103E+01
  0.4800E+01   0.1113E+01
  0.4805E+01   0.1123E+01
  0.4810E+01   0.1132E+01
  0.4815E+01   0.1137E+01
  0.4820E+01   0.1140E+01
  0.4825E+01   0.1138E+01
  0.4830E+01   0.1134E+01
  0.4835E+01   0.1126E+01
  0.4840E+01   0.1115E+01
  0.4845E+01   0.1104E+01
  0.4850E+01   0.1091E+01
  0.4855E+01   0.1078E+01
  0.4860E+01   0.1066E+01
  0.4865E+01   0.1056E+01
  0.4870E+01   0.1049E+01
  0.4875E+01   0.1047E+01
  0.4880E+01   0.1051E+01
  0.4885E+01   0.1059E+01
  0.4890E+01   0.1069E+01
  0.4895E+01   0.1079E+01
  0.4900E+01   0.1088E+01
  0.4905E+01   0.1095E+01
  0.4910E+01   0.1101E+01
  0.4915E+01   0.1107E+01
  0.4920E+01   0.1112E+01
  0.4925E+01   0.1117E+01
  0.4930E+01   0.1120E+01
  0.4935E+01   0.1119E+01
  0.4940E+01   0.1116E+01
  0.4945E+01   0.1110E+01
  0.4950E+01   0.1102E+01
  0.4955E+01   0.1093E+01
  0.4960E+01   0.1083E+01
  0.4965E+01   0.1074E+01
  0.4970E+01   0.1065E+01
  0.4975E+01   0.1057E+01
  0.4980E+01   0.1050E+01
  0.4985E+01   0.1046E+01
  0.4990E+01   0.1045E+01
  0.4995E+01   0.1047E+01
  0.5000E+01   0.1104E+01
