     MD_step        Uadim
           0   0.0000E+00
           1  -0.1516E+04
           2  -0.1516E+04
           3  -0.1515E+04
           4  -0.1514E+04
           5  -0.1513E+04
           6  -0.1512E+04
           7  -0.1511E+04
           8  -0.1509E+04
           9  -0.1506E+04
          10  -0.1504E+04
          11  -0.1501E+04
          12  -0.1497E+04
          13  -0.1493E+04
          14  -0.1488E+04
          15  -0.1483E+04
          16  -0.1478E+04
          17  -0.1471E+04
          18  -0.1465E+04
          19  -0.1458E+04
          20  -0.1451E+04
          21  -0.1444E+04
          22  -0.1437E+04
          23  -0.1431E+04
          24  -0.1424E+04
          25  -0.1418E+04
          26  -0.1412E+04
          27  -0.1407E+04
          28  -0.1401E+04
          29  -0.1397E+04
          30  -0.1392E+04
          31  -0.1388E+04
          32  -0.1384E+04
          33  -0.1380E+04
          34  -0.1376E+04
          35  -0.1373E+04
          36  -0.1370E+04
          37  -0.1367E+04
          38  -0.1364E+04
          39  -0.1361E+04
          40  -0.1359E+04
          41  -0.1357E+04
          42  -0.1354E+04
          43  -0.1352E+04
          44  -0.1350E+04
          45  -0.1348E+04
          46  -0.1346E+04
          47  -0.1344E+04
          48  -0.1342E+04
          49  -0.1341E+04
          50  -0.1339E+04
          51  -0.1338E+04
          52  -0.1336E+04
          53  -0.1335E+04
          54  -0.1333E+04
          55  -0.1332E+04
          56  -0.1331E+04
          57  -0.1330E+04
          58  -0.1329E+04
          59  -0.1328E+04
          60  -0.1326E+04
          61  -0.1325E+04
          62  -0.1324E+04
          63  -0.1323E+04
          64  -0.1322E+04
          65  -0.1320E+04
          66  -0.1319E+04
          67  -0.1318E+04
          68  -0.1317E+04
          69  -0.1316E+04
          70  -0.1315E+04
          71  -0.1315E+04
          72  -0.1314E+04
          73  -0.1313E+04
          74  -0.1313E+04
          75  -0.1312E+04
          76  -0.1311E+04
          77  -0.1311E+04
          78  -0.1310E+04
          79  -0.1310E+04
          80  -0.1309E+04
          81  -0.1309E+04
          82  -0.1308E+04
          83  -0.1308E+04
          84  -0.1307E+04
          85  -0.1307E+04
          86  -0.1307E+04
          87  -0.1306E+04
          88  -0.1306E+04
          89  -0.1306E+04
          90  -0.1305E+04
          91  -0.1305E+04
          92  -0.1305E+04
          93  -0.1305E+04
          94  -0.1305E+04
          95  -0.1304E+04
          96  -0.1304E+04
          97  -0.1304E+04
          98  -0.1304E+04
          99  -0.1304E+04
         100  -0.1303E+04
         101  -0.1303E+04
         102  -0.1303E+04
         103  -0.1303E+04
         104  -0.1303E+04
         105  -0.1302E+04
         106  -0.1302E+04
         107  -0.1302E+04
         108  -0.1301E+04
         109  -0.1301E+04
         110  -0.1301E+04
         111  -0.1301E+04
         112  -0.1300E+04
         113  -0.1300E+04
         114  -0.1300E+04
         115  -0.1300E+04
         116  -0.1300E+04
         117  -0.1300E+04
         118  -0.1299E+04
         119  -0.1299E+04
         120  -0.1299E+04
         121  -0.1299E+04
         122  -0.1299E+04
         123  -0.1298E+04
         124  -0.1298E+04
         125  -0.1298E+04
         126  -0.1298E+04
         127  -0.1297E+04
         128  -0.1297E+04
         129  -0.1297E+04
         130  -0.1297E+04
         131  -0.1296E+04
         132  -0.1296E+04
         133  -0.1296E+04
         134  -0.1295E+04
         135  -0.1295E+04
         136  -0.1295E+04
         137  -0.1295E+04
         138  -0.1294E+04
         139  -0.1294E+04
         140  -0.1294E+04
         141  -0.1293E+04
         142  -0.1293E+04
         143  -0.1293E+04
         144  -0.1293E+04
         145  -0.1293E+04
         146  -0.1292E+04
         147  -0.1292E+04
         148  -0.1292E+04
         149  -0.1292E+04
         150  -0.1292E+04
         151  -0.1291E+04
         152  -0.1291E+04
         153  -0.1291E+04
         154  -0.1291E+04
         155  -0.1291E+04
         156  -0.1291E+04
         157  -0.1290E+04
         158  -0.1290E+04
         159  -0.1290E+04
         160  -0.1290E+04
         161  -0.1290E+04
         162  -0.1290E+04
         163  -0.1290E+04
         164  -0.1290E+04
         165  -0.1290E+04
         166  -0.1289E+04
         167  -0.1289E+04
         168  -0.1289E+04
         169  -0.1289E+04
         170  -0.1289E+04
         171  -0.1289E+04
         172  -0.1288E+04
         173  -0.1288E+04
         174  -0.1288E+04
         175  -0.1288E+04
         176  -0.1288E+04
         177  -0.1288E+04
         178  -0.1288E+04
         179  -0.1288E+04
         180  -0.1288E+04
         181  -0.1287E+04
         182  -0.1287E+04
         183  -0.1287E+04
         184  -0.1287E+04
         185  -0.1287E+04
         186  -0.1287E+04
         187  -0.1287E+04
         188  -0.1286E+04
         189  -0.1286E+04
         190  -0.1286E+04
         191  -0.1286E+04
         192  -0.1286E+04
         193  -0.1286E+04
         194  -0.1286E+04
         195  -0.1286E+04
         196  -0.1285E+04
         197  -0.1285E+04
         198  -0.1285E+04
         199  -0.1285E+04
         200  -0.1285E+04
         201  -0.1285E+04
         202  -0.1285E+04
         203  -0.1285E+04
         204  -0.1285E+04
         205  -0.1285E+04
         206  -0.1285E+04
         207  -0.1284E+04
         208  -0.1284E+04
         209  -0.1284E+04
         210  -0.1284E+04
         211  -0.1284E+04
         212  -0.1284E+04
         213  -0.1284E+04
         214  -0.1285E+04
         215  -0.1285E+04
         216  -0.1285E+04
         217  -0.1285E+04
         218  -0.1285E+04
         219  -0.1284E+04
         220  -0.1284E+04
         221  -0.1284E+04
         222  -0.1284E+04
         223  -0.1284E+04
         224  -0.1284E+04
         225  -0.1284E+04
         226  -0.1284E+04
         227  -0.1284E+04
         228  -0.1284E+04
         229  -0.1284E+04
         230  -0.1284E+04
         231  -0.1283E+04
         232  -0.1283E+04
         233  -0.1283E+04
         234  -0.1283E+04
         235  -0.1283E+04
         236  -0.1283E+04
         237  -0.1283E+04
         238  -0.1283E+04
         239  -0.1283E+04
         240  -0.1283E+04
         241  -0.1283E+04
         242  -0.1283E+04
         243  -0.1283E+04
         244  -0.1283E+04
         245  -0.1283E+04
         246  -0.1283E+04
         247  -0.1283E+04
         248  -0.1283E+04
         249  -0.1283E+04
         250  -0.1283E+04
         251  -0.1283E+04
         252  -0.1283E+04
         253  -0.1283E+04
         254  -0.1283E+04
         255  -0.1283E+04
         256  -0.1283E+04
         257  -0.1283E+04
         258  -0.1283E+04
         259  -0.1283E+04
         260  -0.1282E+04
         261  -0.1282E+04
         262  -0.1282E+04
         263  -0.1282E+04
         264  -0.1282E+04
         265  -0.1282E+04
         266  -0.1282E+04
         267  -0.1282E+04
         268  -0.1282E+04
         269  -0.1281E+04
         270  -0.1281E+04
         271  -0.1281E+04
         272  -0.1281E+04
         273  -0.1281E+04
         274  -0.1281E+04
         275  -0.1281E+04
         276  -0.1281E+04
         277  -0.1281E+04
         278  -0.1281E+04
         279  -0.1281E+04
         280  -0.1281E+04
         281  -0.1280E+04
         282  -0.1280E+04
         283  -0.1280E+04
         284  -0.1280E+04
         285  -0.1280E+04
         286  -0.1280E+04
         287  -0.1280E+04
         288  -0.1280E+04
         289  -0.1280E+04
         290  -0.1280E+04
         291  -0.1280E+04
         292  -0.1280E+04
         293  -0.1279E+04
         294  -0.1279E+04
         295  -0.1279E+04
         296  -0.1279E+04
         297  -0.1279E+04
         298  -0.1279E+04
         299  -0.1279E+04
         300  -0.1279E+04
         301  -0.1279E+04
         302  -0.1279E+04
         303  -0.1279E+04
         304  -0.1279E+04
         305  -0.1279E+04
         306  -0.1279E+04
         307  -0.1279E+04
         308  -0.1279E+04
         309  -0.1279E+04
         310  -0.1279E+04
         311  -0.1279E+04
         312  -0.1279E+04
         313  -0.1279E+04
         314  -0.1279E+04
         315  -0.1279E+04
         316  -0.1279E+04
         317  -0.1278E+04
         318  -0.1278E+04
         319  -0.1278E+04
         320  -0.1278E+04
         321  -0.1278E+04
         322  -0.1278E+04
         323  -0.1278E+04
         324  -0.1278E+04
         325  -0.1278E+04
         326  -0.1278E+04
         327  -0.1278E+04
         328  -0.1278E+04
         329  -0.1278E+04
         330  -0.1278E+04
         331  -0.1278E+04
         332  -0.1277E+04
         333  -0.1277E+04
         334  -0.1277E+04
         335  -0.1277E+04
         336  -0.1277E+04
         337  -0.1277E+04
         338  -0.1277E+04
         339  -0.1277E+04
         340  -0.1277E+04
         341  -0.1277E+04
         342  -0.1277E+04
         343  -0.1277E+04
         344  -0.1277E+04
         345  -0.1277E+04
         346  -0.1277E+04
         347  -0.1277E+04
         348  -0.1277E+04
         349  -0.1276E+04
         350  -0.1276E+04
         351  -0.1276E+04
         352  -0.1276E+04
         353  -0.1276E+04
         354  -0.1276E+04
         355  -0.1276E+04
         356  -0.1276E+04
         357  -0.1276E+04
         358  -0.1276E+04
         359  -0.1276E+04
         360  -0.1276E+04
         361  -0.1276E+04
         362  -0.1276E+04
         363  -0.1276E+04
         364  -0.1276E+04
         365  -0.1276E+04
         366  -0.1276E+04
         367  -0.1276E+04
         368  -0.1276E+04
         369  -0.1276E+04
         370  -0.1276E+04
         371  -0.1276E+04
         372  -0.1276E+04
         373  -0.1276E+04
         374  -0.1276E+04
         375  -0.1276E+04
         376  -0.1275E+04
         377  -0.1275E+04
         378  -0.1275E+04
         379  -0.1275E+04
         380  -0.1275E+04
         381  -0.1275E+04
         382  -0.1275E+04
         383  -0.1275E+04
         384  -0.1275E+04
         385  -0.1275E+04
         386  -0.1275E+04
         387  -0.1275E+04
         388  -0.1275E+04
         389  -0.1275E+04
         390  -0.1275E+04
         391  -0.1275E+04
         392  -0.1275E+04
         393  -0.1275E+04
         394  -0.1275E+04
         395  -0.1275E+04
         396  -0.1275E+04
         397  -0.1275E+04
         398  -0.1275E+04
         399  -0.1275E+04
         400  -0.1275E+04
         401  -0.1275E+04
         402  -0.1275E+04
         403  -0.1275E+04
         404  -0.1275E+04
         405  -0.1275E+04
         406  -0.1275E+04
         407  -0.1275E+04
         408  -0.1275E+04
         409  -0.1275E+04
         410  -0.1275E+04
         411  -0.1275E+04
         412  -0.1275E+04
         413  -0.1275E+04
         414  -0.1275E+04
         415  -0.1275E+04
         416  -0.1275E+04
         417  -0.1275E+04
         418  -0.1275E+04
         419  -0.1275E+04
         420  -0.1275E+04
         421  -0.1275E+04
         422  -0.1275E+04
         423  -0.1275E+04
         424  -0.1275E+04
         425  -0.1275E+04
         426  -0.1275E+04
         427  -0.1275E+04
         428  -0.1275E+04
         429  -0.1275E+04
         430  -0.1274E+04
         431  -0.1274E+04
         432  -0.1274E+04
         433  -0.1274E+04
         434  -0.1274E+04
         435  -0.1274E+04
         436  -0.1274E+04
         437  -0.1274E+04
         438  -0.1274E+04
         439  -0.1274E+04
         440  -0.1274E+04
         441  -0.1274E+04
         442  -0.1274E+04
         443  -0.1274E+04
         444  -0.1274E+04
         445  -0.1274E+04
         446  -0.1274E+04
         447  -0.1274E+04
         448  -0.1274E+04
         449  -0.1274E+04
         450  -0.1274E+04
         451  -0.1274E+04
         452  -0.1274E+04
         453  -0.1274E+04
         454  -0.1274E+04
         455  -0.1274E+04
         456  -0.1274E+04
         457  -0.1274E+04
         458  -0.1274E+04
         459  -0.1274E+04
         460  -0.1274E+04
         461  -0.1274E+04
         462  -0.1274E+04
         463  -0.1274E+04
         464  -0.1274E+04
         465  -0.1274E+04
         466  -0.1274E+04
         467  -0.1274E+04
         468  -0.1274E+04
         469  -0.1274E+04
         470  -0.1274E+04
         471  -0.1273E+04
         472  -0.1273E+04
         473  -0.1273E+04
         474  -0.1273E+04
         475  -0.1273E+04
         476  -0.1273E+04
         477  -0.1273E+04
         478  -0.1273E+04
         479  -0.1273E+04
         480  -0.1273E+04
         481  -0.1273E+04
         482  -0.1273E+04
         483  -0.1273E+04
         484  -0.1273E+04
         485  -0.1273E+04
         486  -0.1273E+04
         487  -0.1273E+04
         488  -0.1273E+04
         489  -0.1273E+04
         490  -0.1273E+04
         491  -0.1273E+04
         492  -0.1273E+04
         493  -0.1273E+04
         494  -0.1272E+04
         495  -0.1272E+04
         496  -0.1272E+04
         497  -0.1272E+04
         498  -0.1272E+04
         499  -0.1272E+04
         500  -0.1272E+04
         501  -0.1272E+04
         502  -0.1272E+04
         503  -0.1272E+04
         504  -0.1272E+04
         505  -0.1272E+04
         506  -0.1272E+04
         507  -0.1272E+04
         508  -0.1272E+04
         509  -0.1272E+04
         510  -0.1272E+04
         511  -0.1272E+04
         512  -0.1272E+04
         513  -0.1272E+04
         514  -0.1272E+04
         515  -0.1272E+04
         516  -0.1272E+04
         517  -0.1272E+04
         518  -0.1272E+04
         519  -0.1272E+04
         520  -0.1272E+04
         521  -0.1272E+04
         522  -0.1272E+04
         523  -0.1272E+04
         524  -0.1272E+04
         525  -0.1272E+04
         526  -0.1272E+04
         527  -0.1272E+04
         528  -0.1272E+04
         529  -0.1272E+04
         530  -0.1272E+04
         531  -0.1272E+04
         532  -0.1272E+04
         533  -0.1272E+04
         534  -0.1272E+04
         535  -0.1272E+04
         536  -0.1272E+04
         537  -0.1272E+04
         538  -0.1272E+04
         539  -0.1272E+04
         540  -0.1272E+04
         541  -0.1272E+04
         542  -0.1272E+04
         543  -0.1272E+04
         544  -0.1272E+04
         545  -0.1272E+04
         546  -0.1272E+04
         547  -0.1272E+04
         548  -0.1272E+04
         549  -0.1271E+04
         550  -0.1271E+04
         551  -0.1271E+04
         552  -0.1271E+04
         553  -0.1271E+04
         554  -0.1271E+04
         555  -0.1272E+04
         556  -0.1272E+04
         557  -0.1272E+04
         558  -0.1272E+04
         559  -0.1272E+04
         560  -0.1272E+04
         561  -0.1272E+04
         562  -0.1272E+04
         563  -0.1272E+04
         564  -0.1272E+04
         565  -0.1271E+04
         566  -0.1271E+04
         567  -0.1271E+04
         568  -0.1271E+04
         569  -0.1271E+04
         570  -0.1271E+04
         571  -0.1271E+04
         572  -0.1271E+04
         573  -0.1271E+04
         574  -0.1271E+04
         575  -0.1271E+04
         576  -0.1271E+04
         577  -0.1271E+04
         578  -0.1271E+04
         579  -0.1271E+04
         580  -0.1271E+04
         581  -0.1271E+04
         582  -0.1271E+04
         583  -0.1271E+04
         584  -0.1271E+04
         585  -0.1271E+04
         586  -0.1271E+04
         587  -0.1271E+04
         588  -0.1271E+04
         589  -0.1271E+04
         590  -0.1271E+04
         591  -0.1271E+04
         592  -0.1271E+04
         593  -0.1271E+04
         594  -0.1271E+04
         595  -0.1271E+04
         596  -0.1271E+04
         597  -0.1271E+04
         598  -0.1271E+04
         599  -0.1271E+04
         600  -0.1271E+04
         601  -0.1270E+04
         602  -0.1270E+04
         603  -0.1270E+04
         604  -0.1270E+04
         605  -0.1270E+04
         606  -0.1270E+04
         607  -0.1270E+04
         608  -0.1270E+04
         609  -0.1270E+04
         610  -0.1270E+04
         611  -0.1270E+04
         612  -0.1270E+04
         613  -0.1270E+04
         614  -0.1270E+04
         615  -0.1270E+04
         616  -0.1270E+04
         617  -0.1270E+04
         618  -0.1270E+04
         619  -0.1270E+04
         620  -0.1270E+04
         621  -0.1270E+04
         622  -0.1270E+04
         623  -0.1270E+04
         624  -0.1270E+04
         625  -0.1270E+04
         626  -0.1270E+04
         627  -0.1270E+04
         628  -0.1270E+04
         629  -0.1270E+04
         630  -0.1270E+04
         631  -0.1270E+04
         632  -0.1270E+04
         633  -0.1270E+04
         634  -0.1270E+04
         635  -0.1270E+04
         636  -0.1270E+04
         637  -0.1270E+04
         638  -0.1270E+04
         639  -0.1270E+04
         640  -0.1270E+04
         641  -0.1270E+04
         642  -0.1270E+04
         643  -0.1270E+04
         644  -0.1270E+04
         645  -0.1270E+04
         646  -0.1270E+04
         647  -0.1270E+04
         648  -0.1270E+04
         649  -0.1269E+04
         650  -0.1269E+04
         651  -0.1269E+04
         652  -0.1269E+04
         653  -0.1269E+04
         654  -0.1269E+04
         655  -0.1269E+04
         656  -0.1269E+04
         657  -0.1269E+04
         658  -0.1269E+04
         659  -0.1269E+04
         660  -0.1269E+04
         661  -0.1269E+04
         662  -0.1269E+04
         663  -0.1269E+04
         664  -0.1269E+04
         665  -0.1269E+04
         666  -0.1269E+04
         667  -0.1269E+04
         668  -0.1269E+04
         669  -0.1268E+04
         670  -0.1268E+04
         671  -0.1268E+04
         672  -0.1268E+04
         673  -0.1268E+04
         674  -0.1268E+04
         675  -0.1268E+04
         676  -0.1268E+04
         677  -0.1268E+04
         678  -0.1268E+04
         679  -0.1268E+04
         680  -0.1268E+04
         681  -0.1268E+04
         682  -0.1268E+04
         683  -0.1268E+04
         684  -0.1268E+04
         685  -0.1268E+04
         686  -0.1268E+04
         687  -0.1268E+04
         688  -0.1268E+04
         689  -0.1267E+04
         690  -0.1267E+04
         691  -0.1267E+04
         692  -0.1267E+04
         693  -0.1267E+04
         694  -0.1267E+04
         695  -0.1267E+04
         696  -0.1267E+04
         697  -0.1267E+04
         698  -0.1267E+04
         699  -0.1267E+04
         700  -0.1267E+04
         701  -0.1267E+04
         702  -0.1267E+04
         703  -0.1267E+04
         704  -0.1267E+04
         705  -0.1267E+04
         706  -0.1267E+04
         707  -0.1267E+04
         708  -0.1267E+04
         709  -0.1267E+04
         710  -0.1267E+04
         711  -0.1267E+04
         712  -0.1267E+04
         713  -0.1267E+04
         714  -0.1267E+04
         715  -0.1267E+04
         716  -0.1267E+04
         717  -0.1267E+04
         718  -0.1267E+04
         719  -0.1267E+04
         720  -0.1267E+04
         721  -0.1267E+04
         722  -0.1267E+04
         723  -0.1267E+04
         724  -0.1267E+04
         725  -0.1267E+04
         726  -0.1267E+04
         727  -0.1267E+04
         728  -0.1267E+04
         729  -0.1267E+04
         730  -0.1267E+04
         731  -0.1267E+04
         732  -0.1267E+04
         733  -0.1266E+04
         734  -0.1266E+04
         735  -0.1266E+04
         736  -0.1266E+04
         737  -0.1266E+04
         738  -0.1266E+04
         739  -0.1266E+04
         740  -0.1266E+04
         741  -0.1266E+04
         742  -0.1266E+04
         743  -0.1266E+04
         744  -0.1266E+04
         745  -0.1266E+04
         746  -0.1266E+04
         747  -0.1266E+04
         748  -0.1266E+04
         749  -0.1266E+04
         750  -0.1266E+04
         751  -0.1265E+04
         752  -0.1265E+04
         753  -0.1265E+04
         754  -0.1265E+04
         755  -0.1265E+04
         756  -0.1265E+04
         757  -0.1265E+04
         758  -0.1265E+04
         759  -0.1265E+04
         760  -0.1265E+04
         761  -0.1265E+04
         762  -0.1265E+04
         763  -0.1265E+04
         764  -0.1265E+04
         765  -0.1265E+04
         766  -0.1265E+04
         767  -0.1265E+04
         768  -0.1265E+04
         769  -0.1265E+04
         770  -0.1265E+04
         771  -0.1265E+04
         772  -0.1265E+04
         773  -0.1265E+04
         774  -0.1265E+04
         775  -0.1265E+04
         776  -0.1265E+04
         777  -0.1265E+04
         778  -0.1265E+04
         779  -0.1265E+04
         780  -0.1265E+04
         781  -0.1265E+04
         782  -0.1265E+04
         783  -0.1265E+04
         784  -0.1265E+04
         785  -0.1265E+04
         786  -0.1265E+04
         787  -0.1265E+04
         788  -0.1265E+04
         789  -0.1265E+04
         790  -0.1265E+04
         791  -0.1265E+04
         792  -0.1265E+04
         793  -0.1265E+04
         794  -0.1265E+04
         795  -0.1265E+04
         796  -0.1265E+04
         797  -0.1265E+04
         798  -0.1265E+04
         799  -0.1265E+04
         800  -0.1265E+04
         801  -0.1265E+04
         802  -0.1265E+04
         803  -0.1265E+04
         804  -0.1265E+04
         805  -0.1265E+04
         806  -0.1265E+04
         807  -0.1265E+04
         808  -0.1265E+04
         809  -0.1264E+04
         810  -0.1264E+04
         811  -0.1264E+04
         812  -0.1264E+04
         813  -0.1264E+04
         814  -0.1264E+04
         815  -0.1264E+04
         816  -0.1264E+04
         817  -0.1264E+04
         818  -0.1264E+04
         819  -0.1264E+04
         820  -0.1264E+04
         821  -0.1264E+04
         822  -0.1264E+04
         823  -0.1264E+04
         824  -0.1264E+04
         825  -0.1264E+04
         826  -0.1264E+04
         827  -0.1264E+04
         828  -0.1264E+04
         829  -0.1264E+04
         830  -0.1264E+04
         831  -0.1264E+04
         832  -0.1264E+04
         833  -0.1264E+04
         834  -0.1264E+04
         835  -0.1264E+04
         836  -0.1264E+04
         837  -0.1264E+04
         838  -0.1264E+04
         839  -0.1264E+04
         840  -0.1264E+04
         841  -0.1264E+04
         842  -0.1264E+04
         843  -0.1264E+04
         844  -0.1264E+04
         845  -0.1264E+04
         846  -0.1264E+04
         847  -0.1264E+04
         848  -0.1264E+04
         849  -0.1264E+04
         850  -0.1264E+04
         851  -0.1264E+04
         852  -0.1264E+04
         853  -0.1264E+04
         854  -0.1265E+04
         855  -0.1265E+04
         856  -0.1265E+04
         857  -0.1265E+04
         858  -0.1265E+04
         859  -0.1265E+04
         860  -0.1265E+04
         861  -0.1265E+04
         862  -0.1265E+04
         863  -0.1265E+04
         864  -0.1265E+04
         865  -0.1264E+04
         866  -0.1264E+04
         867  -0.1264E+04
         868  -0.1264E+04
         869  -0.1264E+04
         870  -0.1264E+04
         871  -0.1264E+04
         872  -0.1264E+04
         873  -0.1264E+04
         874  -0.1264E+04
         875  -0.1264E+04
         876  -0.1264E+04
         877  -0.1264E+04
         878  -0.1264E+04
         879  -0.1264E+04
         880  -0.1264E+04
         881  -0.1264E+04
         882  -0.1264E+04
         883  -0.1264E+04
         884  -0.1264E+04
         885  -0.1264E+04
         886  -0.1264E+04
         887  -0.1264E+04
         888  -0.1264E+04
         889  -0.1264E+04
         890  -0.1264E+04
         891  -0.1264E+04
         892  -0.1264E+04
         893  -0.1264E+04
         894  -0.1264E+04
         895  -0.1264E+04
         896  -0.1264E+04
         897  -0.1265E+04
         898  -0.1265E+04
         899  -0.1265E+04
         900  -0.1265E+04
         901  -0.1265E+04
         902  -0.1265E+04
         903  -0.1265E+04
         904  -0.1265E+04
         905  -0.1265E+04
         906  -0.1265E+04
         907  -0.1265E+04
         908  -0.1265E+04
         909  -0.1265E+04
         910  -0.1265E+04
         911  -0.1264E+04
         912  -0.1264E+04
         913  -0.1264E+04
         914  -0.1264E+04
         915  -0.1264E+04
         916  -0.1264E+04
         917  -0.1264E+04
         918  -0.1264E+04
         919  -0.1264E+04
         920  -0.1264E+04
         921  -0.1264E+04
         922  -0.1264E+04
         923  -0.1264E+04
         924  -0.1264E+04
         925  -0.1264E+04
         926  -0.1264E+04
         927  -0.1264E+04
         928  -0.1264E+04
         929  -0.1264E+04
         930  -0.1264E+04
         931  -0.1264E+04
         932  -0.1264E+04
         933  -0.1264E+04
         934  -0.1264E+04
         935  -0.1264E+04
         936  -0.1264E+04
         937  -0.1264E+04
         938  -0.1264E+04
         939  -0.1264E+04
         940  -0.1264E+04
         941  -0.1264E+04
         942  -0.1264E+04
         943  -0.1264E+04
         944  -0.1264E+04
         945  -0.1264E+04
         946  -0.1264E+04
         947  -0.1264E+04
         948  -0.1264E+04
         949  -0.1264E+04
         950  -0.1264E+04
         951  -0.1264E+04
         952  -0.1264E+04
         953  -0.1264E+04
         954  -0.1264E+04
         955  -0.1264E+04
         956  -0.1264E+04
         957  -0.1264E+04
         958  -0.1264E+04
         959  -0.1264E+04
         960  -0.1264E+04
         961  -0.1264E+04
         962  -0.1264E+04
         963  -0.1264E+04
         964  -0.1264E+04
         965  -0.1264E+04
         966  -0.1264E+04
         967  -0.1264E+04
         968  -0.1264E+04
         969  -0.1264E+04
         970  -0.1264E+04
         971  -0.1264E+04
         972  -0.1264E+04
         973  -0.1264E+04
         974  -0.1264E+04
         975  -0.1264E+04
         976  -0.1264E+04
         977  -0.1264E+04
         978  -0.1264E+04
         979  -0.1264E+04
         980  -0.1264E+04
         981  -0.1264E+04
         982  -0.1264E+04
         983  -0.1264E+04
         984  -0.1264E+04
         985  -0.1264E+04
         986  -0.1264E+04
         987  -0.1264E+04
         988  -0.1264E+04
         989  -0.1264E+04
         990  -0.1264E+04
         991  -0.1264E+04
         992  -0.1264E+04
         993  -0.1264E+04
         994  -0.1264E+04
         995  -0.1264E+04
         996  -0.1264E+04
         997  -0.1264E+04
         998  -0.1264E+04
         999  -0.1264E+04
        1000  -0.1264E+04
        1001  -0.1264E+04
        1002  -0.1264E+04
        1003  -0.1264E+04
        1004  -0.1264E+04
        1005  -0.1264E+04
        1006  -0.1264E+04
        1007  -0.1264E+04
        1008  -0.1264E+04
        1009  -0.1264E+04
        1010  -0.1264E+04
        1011  -0.1264E+04
        1012  -0.1264E+04
        1013  -0.1264E+04
        1014  -0.1264E+04
        1015  -0.1264E+04
        1016  -0.1264E+04
        1017  -0.1264E+04
        1018  -0.1264E+04
        1019  -0.1264E+04
        1020  -0.1264E+04
        1021  -0.1264E+04
        1022  -0.1264E+04
        1023  -0.1264E+04
        1024  -0.1264E+04
        1025  -0.1264E+04
        1026  -0.1264E+04
        1027  -0.1264E+04
        1028  -0.1264E+04
        1029  -0.1264E+04
        1030  -0.1264E+04
        1031  -0.1264E+04
        1032  -0.1264E+04
        1033  -0.1264E+04
        1034  -0.1264E+04
        1035  -0.1264E+04
        1036  -0.1264E+04
        1037  -0.1264E+04
        1038  -0.1264E+04
        1039  -0.1264E+04
        1040  -0.1264E+04
        1041  -0.1264E+04
        1042  -0.1264E+04
        1043  -0.1264E+04
        1044  -0.1264E+04
        1045  -0.1264E+04
        1046  -0.1264E+04
        1047  -0.1264E+04
        1048  -0.1264E+04
        1049  -0.1264E+04
        1050  -0.1264E+04
        1051  -0.1264E+04
        1052  -0.1264E+04
        1053  -0.1264E+04
        1054  -0.1264E+04
        1055  -0.1264E+04
        1056  -0.1264E+04
        1057  -0.1264E+04
        1058  -0.1264E+04
        1059  -0.1264E+04
        1060  -0.1264E+04
        1061  -0.1264E+04
        1062  -0.1264E+04
        1063  -0.1264E+04
        1064  -0.1264E+04
        1065  -0.1264E+04
        1066  -0.1264E+04
        1067  -0.1264E+04
        1068  -0.1264E+04
        1069  -0.1264E+04
        1070  -0.1264E+04
        1071  -0.1264E+04
        1072  -0.1264E+04
        1073  -0.1264E+04
        1074  -0.1264E+04
        1075  -0.1264E+04
        1076  -0.1264E+04
        1077  -0.1264E+04
        1078  -0.1264E+04
        1079  -0.1264E+04
        1080  -0.1264E+04
        1081  -0.1264E+04
        1082  -0.1264E+04
        1083  -0.1264E+04
        1084  -0.1264E+04
        1085  -0.1264E+04
        1086  -0.1264E+04
        1087  -0.1264E+04
        1088  -0.1264E+04
        1089  -0.1264E+04
        1090  -0.1264E+04
        1091  -0.1264E+04
        1092  -0.1264E+04
        1093  -0.1264E+04
        1094  -0.1264E+04
        1095  -0.1264E+04
        1096  -0.1264E+04
        1097  -0.1264E+04
        1098  -0.1264E+04
        1099  -0.1264E+04
        1100  -0.1264E+04
        1101  -0.1264E+04
        1102  -0.1264E+04
        1103  -0.1264E+04
        1104  -0.1264E+04
        1105  -0.1264E+04
        1106  -0.1264E+04
        1107  -0.1264E+04
        1108  -0.1264E+04
        1109  -0.1264E+04
        1110  -0.1264E+04
        1111  -0.1264E+04
        1112  -0.1264E+04
        1113  -0.1264E+04
        1114  -0.1264E+04
        1115  -0.1264E+04
        1116  -0.1264E+04
        1117  -0.1264E+04
        1118  -0.1264E+04
        1119  -0.1264E+04
        1120  -0.1264E+04
        1121  -0.1264E+04
        1122  -0.1264E+04
        1123  -0.1264E+04
        1124  -0.1264E+04
        1125  -0.1264E+04
        1126  -0.1264E+04
        1127  -0.1264E+04
        1128  -0.1264E+04
        1129  -0.1264E+04
        1130  -0.1265E+04
        1131  -0.1265E+04
        1132  -0.1265E+04
        1133  -0.1265E+04
        1134  -0.1265E+04
        1135  -0.1265E+04
        1136  -0.1265E+04
        1137  -0.1265E+04
        1138  -0.1265E+04
        1139  -0.1265E+04
        1140  -0.1265E+04
        1141  -0.1265E+04
        1142  -0.1265E+04
        1143  -0.1265E+04
        1144  -0.1265E+04
        1145  -0.1265E+04
        1146  -0.1265E+04
        1147  -0.1265E+04
        1148  -0.1265E+04
        1149  -0.1265E+04
        1150  -0.1265E+04
        1151  -0.1265E+04
        1152  -0.1265E+04
        1153  -0.1265E+04
        1154  -0.1265E+04
        1155  -0.1265E+04
        1156  -0.1265E+04
        1157  -0.1265E+04
        1158  -0.1265E+04
        1159  -0.1265E+04
        1160  -0.1265E+04
        1161  -0.1265E+04
        1162  -0.1265E+04
        1163  -0.1265E+04
        1164  -0.1265E+04
        1165  -0.1265E+04
        1166  -0.1265E+04
        1167  -0.1265E+04
        1168  -0.1265E+04
        1169  -0.1265E+04
        1170  -0.1265E+04
        1171  -0.1265E+04
        1172  -0.1265E+04
        1173  -0.1265E+04
        1174  -0.1265E+04
        1175  -0.1265E+04
        1176  -0.1265E+04
        1177  -0.1265E+04
        1178  -0.1265E+04
        1179  -0.1265E+04
        1180  -0.1265E+04
        1181  -0.1265E+04
        1182  -0.1265E+04
        1183  -0.1265E+04
        1184  -0.1265E+04
        1185  -0.1265E+04
        1186  -0.1265E+04
        1187  -0.1265E+04
        1188  -0.1265E+04
        1189  -0.1265E+04
        1190  -0.1265E+04
        1191  -0.1265E+04
        1192  -0.1265E+04
        1193  -0.1265E+04
        1194  -0.1265E+04
        1195  -0.1265E+04
        1196  -0.1264E+04
        1197  -0.1264E+04
        1198  -0.1264E+04
        1199  -0.1264E+04
        1200  -0.1264E+04
        1201  -0.1265E+04
        1202  -0.1265E+04
        1203  -0.1265E+04
        1204  -0.1265E+04
        1205  -0.1265E+04
        1206  -0.1265E+04
        1207  -0.1265E+04
        1208  -0.1265E+04
        1209  -0.1265E+04
        1210  -0.1264E+04
        1211  -0.1264E+04
        1212  -0.1264E+04
        1213  -0.1264E+04
        1214  -0.1264E+04
        1215  -0.1264E+04
        1216  -0.1264E+04
        1217  -0.1264E+04
        1218  -0.1264E+04
        1219  -0.1264E+04
        1220  -0.1264E+04
        1221  -0.1264E+04
        1222  -0.1264E+04
        1223  -0.1264E+04
        1224  -0.1264E+04
        1225  -0.1264E+04
        1226  -0.1264E+04
        1227  -0.1264E+04
        1228  -0.1264E+04
        1229  -0.1264E+04
        1230  -0.1264E+04
        1231  -0.1264E+04
        1232  -0.1264E+04
        1233  -0.1264E+04
        1234  -0.1264E+04
        1235  -0.1264E+04
        1236  -0.1264E+04
        1237  -0.1264E+04
        1238  -0.1264E+04
        1239  -0.1264E+04
        1240  -0.1264E+04
        1241  -0.1264E+04
        1242  -0.1264E+04
        1243  -0.1264E+04
        1244  -0.1264E+04
        1245  -0.1264E+04
        1246  -0.1264E+04
        1247  -0.1264E+04
        1248  -0.1264E+04
        1249  -0.1264E+04
        1250  -0.1264E+04
        1251  -0.1264E+04
        1252  -0.1264E+04
        1253  -0.1264E+04
        1254  -0.1264E+04
        1255  -0.1264E+04
        1256  -0.1263E+04
        1257  -0.1263E+04
        1258  -0.1263E+04
        1259  -0.1263E+04
        1260  -0.1263E+04
        1261  -0.1263E+04
        1262  -0.1263E+04
        1263  -0.1263E+04
        1264  -0.1263E+04
        1265  -0.1263E+04
        1266  -0.1263E+04
        1267  -0.1263E+04
        1268  -0.1263E+04
        1269  -0.1263E+04
        1270  -0.1263E+04
        1271  -0.1263E+04
        1272  -0.1263E+04
        1273  -0.1263E+04
        1274  -0.1263E+04
        1275  -0.1263E+04
        1276  -0.1263E+04
        1277  -0.1263E+04
        1278  -0.1263E+04
        1279  -0.1263E+04
        1280  -0.1263E+04
        1281  -0.1263E+04
        1282  -0.1263E+04
        1283  -0.1263E+04
        1284  -0.1263E+04
        1285  -0.1263E+04
        1286  -0.1263E+04
        1287  -0.1263E+04
        1288  -0.1263E+04
        1289  -0.1263E+04
        1290  -0.1263E+04
        1291  -0.1263E+04
        1292  -0.1263E+04
        1293  -0.1263E+04
        1294  -0.1263E+04
        1295  -0.1263E+04
        1296  -0.1263E+04
        1297  -0.1263E+04
        1298  -0.1263E+04
        1299  -0.1263E+04
        1300  -0.1263E+04
        1301  -0.1263E+04
        1302  -0.1263E+04
        1303  -0.1263E+04
        1304  -0.1263E+04
        1305  -0.1263E+04
        1306  -0.1263E+04
        1307  -0.1263E+04
        1308  -0.1263E+04
        1309  -0.1263E+04
        1310  -0.1263E+04
        1311  -0.1263E+04
        1312  -0.1263E+04
        1313  -0.1263E+04
        1314  -0.1263E+04
        1315  -0.1263E+04
        1316  -0.1263E+04
        1317  -0.1263E+04
        1318  -0.1263E+04
        1319  -0.1263E+04
        1320  -0.1263E+04
        1321  -0.1263E+04
        1322  -0.1263E+04
        1323  -0.1263E+04
        1324  -0.1263E+04
        1325  -0.1263E+04
        1326  -0.1263E+04
        1327  -0.1263E+04
        1328  -0.1263E+04
        1329  -0.1263E+04
        1330  -0.1263E+04
        1331  -0.1263E+04
        1332  -0.1263E+04
        1333  -0.1263E+04
        1334  -0.1263E+04
        1335  -0.1263E+04
        1336  -0.1263E+04
        1337  -0.1263E+04
        1338  -0.1263E+04
        1339  -0.1263E+04
        1340  -0.1263E+04
        1341  -0.1263E+04
        1342  -0.1263E+04
        1343  -0.1263E+04
        1344  -0.1263E+04
        1345  -0.1263E+04
        1346  -0.1263E+04
        1347  -0.1263E+04
        1348  -0.1263E+04
        1349  -0.1263E+04
        1350  -0.1263E+04
        1351  -0.1263E+04
        1352  -0.1263E+04
        1353  -0.1263E+04
        1354  -0.1263E+04
        1355  -0.1263E+04
        1356  -0.1263E+04
        1357  -0.1263E+04
        1358  -0.1263E+04
        1359  -0.1263E+04
        1360  -0.1263E+04
        1361  -0.1263E+04
        1362  -0.1263E+04
        1363  -0.1263E+04
        1364  -0.1263E+04
        1365  -0.1263E+04
        1366  -0.1263E+04
        1367  -0.1263E+04
        1368  -0.1263E+04
        1369  -0.1263E+04
        1370  -0.1263E+04
        1371  -0.1263E+04
        1372  -0.1263E+04
        1373  -0.1263E+04
        1374  -0.1263E+04
        1375  -0.1263E+04
        1376  -0.1263E+04
        1377  -0.1263E+04
        1378  -0.1263E+04
        1379  -0.1263E+04
        1380  -0.1263E+04
        1381  -0.1263E+04
        1382  -0.1263E+04
        1383  -0.1263E+04
        1384  -0.1263E+04
        1385  -0.1263E+04
        1386  -0.1263E+04
        1387  -0.1263E+04
        1388  -0.1263E+04
        1389  -0.1263E+04
        1390  -0.1263E+04
        1391  -0.1263E+04
        1392  -0.1263E+04
        1393  -0.1263E+04
        1394  -0.1263E+04
        1395  -0.1263E+04
        1396  -0.1263E+04
        1397  -0.1263E+04
        1398  -0.1263E+04
        1399  -0.1263E+04
        1400  -0.1263E+04
        1401  -0.1263E+04
        1402  -0.1263E+04
        1403  -0.1263E+04
        1404  -0.1263E+04
        1405  -0.1263E+04
        1406  -0.1263E+04
        1407  -0.1263E+04
        1408  -0.1263E+04
        1409  -0.1263E+04
        1410  -0.1263E+04
        1411  -0.1263E+04
        1412  -0.1263E+04
        1413  -0.1263E+04
        1414  -0.1263E+04
        1415  -0.1263E+04
        1416  -0.1263E+04
        1417  -0.1263E+04
        1418  -0.1263E+04
        1419  -0.1263E+04
        1420  -0.1263E+04
        1421  -0.1263E+04
        1422  -0.1263E+04
        1423  -0.1263E+04
        1424  -0.1263E+04
        1425  -0.1263E+04
        1426  -0.1263E+04
        1427  -0.1263E+04
        1428  -0.1263E+04
        1429  -0.1263E+04
        1430  -0.1263E+04
        1431  -0.1263E+04
        1432  -0.1263E+04
        1433  -0.1263E+04
        1434  -0.1263E+04
        1435  -0.1263E+04
        1436  -0.1263E+04
        1437  -0.1263E+04
        1438  -0.1263E+04
        1439  -0.1263E+04
        1440  -0.1263E+04
        1441  -0.1263E+04
        1442  -0.1263E+04
        1443  -0.1263E+04
        1444  -0.1263E+04
        1445  -0.1263E+04
        1446  -0.1263E+04
        1447  -0.1263E+04
        1448  -0.1263E+04
        1449  -0.1263E+04
        1450  -0.1263E+04
        1451  -0.1263E+04
        1452  -0.1263E+04
        1453  -0.1263E+04
        1454  -0.1263E+04
        1455  -0.1263E+04
        1456  -0.1263E+04
        1457  -0.1263E+04
        1458  -0.1263E+04
        1459  -0.1263E+04
        1460  -0.1263E+04
        1461  -0.1263E+04
        1462  -0.1263E+04
        1463  -0.1263E+04
        1464  -0.1263E+04
        1465  -0.1263E+04
        1466  -0.1263E+04
        1467  -0.1263E+04
        1468  -0.1263E+04
        1469  -0.1263E+04
        1470  -0.1263E+04
        1471  -0.1263E+04
        1472  -0.1263E+04
        1473  -0.1263E+04
        1474  -0.1263E+04
        1475  -0.1263E+04
        1476  -0.1263E+04
        1477  -0.1263E+04
        1478  -0.1263E+04
        1479  -0.1263E+04
        1480  -0.1263E+04
        1481  -0.1263E+04
        1482  -0.1263E+04
        1483  -0.1263E+04
        1484  -0.1263E+04
        1485  -0.1263E+04
        1486  -0.1263E+04
        1487  -0.1263E+04
        1488  -0.1263E+04
        1489  -0.1263E+04
        1490  -0.1263E+04
        1491  -0.1263E+04
        1492  -0.1263E+04
        1493  -0.1263E+04
        1494  -0.1263E+04
        1495  -0.1263E+04
        1496  -0.1263E+04
        1497  -0.1263E+04
        1498  -0.1263E+04
        1499  -0.1263E+04
        1500  -0.1263E+04
        1501  -0.1263E+04
        1502  -0.1263E+04
        1503  -0.1263E+04
        1504  -0.1263E+04
        1505  -0.1263E+04
        1506  -0.1263E+04
        1507  -0.1263E+04
        1508  -0.1263E+04
        1509  -0.1263E+04
        1510  -0.1263E+04
        1511  -0.1263E+04
        1512  -0.1263E+04
        1513  -0.1263E+04
        1514  -0.1263E+04
        1515  -0.1263E+04
        1516  -0.1263E+04
        1517  -0.1263E+04
        1518  -0.1263E+04
        1519  -0.1263E+04
        1520  -0.1263E+04
        1521  -0.1263E+04
        1522  -0.1263E+04
        1523  -0.1263E+04
        1524  -0.1263E+04
        1525  -0.1263E+04
        1526  -0.1263E+04
        1527  -0.1263E+04
        1528  -0.1263E+04
        1529  -0.1263E+04
        1530  -0.1263E+04
        1531  -0.1263E+04
        1532  -0.1263E+04
        1533  -0.1263E+04
        1534  -0.1263E+04
        1535  -0.1263E+04
        1536  -0.1263E+04
        1537  -0.1263E+04
        1538  -0.1263E+04
        1539  -0.1263E+04
        1540  -0.1263E+04
        1541  -0.1263E+04
        1542  -0.1263E+04
        1543  -0.1263E+04
        1544  -0.1262E+04
        1545  -0.1262E+04
        1546  -0.1262E+04
        1547  -0.1262E+04
        1548  -0.1262E+04
        1549  -0.1262E+04
        1550  -0.1262E+04
        1551  -0.1262E+04
        1552  -0.1262E+04
        1553  -0.1262E+04
        1554  -0.1262E+04
        1555  -0.1262E+04
        1556  -0.1262E+04
        1557  -0.1262E+04
        1558  -0.1262E+04
        1559  -0.1262E+04
        1560  -0.1262E+04
        1561  -0.1262E+04
        1562  -0.1262E+04
        1563  -0.1262E+04
        1564  -0.1262E+04
        1565  -0.1262E+04
        1566  -0.1262E+04
        1567  -0.1262E+04
        1568  -0.1262E+04
        1569  -0.1262E+04
        1570  -0.1262E+04
        1571  -0.1262E+04
        1572  -0.1262E+04
        1573  -0.1262E+04
        1574  -0.1262E+04
        1575  -0.1262E+04
        1576  -0.1262E+04
        1577  -0.1262E+04
        1578  -0.1262E+04
        1579  -0.1262E+04
        1580  -0.1262E+04
        1581  -0.1262E+04
        1582  -0.1262E+04
        1583  -0.1262E+04
        1584  -0.1262E+04
        1585  -0.1262E+04
        1586  -0.1262E+04
        1587  -0.1262E+04
        1588  -0.1262E+04
        1589  -0.1262E+04
        1590  -0.1262E+04
        1591  -0.1262E+04
        1592  -0.1262E+04
        1593  -0.1262E+04
        1594  -0.1262E+04
        1595  -0.1262E+04
        1596  -0.1262E+04
        1597  -0.1262E+04
        1598  -0.1262E+04
        1599  -0.1262E+04
        1600  -0.1262E+04
        1601  -0.1262E+04
        1602  -0.1262E+04
        1603  -0.1262E+04
        1604  -0.1262E+04
        1605  -0.1262E+04
        1606  -0.1262E+04
        1607  -0.1262E+04
        1608  -0.1262E+04
        1609  -0.1262E+04
        1610  -0.1262E+04
        1611  -0.1262E+04
        1612  -0.1262E+04
        1613  -0.1262E+04
        1614  -0.1262E+04
        1615  -0.1262E+04
        1616  -0.1262E+04
        1617  -0.1262E+04
        1618  -0.1262E+04
        1619  -0.1262E+04
        1620  -0.1262E+04
        1621  -0.1262E+04
        1622  -0.1262E+04
        1623  -0.1262E+04
        1624  -0.1262E+04
        1625  -0.1262E+04
        1626  -0.1262E+04
        1627  -0.1262E+04
        1628  -0.1262E+04
        1629  -0.1262E+04
        1630  -0.1262E+04
        1631  -0.1262E+04
        1632  -0.1262E+04
        1633  -0.1262E+04
        1634  -0.1262E+04
        1635  -0.1262E+04
        1636  -0.1262E+04
        1637  -0.1262E+04
        1638  -0.1262E+04
        1639  -0.1262E+04
        1640  -0.1262E+04
        1641  -0.1262E+04
        1642  -0.1262E+04
        1643  -0.1262E+04
        1644  -0.1262E+04
        1645  -0.1262E+04
        1646  -0.1262E+04
        1647  -0.1262E+04
        1648  -0.1262E+04
        1649  -0.1262E+04
        1650  -0.1262E+04
        1651  -0.1262E+04
        1652  -0.1262E+04
        1653  -0.1262E+04
        1654  -0.1262E+04
        1655  -0.1262E+04
        1656  -0.1262E+04
        1657  -0.1262E+04
        1658  -0.1262E+04
        1659  -0.1262E+04
        1660  -0.1262E+04
        1661  -0.1262E+04
        1662  -0.1262E+04
        1663  -0.1262E+04
        1664  -0.1262E+04
        1665  -0.1262E+04
        1666  -0.1262E+04
        1667  -0.1262E+04
        1668  -0.1262E+04
        1669  -0.1262E+04
        1670  -0.1262E+04
        1671  -0.1262E+04
        1672  -0.1262E+04
        1673  -0.1262E+04
        1674  -0.1262E+04
        1675  -0.1262E+04
        1676  -0.1262E+04
        1677  -0.1262E+04
        1678  -0.1262E+04
        1679  -0.1262E+04
        1680  -0.1262E+04
        1681  -0.1262E+04
        1682  -0.1262E+04
        1683  -0.1262E+04
        1684  -0.1262E+04
        1685  -0.1262E+04
        1686  -0.1262E+04
        1687  -0.1262E+04
        1688  -0.1262E+04
        1689  -0.1262E+04
        1690  -0.1262E+04
        1691  -0.1262E+04
        1692  -0.1262E+04
        1693  -0.1262E+04
        1694  -0.1262E+04
        1695  -0.1262E+04
        1696  -0.1262E+04
        1697  -0.1262E+04
        1698  -0.1262E+04
        1699  -0.1262E+04
        1700  -0.1262E+04
        1701  -0.1262E+04
        1702  -0.1262E+04
        1703  -0.1262E+04
        1704  -0.1262E+04
        1705  -0.1262E+04
        1706  -0.1262E+04
        1707  -0.1262E+04
        1708  -0.1262E+04
        1709  -0.1262E+04
        1710  -0.1262E+04
        1711  -0.1262E+04
        1712  -0.1262E+04
        1713  -0.1262E+04
        1714  -0.1262E+04
        1715  -0.1262E+04
        1716  -0.1262E+04
        1717  -0.1262E+04
        1718  -0.1262E+04
        1719  -0.1262E+04
        1720  -0.1262E+04
        1721  -0.1262E+04
        1722  -0.1262E+04
        1723  -0.1262E+04
        1724  -0.1262E+04
        1725  -0.1262E+04
        1726  -0.1262E+04
        1727  -0.1262E+04
        1728  -0.1262E+04
        1729  -0.1262E+04
        1730  -0.1262E+04
        1731  -0.1262E+04
        1732  -0.1262E+04
        1733  -0.1262E+04
        1734  -0.1262E+04
        1735  -0.1262E+04
        1736  -0.1262E+04
        1737  -0.1262E+04
        1738  -0.1262E+04
        1739  -0.1262E+04
        1740  -0.1262E+04
        1741  -0.1262E+04
        1742  -0.1262E+04
        1743  -0.1261E+04
        1744  -0.1261E+04
        1745  -0.1261E+04
        1746  -0.1261E+04
        1747  -0.1261E+04
        1748  -0.1261E+04
        1749  -0.1261E+04
        1750  -0.1261E+04
        1751  -0.1261E+04
        1752  -0.1261E+04
        1753  -0.1261E+04
        1754  -0.1261E+04
        1755  -0.1261E+04
        1756  -0.1261E+04
        1757  -0.1261E+04
        1758  -0.1261E+04
        1759  -0.1261E+04
        1760  -0.1261E+04
        1761  -0.1261E+04
        1762  -0.1261E+04
        1763  -0.1261E+04
        1764  -0.1261E+04
        1765  -0.1261E+04
        1766  -0.1261E+04
        1767  -0.1261E+04
        1768  -0.1261E+04
        1769  -0.1261E+04
        1770  -0.1261E+04
        1771  -0.1261E+04
        1772  -0.1261E+04
        1773  -0.1261E+04
        1774  -0.1261E+04
        1775  -0.1261E+04
        1776  -0.1261E+04
        1777  -0.1261E+04
        1778  -0.1261E+04
        1779  -0.1261E+04
        1780  -0.1261E+04
        1781  -0.1261E+04
        1782  -0.1261E+04
        1783  -0.1261E+04
        1784  -0.1261E+04
        1785  -0.1261E+04
        1786  -0.1261E+04
        1787  -0.1261E+04
        1788  -0.1261E+04
        1789  -0.1261E+04
        1790  -0.1261E+04
        1791  -0.1261E+04
        1792  -0.1261E+04
        1793  -0.1261E+04
        1794  -0.1261E+04
        1795  -0.1261E+04
        1796  -0.1261E+04
        1797  -0.1261E+04
        1798  -0.1261E+04
        1799  -0.1261E+04
        1800  -0.1261E+04
        1801  -0.1261E+04
        1802  -0.1261E+04
        1803  -0.1261E+04
        1804  -0.1261E+04
        1805  -0.1261E+04
        1806  -0.1261E+04
        1807  -0.1261E+04
        1808  -0.1261E+04
        1809  -0.1261E+04
        1810  -0.1261E+04
        1811  -0.1261E+04
        1812  -0.1261E+04
        1813  -0.1261E+04
        1814  -0.1261E+04
        1815  -0.1261E+04
        1816  -0.1261E+04
        1817  -0.1261E+04
        1818  -0.1261E+04
        1819  -0.1261E+04
        1820  -0.1261E+04
        1821  -0.1261E+04
        1822  -0.1261E+04
        1823  -0.1261E+04
        1824  -0.1261E+04
        1825  -0.1261E+04
        1826  -0.1261E+04
        1827  -0.1261E+04
        1828  -0.1261E+04
        1829  -0.1261E+04
        1830  -0.1261E+04
        1831  -0.1261E+04
        1832  -0.1261E+04
        1833  -0.1261E+04
        1834  -0.1261E+04
        1835  -0.1261E+04
        1836  -0.1261E+04
        1837  -0.1261E+04
        1838  -0.1261E+04
        1839  -0.1261E+04
        1840  -0.1261E+04
        1841  -0.1261E+04
        1842  -0.1261E+04
        1843  -0.1261E+04
        1844  -0.1261E+04
        1845  -0.1261E+04
        1846  -0.1261E+04
        1847  -0.1261E+04
        1848  -0.1261E+04
        1849  -0.1261E+04
        1850  -0.1261E+04
        1851  -0.1261E+04
        1852  -0.1261E+04
        1853  -0.1261E+04
        1854  -0.1261E+04
        1855  -0.1261E+04
        1856  -0.1261E+04
        1857  -0.1261E+04
        1858  -0.1261E+04
        1859  -0.1261E+04
        1860  -0.1261E+04
        1861  -0.1261E+04
        1862  -0.1261E+04
        1863  -0.1261E+04
        1864  -0.1261E+04
        1865  -0.1261E+04
        1866  -0.1261E+04
        1867  -0.1261E+04
        1868  -0.1261E+04
        1869  -0.1261E+04
        1870  -0.1261E+04
        1871  -0.1261E+04
        1872  -0.1261E+04
        1873  -0.1261E+04
        1874  -0.1261E+04
        1875  -0.1261E+04
        1876  -0.1261E+04
        1877  -0.1261E+04
        1878  -0.1261E+04
        1879  -0.1261E+04
        1880  -0.1261E+04
        1881  -0.1261E+04
        1882  -0.1261E+04
        1883  -0.1261E+04
        1884  -0.1261E+04
        1885  -0.1261E+04
        1886  -0.1261E+04
        1887  -0.1261E+04
        1888  -0.1261E+04
        1889  -0.1261E+04
        1890  -0.1261E+04
        1891  -0.1261E+04
        1892  -0.1261E+04
        1893  -0.1261E+04
        1894  -0.1261E+04
        1895  -0.1261E+04
        1896  -0.1261E+04
        1897  -0.1261E+04
        1898  -0.1261E+04
        1899  -0.1261E+04
        1900  -0.1261E+04
        1901  -0.1261E+04
        1902  -0.1261E+04
        1903  -0.1261E+04
        1904  -0.1261E+04
        1905  -0.1261E+04
        1906  -0.1261E+04
        1907  -0.1261E+04
        1908  -0.1261E+04
        1909  -0.1261E+04
        1910  -0.1261E+04
        1911  -0.1261E+04
        1912  -0.1261E+04
        1913  -0.1261E+04
        1914  -0.1261E+04
        1915  -0.1261E+04
        1916  -0.1261E+04
        1917  -0.1261E+04
        1918  -0.1261E+04
        1919  -0.1261E+04
        1920  -0.1261E+04
        1921  -0.1261E+04
        1922  -0.1261E+04
        1923  -0.1261E+04
        1924  -0.1261E+04
        1925  -0.1261E+04
        1926  -0.1261E+04
        1927  -0.1261E+04
        1928  -0.1261E+04
        1929  -0.1261E+04
        1930  -0.1261E+04
        1931  -0.1261E+04
        1932  -0.1261E+04
        1933  -0.1261E+04
        1934  -0.1261E+04
        1935  -0.1261E+04
        1936  -0.1261E+04
        1937  -0.1261E+04
        1938  -0.1261E+04
        1939  -0.1261E+04
        1940  -0.1261E+04
        1941  -0.1261E+04
        1942  -0.1261E+04
        1943  -0.1261E+04
        1944  -0.1261E+04
        1945  -0.1261E+04
        1946  -0.1261E+04
        1947  -0.1261E+04
        1948  -0.1261E+04
        1949  -0.1261E+04
        1950  -0.1261E+04
        1951  -0.1261E+04
        1952  -0.1261E+04
        1953  -0.1261E+04
        1954  -0.1261E+04
        1955  -0.1261E+04
        1956  -0.1261E+04
        1957  -0.1261E+04
        1958  -0.1261E+04
        1959  -0.1261E+04
        1960  -0.1261E+04
        1961  -0.1261E+04
        1962  -0.1261E+04
        1963  -0.1261E+04
        1964  -0.1261E+04
        1965  -0.1261E+04
        1966  -0.1261E+04
        1967  -0.1261E+04
        1968  -0.1261E+04
        1969  -0.1261E+04
        1970  -0.1261E+04
        1971  -0.1261E+04
        1972  -0.1261E+04
        1973  -0.1261E+04
        1974  -0.1261E+04
        1975  -0.1261E+04
        1976  -0.1261E+04
        1977  -0.1261E+04
        1978  -0.1261E+04
        1979  -0.1261E+04
        1980  -0.1261E+04
        1981  -0.1261E+04
        1982  -0.1261E+04
        1983  -0.1261E+04
        1984  -0.1261E+04
        1985  -0.1261E+04
        1986  -0.1261E+04
        1987  -0.1261E+04
        1988  -0.1261E+04
        1989  -0.1261E+04
        1990  -0.1261E+04
        1991  -0.1261E+04
        1992  -0.1261E+04
        1993  -0.1261E+04
        1994  -0.1261E+04
        1995  -0.1261E+04
        1996  -0.1261E+04
        1997  -0.1261E+04
        1998  -0.1261E+04
        1999  -0.1261E+04
        2000  -0.1261E+04
        2001  -0.1261E+04
        2002  -0.1261E+04
        2003  -0.1261E+04
        2004  -0.1261E+04
        2005  -0.1261E+04
        2006  -0.1261E+04
        2007  -0.1261E+04
        2008  -0.1261E+04
        2009  -0.1261E+04
        2010  -0.1261E+04
        2011  -0.1261E+04
        2012  -0.1261E+04
        2013  -0.1261E+04
        2014  -0.1261E+04
        2015  -0.1261E+04
        2016  -0.1261E+04
        2017  -0.1261E+04
        2018  -0.1261E+04
        2019  -0.1261E+04
        2020  -0.1261E+04
        2021  -0.1261E+04
        2022  -0.1261E+04
        2023  -0.1261E+04
        2024  -0.1261E+04
        2025  -0.1261E+04
        2026  -0.1261E+04
        2027  -0.1261E+04
        2028  -0.1261E+04
        2029  -0.1260E+04
        2030  -0.1260E+04
        2031  -0.1260E+04
        2032  -0.1260E+04
        2033  -0.1261E+04
        2034  -0.1261E+04
        2035  -0.1261E+04
        2036  -0.1261E+04
        2037  -0.1261E+04
        2038  -0.1261E+04
        2039  -0.1261E+04
        2040  -0.1260E+04
        2041  -0.1260E+04
        2042  -0.1260E+04
        2043  -0.1260E+04
        2044  -0.1260E+04
        2045  -0.1260E+04
        2046  -0.1260E+04
        2047  -0.1260E+04
        2048  -0.1260E+04
        2049  -0.1260E+04
        2050  -0.1260E+04
        2051  -0.1260E+04
        2052  -0.1260E+04
        2053  -0.1260E+04
        2054  -0.1260E+04
        2055  -0.1260E+04
        2056  -0.1260E+04
        2057  -0.1260E+04
        2058  -0.1260E+04
        2059  -0.1260E+04
        2060  -0.1260E+04
        2061  -0.1260E+04
        2062  -0.1260E+04
        2063  -0.1260E+04
        2064  -0.1260E+04
        2065  -0.1260E+04
        2066  -0.1260E+04
        2067  -0.1260E+04
        2068  -0.1260E+04
        2069  -0.1260E+04
        2070  -0.1260E+04
        2071  -0.1260E+04
        2072  -0.1260E+04
        2073  -0.1260E+04
        2074  -0.1260E+04
        2075  -0.1260E+04
        2076  -0.1260E+04
        2077  -0.1260E+04
        2078  -0.1260E+04
        2079  -0.1260E+04
        2080  -0.1260E+04
        2081  -0.1260E+04
        2082  -0.1260E+04
        2083  -0.1260E+04
        2084  -0.1260E+04
        2085  -0.1260E+04
        2086  -0.1260E+04
        2087  -0.1260E+04
        2088  -0.1260E+04
        2089  -0.1260E+04
        2090  -0.1260E+04
        2091  -0.1260E+04
        2092  -0.1260E+04
        2093  -0.1260E+04
        2094  -0.1260E+04
        2095  -0.1260E+04
        2096  -0.1260E+04
        2097  -0.1260E+04
        2098  -0.1260E+04
        2099  -0.1260E+04
        2100  -0.1260E+04
        2101  -0.1260E+04
        2102  -0.1260E+04
        2103  -0.1260E+04
        2104  -0.1260E+04
        2105  -0.1260E+04
        2106  -0.1260E+04
        2107  -0.1260E+04
        2108  -0.1260E+04
        2109  -0.1260E+04
        2110  -0.1260E+04
        2111  -0.1260E+04
        2112  -0.1260E+04
        2113  -0.1260E+04
        2114  -0.1260E+04
        2115  -0.1260E+04
        2116  -0.1260E+04
        2117  -0.1260E+04
        2118  -0.1260E+04
        2119  -0.1260E+04
        2120  -0.1260E+04
        2121  -0.1260E+04
        2122  -0.1260E+04
        2123  -0.1260E+04
        2124  -0.1260E+04
        2125  -0.1260E+04
        2126  -0.1260E+04
        2127  -0.1260E+04
        2128  -0.1260E+04
        2129  -0.1260E+04
        2130  -0.1260E+04
        2131  -0.1260E+04
        2132  -0.1260E+04
        2133  -0.1260E+04
        2134  -0.1260E+04
        2135  -0.1260E+04
        2136  -0.1260E+04
        2137  -0.1260E+04
        2138  -0.1260E+04
        2139  -0.1260E+04
        2140  -0.1260E+04
        2141  -0.1260E+04
        2142  -0.1260E+04
        2143  -0.1260E+04
        2144  -0.1260E+04
        2145  -0.1260E+04
        2146  -0.1260E+04
        2147  -0.1260E+04
        2148  -0.1260E+04
        2149  -0.1260E+04
        2150  -0.1260E+04
        2151  -0.1260E+04
        2152  -0.1260E+04
        2153  -0.1260E+04
        2154  -0.1260E+04
        2155  -0.1260E+04
        2156  -0.1260E+04
        2157  -0.1260E+04
        2158  -0.1260E+04
        2159  -0.1260E+04
        2160  -0.1260E+04
        2161  -0.1260E+04
        2162  -0.1260E+04
        2163  -0.1260E+04
        2164  -0.1260E+04
        2165  -0.1260E+04
        2166  -0.1260E+04
        2167  -0.1260E+04
        2168  -0.1260E+04
        2169  -0.1260E+04
        2170  -0.1260E+04
        2171  -0.1260E+04
        2172  -0.1260E+04
        2173  -0.1260E+04
        2174  -0.1260E+04
        2175  -0.1260E+04
        2176  -0.1260E+04
        2177  -0.1260E+04
        2178  -0.1260E+04
        2179  -0.1260E+04
        2180  -0.1260E+04
        2181  -0.1260E+04
        2182  -0.1260E+04
        2183  -0.1260E+04
        2184  -0.1260E+04
        2185  -0.1260E+04
        2186  -0.1260E+04
        2187  -0.1260E+04
        2188  -0.1260E+04
        2189  -0.1260E+04
        2190  -0.1260E+04
        2191  -0.1260E+04
        2192  -0.1260E+04
        2193  -0.1260E+04
        2194  -0.1260E+04
        2195  -0.1260E+04
        2196  -0.1260E+04
        2197  -0.1260E+04
        2198  -0.1260E+04
        2199  -0.1260E+04
        2200  -0.1260E+04
        2201  -0.1260E+04
        2202  -0.1260E+04
        2203  -0.1260E+04
        2204  -0.1260E+04
        2205  -0.1260E+04
        2206  -0.1260E+04
        2207  -0.1260E+04
        2208  -0.1260E+04
        2209  -0.1260E+04
        2210  -0.1260E+04
        2211  -0.1260E+04
        2212  -0.1260E+04
        2213  -0.1260E+04
        2214  -0.1260E+04
        2215  -0.1260E+04
        2216  -0.1260E+04
        2217  -0.1260E+04
        2218  -0.1260E+04
        2219  -0.1260E+04
        2220  -0.1260E+04
        2221  -0.1260E+04
        2222  -0.1260E+04
        2223  -0.1260E+04
        2224  -0.1260E+04
        2225  -0.1260E+04
        2226  -0.1260E+04
        2227  -0.1260E+04
        2228  -0.1260E+04
        2229  -0.1260E+04
        2230  -0.1260E+04
        2231  -0.1260E+04
        2232  -0.1260E+04
        2233  -0.1260E+04
        2234  -0.1260E+04
        2235  -0.1260E+04
        2236  -0.1260E+04
        2237  -0.1260E+04
        2238  -0.1260E+04
        2239  -0.1260E+04
        2240  -0.1260E+04
        2241  -0.1260E+04
        2242  -0.1260E+04
        2243  -0.1260E+04
        2244  -0.1260E+04
        2245  -0.1260E+04
        2246  -0.1260E+04
        2247  -0.1260E+04
        2248  -0.1260E+04
        2249  -0.1260E+04
        2250  -0.1260E+04
        2251  -0.1260E+04
        2252  -0.1260E+04
        2253  -0.1260E+04
        2254  -0.1260E+04
        2255  -0.1260E+04
        2256  -0.1260E+04
        2257  -0.1260E+04
        2258  -0.1260E+04
        2259  -0.1260E+04
        2260  -0.1260E+04
        2261  -0.1260E+04
        2262  -0.1260E+04
        2263  -0.1260E+04
        2264  -0.1260E+04
        2265  -0.1260E+04
        2266  -0.1260E+04
        2267  -0.1260E+04
        2268  -0.1260E+04
        2269  -0.1260E+04
        2270  -0.1260E+04
        2271  -0.1260E+04
        2272  -0.1260E+04
        2273  -0.1260E+04
        2274  -0.1260E+04
        2275  -0.1260E+04
        2276  -0.1260E+04
        2277  -0.1260E+04
        2278  -0.1260E+04
        2279  -0.1260E+04
        2280  -0.1260E+04
        2281  -0.1260E+04
        2282  -0.1260E+04
        2283  -0.1260E+04
        2284  -0.1260E+04
        2285  -0.1260E+04
        2286  -0.1260E+04
        2287  -0.1260E+04
        2288  -0.1260E+04
        2289  -0.1260E+04
        2290  -0.1260E+04
        2291  -0.1260E+04
        2292  -0.1260E+04
        2293  -0.1260E+04
        2294  -0.1260E+04
        2295  -0.1260E+04
        2296  -0.1260E+04
        2297  -0.1260E+04
        2298  -0.1260E+04
        2299  -0.1260E+04
        2300  -0.1260E+04
        2301  -0.1260E+04
        2302  -0.1260E+04
        2303  -0.1260E+04
        2304  -0.1260E+04
        2305  -0.1260E+04
        2306  -0.1260E+04
        2307  -0.1260E+04
        2308  -0.1260E+04
        2309  -0.1260E+04
        2310  -0.1260E+04
        2311  -0.1260E+04
        2312  -0.1260E+04
        2313  -0.1260E+04
        2314  -0.1260E+04
        2315  -0.1260E+04
        2316  -0.1260E+04
        2317  -0.1260E+04
        2318  -0.1260E+04
        2319  -0.1260E+04
        2320  -0.1260E+04
        2321  -0.1260E+04
        2322  -0.1260E+04
        2323  -0.1260E+04
        2324  -0.1260E+04
        2325  -0.1260E+04
        2326  -0.1260E+04
        2327  -0.1260E+04
        2328  -0.1260E+04
        2329  -0.1260E+04
        2330  -0.1260E+04
        2331  -0.1260E+04
        2332  -0.1260E+04
        2333  -0.1260E+04
        2334  -0.1260E+04
        2335  -0.1260E+04
        2336  -0.1260E+04
        2337  -0.1260E+04
        2338  -0.1260E+04
        2339  -0.1260E+04
        2340  -0.1260E+04
        2341  -0.1260E+04
        2342  -0.1260E+04
        2343  -0.1260E+04
        2344  -0.1260E+04
        2345  -0.1260E+04
        2346  -0.1260E+04
        2347  -0.1260E+04
        2348  -0.1260E+04
        2349  -0.1260E+04
        2350  -0.1260E+04
        2351  -0.1260E+04
        2352  -0.1260E+04
        2353  -0.1260E+04
        2354  -0.1260E+04
        2355  -0.1260E+04
        2356  -0.1260E+04
        2357  -0.1260E+04
        2358  -0.1260E+04
        2359  -0.1260E+04
        2360  -0.1260E+04
        2361  -0.1260E+04
        2362  -0.1260E+04
        2363  -0.1260E+04
        2364  -0.1260E+04
        2365  -0.1260E+04
        2366  -0.1260E+04
        2367  -0.1260E+04
        2368  -0.1260E+04
        2369  -0.1260E+04
        2370  -0.1260E+04
        2371  -0.1260E+04
        2372  -0.1260E+04
        2373  -0.1260E+04
        2374  -0.1260E+04
        2375  -0.1260E+04
        2376  -0.1260E+04
        2377  -0.1260E+04
        2378  -0.1260E+04
        2379  -0.1260E+04
        2380  -0.1260E+04
        2381  -0.1260E+04
        2382  -0.1260E+04
        2383  -0.1260E+04
        2384  -0.1260E+04
        2385  -0.1260E+04
        2386  -0.1260E+04
        2387  -0.1260E+04
        2388  -0.1260E+04
        2389  -0.1260E+04
        2390  -0.1260E+04
        2391  -0.1260E+04
        2392  -0.1260E+04
        2393  -0.1260E+04
        2394  -0.1260E+04
        2395  -0.1260E+04
        2396  -0.1260E+04
        2397  -0.1260E+04
        2398  -0.1260E+04
        2399  -0.1260E+04
        2400  -0.1260E+04
        2401  -0.1260E+04
        2402  -0.1260E+04
        2403  -0.1260E+04
        2404  -0.1260E+04
        2405  -0.1260E+04
        2406  -0.1260E+04
        2407  -0.1260E+04
        2408  -0.1260E+04
        2409  -0.1260E+04
        2410  -0.1260E+04
        2411  -0.1260E+04
        2412  -0.1260E+04
        2413  -0.1260E+04
        2414  -0.1260E+04
        2415  -0.1260E+04
        2416  -0.1260E+04
        2417  -0.1260E+04
        2418  -0.1260E+04
        2419  -0.1260E+04
        2420  -0.1260E+04
        2421  -0.1260E+04
        2422  -0.1260E+04
        2423  -0.1260E+04
        2424  -0.1260E+04
        2425  -0.1260E+04
        2426  -0.1260E+04
        2427  -0.1260E+04
        2428  -0.1260E+04
        2429  -0.1260E+04
        2430  -0.1260E+04
        2431  -0.1260E+04
        2432  -0.1260E+04
        2433  -0.1260E+04
        2434  -0.1260E+04
        2435  -0.1260E+04
        2436  -0.1260E+04
        2437  -0.1260E+04
        2438  -0.1260E+04
        2439  -0.1260E+04
        2440  -0.1260E+04
        2441  -0.1260E+04
        2442  -0.1260E+04
        2443  -0.1260E+04
        2444  -0.1260E+04
        2445  -0.1260E+04
        2446  -0.1260E+04
        2447  -0.1260E+04
        2448  -0.1260E+04
        2449  -0.1260E+04
        2450  -0.1260E+04
        2451  -0.1260E+04
        2452  -0.1260E+04
        2453  -0.1260E+04
        2454  -0.1260E+04
        2455  -0.1260E+04
        2456  -0.1260E+04
        2457  -0.1260E+04
        2458  -0.1260E+04
        2459  -0.1260E+04
        2460  -0.1260E+04
        2461  -0.1260E+04
        2462  -0.1260E+04
        2463  -0.1260E+04
        2464  -0.1260E+04
        2465  -0.1260E+04
        2466  -0.1260E+04
        2467  -0.1260E+04
        2468  -0.1260E+04
        2469  -0.1260E+04
        2470  -0.1260E+04
        2471  -0.1260E+04
        2472  -0.1260E+04
        2473  -0.1260E+04
        2474  -0.1260E+04
        2475  -0.1260E+04
        2476  -0.1260E+04
        2477  -0.1260E+04
        2478  -0.1260E+04
        2479  -0.1260E+04
        2480  -0.1260E+04
        2481  -0.1260E+04
        2482  -0.1260E+04
        2483  -0.1260E+04
        2484  -0.1260E+04
        2485  -0.1260E+04
        2486  -0.1260E+04
        2487  -0.1260E+04
        2488  -0.1260E+04
        2489  -0.1260E+04
        2490  -0.1260E+04
        2491  -0.1260E+04
        2492  -0.1260E+04
        2493  -0.1260E+04
        2494  -0.1260E+04
        2495  -0.1260E+04
        2496  -0.1260E+04
        2497  -0.1260E+04
        2498  -0.1260E+04
        2499  -0.1260E+04
        2500  -0.1260E+04
        2501  -0.1260E+04
        2502  -0.1260E+04
        2503  -0.1260E+04
        2504  -0.1260E+04
        2505  -0.1260E+04
        2506  -0.1260E+04
        2507  -0.1260E+04
        2508  -0.1260E+04
        2509  -0.1260E+04
        2510  -0.1260E+04
        2511  -0.1260E+04
        2512  -0.1260E+04
        2513  -0.1260E+04
        2514  -0.1260E+04
        2515  -0.1260E+04
        2516  -0.1260E+04
        2517  -0.1260E+04
        2518  -0.1260E+04
        2519  -0.1260E+04
        2520  -0.1260E+04
        2521  -0.1260E+04
        2522  -0.1260E+04
        2523  -0.1260E+04
        2524  -0.1260E+04
        2525  -0.1260E+04
        2526  -0.1260E+04
        2527  -0.1260E+04
        2528  -0.1260E+04
        2529  -0.1260E+04
        2530  -0.1260E+04
        2531  -0.1260E+04
        2532  -0.1260E+04
        2533  -0.1260E+04
        2534  -0.1260E+04
        2535  -0.1260E+04
        2536  -0.1260E+04
        2537  -0.1260E+04
        2538  -0.1260E+04
        2539  -0.1260E+04
        2540  -0.1260E+04
        2541  -0.1260E+04
        2542  -0.1260E+04
        2543  -0.1260E+04
        2544  -0.1260E+04
        2545  -0.1260E+04
        2546  -0.1260E+04
        2547  -0.1260E+04
        2548  -0.1260E+04
        2549  -0.1260E+04
        2550  -0.1260E+04
        2551  -0.1260E+04
        2552  -0.1260E+04
        2553  -0.1260E+04
        2554  -0.1260E+04
        2555  -0.1260E+04
        2556  -0.1260E+04
        2557  -0.1260E+04
        2558  -0.1260E+04
        2559  -0.1260E+04
        2560  -0.1260E+04
        2561  -0.1260E+04
        2562  -0.1260E+04
        2563  -0.1260E+04
        2564  -0.1260E+04
        2565  -0.1260E+04
        2566  -0.1260E+04
        2567  -0.1260E+04
        2568  -0.1260E+04
        2569  -0.1260E+04
        2570  -0.1260E+04
        2571  -0.1260E+04
        2572  -0.1260E+04
        2573  -0.1260E+04
        2574  -0.1260E+04
        2575  -0.1260E+04
        2576  -0.1260E+04
        2577  -0.1260E+04
        2578  -0.1260E+04
        2579  -0.1260E+04
        2580  -0.1260E+04
        2581  -0.1260E+04
        2582  -0.1260E+04
        2583  -0.1260E+04
        2584  -0.1260E+04
        2585  -0.1260E+04
        2586  -0.1260E+04
        2587  -0.1260E+04
        2588  -0.1260E+04
        2589  -0.1260E+04
        2590  -0.1260E+04
        2591  -0.1260E+04
        2592  -0.1260E+04
        2593  -0.1260E+04
        2594  -0.1260E+04
        2595  -0.1260E+04
        2596  -0.1260E+04
        2597  -0.1260E+04
        2598  -0.1260E+04
        2599  -0.1260E+04
        2600  -0.1260E+04
        2601  -0.1260E+04
        2602  -0.1260E+04
        2603  -0.1260E+04
        2604  -0.1260E+04
        2605  -0.1260E+04
        2606  -0.1260E+04
        2607  -0.1260E+04
        2608  -0.1260E+04
        2609  -0.1260E+04
        2610  -0.1260E+04
        2611  -0.1260E+04
        2612  -0.1260E+04
        2613  -0.1260E+04
        2614  -0.1260E+04
        2615  -0.1260E+04
        2616  -0.1260E+04
        2617  -0.1260E+04
        2618  -0.1260E+04
        2619  -0.1260E+04
        2620  -0.1260E+04
        2621  -0.1260E+04
        2622  -0.1260E+04
        2623  -0.1260E+04
        2624  -0.1260E+04
        2625  -0.1260E+04
        2626  -0.1260E+04
        2627  -0.1260E+04
        2628  -0.1260E+04
        2629  -0.1260E+04
        2630  -0.1260E+04
        2631  -0.1260E+04
        2632  -0.1260E+04
        2633  -0.1260E+04
        2634  -0.1260E+04
        2635  -0.1260E+04
        2636  -0.1260E+04
        2637  -0.1260E+04
        2638  -0.1260E+04
        2639  -0.1260E+04
        2640  -0.1260E+04
        2641  -0.1260E+04
        2642  -0.1260E+04
        2643  -0.1260E+04
        2644  -0.1260E+04
        2645  -0.1260E+04
        2646  -0.1260E+04
        2647  -0.1260E+04
        2648  -0.1260E+04
        2649  -0.1260E+04
        2650  -0.1260E+04
        2651  -0.1260E+04
        2652  -0.1260E+04
        2653  -0.1260E+04
        2654  -0.1260E+04
        2655  -0.1260E+04
        2656  -0.1260E+04
        2657  -0.1260E+04
        2658  -0.1260E+04
        2659  -0.1260E+04
        2660  -0.1260E+04
        2661  -0.1260E+04
        2662  -0.1260E+04
        2663  -0.1260E+04
        2664  -0.1260E+04
        2665  -0.1260E+04
        2666  -0.1260E+04
        2667  -0.1260E+04
        2668  -0.1260E+04
        2669  -0.1260E+04
        2670  -0.1260E+04
        2671  -0.1260E+04
        2672  -0.1260E+04
        2673  -0.1260E+04
        2674  -0.1260E+04
        2675  -0.1260E+04
        2676  -0.1260E+04
        2677  -0.1260E+04
        2678  -0.1260E+04
        2679  -0.1260E+04
        2680  -0.1260E+04
        2681  -0.1260E+04
        2682  -0.1260E+04
        2683  -0.1260E+04
        2684  -0.1260E+04
        2685  -0.1260E+04
        2686  -0.1260E+04
        2687  -0.1260E+04
        2688  -0.1260E+04
        2689  -0.1260E+04
        2690  -0.1260E+04
        2691  -0.1260E+04
        2692  -0.1260E+04
        2693  -0.1260E+04
        2694  -0.1260E+04
        2695  -0.1260E+04
        2696  -0.1260E+04
        2697  -0.1260E+04
        2698  -0.1260E+04
        2699  -0.1260E+04
        2700  -0.1260E+04
        2701  -0.1260E+04
        2702  -0.1260E+04
        2703  -0.1260E+04
        2704  -0.1260E+04
        2705  -0.1260E+04
        2706  -0.1260E+04
        2707  -0.1260E+04
        2708  -0.1260E+04
        2709  -0.1260E+04
        2710  -0.1260E+04
        2711  -0.1260E+04
        2712  -0.1260E+04
        2713  -0.1260E+04
        2714  -0.1260E+04
        2715  -0.1260E+04
        2716  -0.1260E+04
        2717  -0.1260E+04
        2718  -0.1260E+04
        2719  -0.1260E+04
        2720  -0.1260E+04
        2721  -0.1260E+04
        2722  -0.1260E+04
        2723  -0.1260E+04
        2724  -0.1260E+04
        2725  -0.1260E+04
        2726  -0.1260E+04
        2727  -0.1260E+04
        2728  -0.1260E+04
        2729  -0.1260E+04
        2730  -0.1260E+04
        2731  -0.1260E+04
        2732  -0.1260E+04
        2733  -0.1260E+04
        2734  -0.1260E+04
        2735  -0.1260E+04
        2736  -0.1260E+04
        2737  -0.1260E+04
        2738  -0.1260E+04
        2739  -0.1260E+04
        2740  -0.1260E+04
        2741  -0.1260E+04
        2742  -0.1260E+04
        2743  -0.1260E+04
        2744  -0.1260E+04
        2745  -0.1260E+04
        2746  -0.1260E+04
        2747  -0.1260E+04
        2748  -0.1260E+04
        2749  -0.1260E+04
        2750  -0.1260E+04
        2751  -0.1260E+04
        2752  -0.1260E+04
        2753  -0.1260E+04
        2754  -0.1260E+04
        2755  -0.1260E+04
        2756  -0.1260E+04
        2757  -0.1260E+04
        2758  -0.1260E+04
        2759  -0.1260E+04
        2760  -0.1260E+04
        2761  -0.1260E+04
        2762  -0.1260E+04
        2763  -0.1260E+04
        2764  -0.1260E+04
        2765  -0.1260E+04
        2766  -0.1260E+04
        2767  -0.1260E+04
        2768  -0.1260E+04
        2769  -0.1260E+04
        2770  -0.1260E+04
        2771  -0.1260E+04
        2772  -0.1260E+04
        2773  -0.1260E+04
        2774  -0.1260E+04
        2775  -0.1260E+04
        2776  -0.1260E+04
        2777  -0.1260E+04
        2778  -0.1260E+04
        2779  -0.1260E+04
        2780  -0.1260E+04
        2781  -0.1260E+04
        2782  -0.1260E+04
        2783  -0.1260E+04
        2784  -0.1260E+04
        2785  -0.1260E+04
        2786  -0.1260E+04
        2787  -0.1260E+04
        2788  -0.1260E+04
        2789  -0.1260E+04
        2790  -0.1260E+04
        2791  -0.1260E+04
        2792  -0.1260E+04
        2793  -0.1260E+04
        2794  -0.1260E+04
        2795  -0.1260E+04
        2796  -0.1260E+04
        2797  -0.1260E+04
        2798  -0.1260E+04
        2799  -0.1260E+04
        2800  -0.1260E+04
        2801  -0.1260E+04
        2802  -0.1260E+04
        2803  -0.1260E+04
        2804  -0.1260E+04
        2805  -0.1260E+04
        2806  -0.1260E+04
        2807  -0.1260E+04
        2808  -0.1260E+04
        2809  -0.1260E+04
        2810  -0.1260E+04
        2811  -0.1260E+04
        2812  -0.1260E+04
        2813  -0.1260E+04
        2814  -0.1260E+04
        2815  -0.1260E+04
        2816  -0.1260E+04
        2817  -0.1260E+04
        2818  -0.1260E+04
        2819  -0.1260E+04
        2820  -0.1260E+04
        2821  -0.1260E+04
        2822  -0.1260E+04
        2823  -0.1260E+04
        2824  -0.1260E+04
        2825  -0.1260E+04
        2826  -0.1260E+04
        2827  -0.1260E+04
        2828  -0.1260E+04
        2829  -0.1260E+04
        2830  -0.1260E+04
        2831  -0.1260E+04
        2832  -0.1260E+04
        2833  -0.1260E+04
        2834  -0.1260E+04
        2835  -0.1260E+04
        2836  -0.1260E+04
        2837  -0.1260E+04
        2838  -0.1260E+04
        2839  -0.1260E+04
        2840  -0.1260E+04
        2841  -0.1260E+04
        2842  -0.1260E+04
        2843  -0.1260E+04
        2844  -0.1260E+04
        2845  -0.1260E+04
        2846  -0.1260E+04
        2847  -0.1260E+04
        2848  -0.1260E+04
        2849  -0.1260E+04
        2850  -0.1260E+04
        2851  -0.1260E+04
        2852  -0.1260E+04
        2853  -0.1260E+04
        2854  -0.1260E+04
        2855  -0.1260E+04
        2856  -0.1260E+04
        2857  -0.1260E+04
        2858  -0.1260E+04
        2859  -0.1260E+04
        2860  -0.1260E+04
        2861  -0.1260E+04
        2862  -0.1260E+04
        2863  -0.1260E+04
        2864  -0.1260E+04
        2865  -0.1260E+04
        2866  -0.1260E+04
        2867  -0.1260E+04
        2868  -0.1260E+04
        2869  -0.1260E+04
        2870  -0.1260E+04
        2871  -0.1260E+04
        2872  -0.1260E+04
        2873  -0.1260E+04
        2874  -0.1260E+04
        2875  -0.1260E+04
        2876  -0.1260E+04
        2877  -0.1260E+04
        2878  -0.1260E+04
        2879  -0.1260E+04
        2880  -0.1260E+04
        2881  -0.1260E+04
        2882  -0.1260E+04
        2883  -0.1260E+04
        2884  -0.1260E+04
        2885  -0.1260E+04
        2886  -0.1260E+04
        2887  -0.1260E+04
        2888  -0.1260E+04
        2889  -0.1260E+04
        2890  -0.1260E+04
        2891  -0.1260E+04
        2892  -0.1260E+04
        2893  -0.1260E+04
        2894  -0.1260E+04
        2895  -0.1260E+04
        2896  -0.1260E+04
        2897  -0.1260E+04
        2898  -0.1260E+04
        2899  -0.1260E+04
        2900  -0.1260E+04
        2901  -0.1260E+04
        2902  -0.1260E+04
        2903  -0.1260E+04
        2904  -0.1260E+04
        2905  -0.1260E+04
        2906  -0.1260E+04
        2907  -0.1260E+04
        2908  -0.1260E+04
        2909  -0.1260E+04
        2910  -0.1260E+04
        2911  -0.1260E+04
        2912  -0.1260E+04
        2913  -0.1260E+04
        2914  -0.1260E+04
        2915  -0.1260E+04
        2916  -0.1260E+04
        2917  -0.1260E+04
        2918  -0.1260E+04
        2919  -0.1260E+04
        2920  -0.1260E+04
        2921  -0.1260E+04
        2922  -0.1260E+04
        2923  -0.1260E+04
        2924  -0.1260E+04
        2925  -0.1260E+04
        2926  -0.1260E+04
        2927  -0.1260E+04
        2928  -0.1260E+04
        2929  -0.1260E+04
        2930  -0.1260E+04
        2931  -0.1260E+04
        2932  -0.1260E+04
        2933  -0.1260E+04
        2934  -0.1260E+04
        2935  -0.1260E+04
        2936  -0.1260E+04
        2937  -0.1260E+04
        2938  -0.1260E+04
        2939  -0.1260E+04
        2940  -0.1260E+04
        2941  -0.1260E+04
        2942  -0.1260E+04
        2943  -0.1260E+04
        2944  -0.1260E+04
        2945  -0.1260E+04
        2946  -0.1260E+04
        2947  -0.1260E+04
        2948  -0.1260E+04
        2949  -0.1260E+04
        2950  -0.1260E+04
        2951  -0.1260E+04
        2952  -0.1260E+04
        2953  -0.1260E+04
        2954  -0.1260E+04
        2955  -0.1260E+04
        2956  -0.1260E+04
        2957  -0.1260E+04
        2958  -0.1260E+04
        2959  -0.1260E+04
        2960  -0.1260E+04
        2961  -0.1260E+04
        2962  -0.1260E+04
        2963  -0.1260E+04
        2964  -0.1260E+04
        2965  -0.1260E+04
        2966  -0.1260E+04
        2967  -0.1260E+04
        2968  -0.1260E+04
        2969  -0.1260E+04
        2970  -0.1260E+04
        2971  -0.1260E+04
        2972  -0.1260E+04
        2973  -0.1260E+04
        2974  -0.1260E+04
        2975  -0.1260E+04
        2976  -0.1260E+04
        2977  -0.1260E+04
        2978  -0.1260E+04
        2979  -0.1260E+04
        2980  -0.1260E+04
        2981  -0.1260E+04
        2982  -0.1260E+04
        2983  -0.1260E+04
        2984  -0.1260E+04
        2985  -0.1260E+04
        2986  -0.1260E+04
        2987  -0.1260E+04
        2988  -0.1260E+04
        2989  -0.1260E+04
        2990  -0.1260E+04
        2991  -0.1260E+04
        2992  -0.1260E+04
        2993  -0.1260E+04
        2994  -0.1260E+04
        2995  -0.1260E+04
        2996  -0.1260E+04
        2997  -0.1260E+04
        2998  -0.1260E+04
        2999  -0.1260E+04
        3000  -0.1260E+04
