        time        Uadim
  0.0000E+00  -0.1517E+04
  0.5000E-02  -0.1516E+04
  0.1000E-01  -0.1515E+04
  0.1500E-01  -0.1514E+04
  0.2000E-01  -0.1512E+04
  0.2500E-01  -0.1509E+04
  0.3000E-01  -0.1506E+04
  0.3500E-01  -0.1501E+04
  0.4000E-01  -0.1496E+04
  0.4500E-01  -0.1489E+04
  0.5000E-01  -0.1481E+04
  0.5500E-01  -0.1471E+04
  0.6000E-01  -0.1460E+04
  0.6500E-01  -0.1446E+04
  0.7000E-01  -0.1431E+04
  0.7500E-01  -0.1414E+04
  0.8000E-01  -0.1396E+04
  0.8500E-01  -0.1376E+04
  0.9000E-01  -0.1356E+04
  0.9500E-01  -0.1336E+04
  0.1000E+00  -0.1317E+04
  0.1050E+00  -0.1301E+04
  0.1100E+00  -0.1288E+04
  0.1150E+00  -0.1278E+04
  0.1200E+00  -0.1271E+04
  0.1250E+00  -0.1267E+04
  0.1300E+00  -0.1265E+04
  0.1350E+00  -0.1265E+04
  0.1400E+00  -0.1266E+04
  0.1450E+00  -0.1268E+04
  0.1500E+00  -0.1269E+04
  0.1550E+00  -0.1271E+04
  0.1600E+00  -0.1271E+04
  0.1650E+00  -0.1272E+04
  0.1700E+00  -0.1271E+04
  0.1750E+00  -0.1270E+04
  0.1800E+00  -0.1268E+04
  0.1850E+00  -0.1266E+04
  0.1900E+00  -0.1264E+04
  0.1950E+00  -0.1263E+04
  0.2000E+00  -0.1261E+04
  0.2050E+00  -0.1259E+04
  0.2100E+00  -0.1258E+04
  0.2150E+00  -0.1257E+04
  0.2200E+00  -0.1257E+04
  0.2250E+00  -0.1256E+04
  0.2300E+00  -0.1257E+04
  0.2350E+00  -0.1258E+04
  0.2400E+00  -0.1259E+04
  0.2450E+00  -0.1261E+04
  0.2500E+00  -0.1263E+04
  0.2550E+00  -0.1266E+04
  0.2600E+00  -0.1269E+04
  0.2650E+00  -0.1272E+04
  0.2700E+00  -0.1275E+04
  0.2750E+00  -0.1278E+04
  0.2800E+00  -0.1280E+04
  0.2850E+00  -0.1281E+04
  0.2900E+00  -0.1283E+04
  0.2950E+00  -0.1283E+04
  0.3000E+00  -0.1283E+04
  0.3050E+00  -0.1283E+04
  0.3100E+00  -0.1282E+04
  0.3150E+00  -0.1281E+04
  0.3200E+00  -0.1280E+04
  0.3250E+00  -0.1278E+04
  0.3300E+00  -0.1277E+04
  0.3350E+00  -0.1275E+04
  0.3400E+00  -0.1274E+04
  0.3450E+00  -0.1273E+04
  0.3500E+00  -0.1272E+04
  0.3550E+00  -0.1272E+04
  0.3600E+00  -0.1271E+04
  0.3650E+00  -0.1270E+04
  0.3700E+00  -0.1269E+04
  0.3750E+00  -0.1267E+04
  0.3800E+00  -0.1265E+04
  0.3850E+00  -0.1263E+04
  0.3900E+00  -0.1261E+04
  0.3950E+00  -0.1259E+04
  0.4000E+00  -0.1258E+04
  0.4050E+00  -0.1257E+04
  0.4100E+00  -0.1257E+04
  0.4150E+00  -0.1258E+04
  0.4200E+00  -0.1259E+04
  0.4250E+00  -0.1260E+04
  0.4300E+00  -0.1261E+04
  0.4350E+00  -0.1262E+04
  0.4400E+00  -0.1262E+04
  0.4450E+00  -0.1263E+04
  0.4500E+00  -0.1263E+04
  0.4550E+00  -0.1263E+04
  0.4600E+00  -0.1263E+04
  0.4650E+00  -0.1263E+04
  0.4700E+00  -0.1265E+04
  0.4750E+00  -0.1267E+04
  0.4800E+00  -0.1269E+04
  0.4850E+00  -0.1271E+04
  0.4900E+00  -0.1272E+04
  0.4950E+00  -0.1273E+04
  0.5000E+00  -0.1272E+04
  0.5050E+00  -0.1271E+04
  0.5100E+00  -0.1269E+04
  0.5150E+00  -0.1266E+04
  0.5200E+00  -0.1263E+04
  0.5250E+00  -0.1260E+04
  0.5300E+00  -0.1258E+04
  0.5350E+00  -0.1257E+04
  0.5400E+00  -0.1256E+04
  0.5450E+00  -0.1256E+04
  0.5500E+00  -0.1257E+04
  0.5550E+00  -0.1258E+04
  0.5600E+00  -0.1259E+04
  0.5650E+00  -0.1260E+04
  0.5700E+00  -0.1261E+04
  0.5750E+00  -0.1261E+04
  0.5800E+00  -0.1260E+04
  0.5850E+00  -0.1257E+04
  0.5900E+00  -0.1254E+04
  0.5950E+00  -0.1251E+04
  0.6000E+00  -0.1247E+04
  0.6050E+00  -0.1243E+04
  0.6100E+00  -0.1241E+04
  0.6150E+00  -0.1239E+04
  0.6200E+00  -0.1239E+04
  0.6250E+00  -0.1239E+04
  0.6300E+00  -0.1240E+04
  0.6350E+00  -0.1241E+04
  0.6400E+00  -0.1242E+04
  0.6450E+00  -0.1243E+04
  0.6500E+00  -0.1244E+04
  0.6550E+00  -0.1244E+04
  0.6600E+00  -0.1244E+04
  0.6650E+00  -0.1244E+04
  0.6700E+00  -0.1243E+04
  0.6750E+00  -0.1242E+04
  0.6800E+00  -0.1241E+04
  0.6850E+00  -0.1240E+04
  0.6900E+00  -0.1240E+04
  0.6950E+00  -0.1240E+04
  0.7000E+00  -0.1240E+04
  0.7050E+00  -0.1241E+04
  0.7100E+00  -0.1242E+04
  0.7150E+00  -0.1245E+04
  0.7200E+00  -0.1248E+04
  0.7250E+00  -0.1252E+04
  0.7300E+00  -0.1255E+04
  0.7350E+00  -0.1259E+04
  0.7400E+00  -0.1262E+04
  0.7450E+00  -0.1265E+04
  0.7500E+00  -0.1267E+04
  0.7550E+00  -0.1268E+04
  0.7600E+00  -0.1269E+04
  0.7650E+00  -0.1269E+04
  0.7700E+00  -0.1269E+04
  0.7750E+00  -0.1268E+04
  0.7800E+00  -0.1267E+04
  0.7850E+00  -0.1266E+04
  0.7900E+00  -0.1265E+04
  0.7950E+00  -0.1265E+04
  0.8000E+00  -0.1266E+04
  0.8050E+00  -0.1267E+04
  0.8100E+00  -0.1269E+04
  0.8150E+00  -0.1272E+04
  0.8200E+00  -0.1274E+04
  0.8250E+00  -0.1277E+04
  0.8300E+00  -0.1279E+04
  0.8350E+00  -0.1281E+04
  0.8400E+00  -0.1282E+04
  0.8450E+00  -0.1282E+04
  0.8500E+00  -0.1281E+04
  0.8550E+00  -0.1279E+04
  0.8600E+00  -0.1277E+04
  0.8650E+00  -0.1274E+04
  0.8700E+00  -0.1271E+04
  0.8750E+00  -0.1269E+04
  0.8800E+00  -0.1268E+04
  0.8850E+00  -0.1267E+04
  0.8900E+00  -0.1266E+04
  0.8950E+00  -0.1266E+04
  0.9000E+00  -0.1266E+04
  0.9050E+00  -0.1266E+04
  0.9100E+00  -0.1265E+04
  0.9150E+00  -0.1264E+04
  0.9200E+00  -0.1262E+04
  0.9250E+00  -0.1260E+04
  0.9300E+00  -0.1258E+04
  0.9350E+00  -0.1257E+04
  0.9400E+00  -0.1257E+04
  0.9450E+00  -0.1258E+04
  0.9500E+00  -0.1259E+04
  0.9550E+00  -0.1261E+04
  0.9600E+00  -0.1262E+04
  0.9650E+00  -0.1262E+04
  0.9700E+00  -0.1261E+04
  0.9750E+00  -0.1260E+04
  0.9800E+00  -0.1258E+04
  0.9850E+00  -0.1256E+04
  0.9900E+00  -0.1253E+04
  0.9950E+00  -0.1251E+04
  0.1000E+01  -0.1249E+04
  0.1005E+01  -0.1248E+04
  0.1010E+01  -0.1247E+04
  0.1015E+01  -0.1247E+04
  0.1020E+01  -0.1248E+04
  0.1025E+01  -0.1250E+04
  0.1030E+01  -0.1252E+04
  0.1035E+01  -0.1254E+04
  0.1040E+01  -0.1256E+04
  0.1045E+01  -0.1257E+04
  0.1050E+01  -0.1259E+04
  0.1055E+01  -0.1260E+04
  0.1060E+01  -0.1261E+04
  0.1065E+01  -0.1262E+04
  0.1070E+01  -0.1262E+04
  0.1075E+01  -0.1263E+04
  0.1080E+01  -0.1263E+04
  0.1085E+01  -0.1263E+04
  0.1090E+01  -0.1263E+04
  0.1095E+01  -0.1263E+04
  0.1100E+01  -0.1263E+04
  0.1105E+01  -0.1264E+04
  0.1110E+01  -0.1264E+04
  0.1115E+01  -0.1264E+04
  0.1120E+01  -0.1264E+04
  0.1125E+01  -0.1263E+04
  0.1130E+01  -0.1262E+04
  0.1135E+01  -0.1261E+04
  0.1140E+01  -0.1261E+04
  0.1145E+01  -0.1261E+04
  0.1150E+01  -0.1261E+04
  0.1155E+01  -0.1261E+04
  0.1160E+01  -0.1262E+04
  0.1165E+01  -0.1262E+04
  0.1170E+01  -0.1263E+04
  0.1175E+01  -0.1263E+04
  0.1180E+01  -0.1264E+04
  0.1185E+01  -0.1265E+04
  0.1190E+01  -0.1266E+04
  0.1195E+01  -0.1267E+04
  0.1200E+01  -0.1267E+04
  0.1205E+01  -0.1268E+04
  0.1210E+01  -0.1268E+04
  0.1215E+01  -0.1269E+04
  0.1220E+01  -0.1269E+04
  0.1225E+01  -0.1269E+04
  0.1230E+01  -0.1270E+04
  0.1235E+01  -0.1271E+04
  0.1240E+01  -0.1273E+04
  0.1245E+01  -0.1275E+04
  0.1250E+01  -0.1278E+04
  0.1255E+01  -0.1281E+04
  0.1260E+01  -0.1283E+04
  0.1265E+01  -0.1285E+04
  0.1270E+01  -0.1287E+04
  0.1275E+01  -0.1288E+04
  0.1280E+01  -0.1289E+04
  0.1285E+01  -0.1289E+04
  0.1290E+01  -0.1290E+04
  0.1295E+01  -0.1290E+04
  0.1300E+01  -0.1291E+04
  0.1305E+01  -0.1291E+04
  0.1310E+01  -0.1292E+04
  0.1315E+01  -0.1292E+04
  0.1320E+01  -0.1293E+04
  0.1325E+01  -0.1293E+04
  0.1330E+01  -0.1293E+04
  0.1335E+01  -0.1293E+04
  0.1340E+01  -0.1293E+04
  0.1345E+01  -0.1292E+04
  0.1350E+01  -0.1292E+04
  0.1355E+01  -0.1290E+04
  0.1360E+01  -0.1289E+04
  0.1365E+01  -0.1287E+04
  0.1370E+01  -0.1285E+04
  0.1375E+01  -0.1283E+04
  0.1380E+01  -0.1281E+04
  0.1385E+01  -0.1280E+04
  0.1390E+01  -0.1279E+04
  0.1395E+01  -0.1278E+04
  0.1400E+01  -0.1276E+04
  0.1405E+01  -0.1275E+04
  0.1410E+01  -0.1274E+04
  0.1415E+01  -0.1273E+04
  0.1420E+01  -0.1272E+04
  0.1425E+01  -0.1271E+04
  0.1430E+01  -0.1269E+04
  0.1435E+01  -0.1267E+04
  0.1440E+01  -0.1266E+04
  0.1445E+01  -0.1265E+04
  0.1450E+01  -0.1264E+04
  0.1455E+01  -0.1264E+04
  0.1460E+01  -0.1264E+04
  0.1465E+01  -0.1265E+04
  0.1470E+01  -0.1266E+04
  0.1475E+01  -0.1268E+04
  0.1480E+01  -0.1269E+04
  0.1485E+01  -0.1270E+04
  0.1490E+01  -0.1271E+04
  0.1495E+01  -0.1272E+04
  0.1500E+01  -0.1273E+04
  0.1505E+01  -0.1274E+04
  0.1510E+01  -0.1274E+04
  0.1515E+01  -0.1275E+04
  0.1520E+01  -0.1275E+04
  0.1525E+01  -0.1275E+04
  0.1530E+01  -0.1275E+04
  0.1535E+01  -0.1275E+04
  0.1540E+01  -0.1275E+04
  0.1545E+01  -0.1275E+04
  0.1550E+01  -0.1275E+04
  0.1555E+01  -0.1275E+04
  0.1560E+01  -0.1276E+04
  0.1565E+01  -0.1276E+04
  0.1570E+01  -0.1277E+04
  0.1575E+01  -0.1278E+04
  0.1580E+01  -0.1278E+04
  0.1585E+01  -0.1277E+04
  0.1590E+01  -0.1276E+04
  0.1595E+01  -0.1274E+04
  0.1600E+01  -0.1272E+04
  0.1605E+01  -0.1270E+04
  0.1610E+01  -0.1268E+04
  0.1615E+01  -0.1267E+04
  0.1620E+01  -0.1265E+04
  0.1625E+01  -0.1264E+04
  0.1630E+01  -0.1263E+04
  0.1635E+01  -0.1262E+04
  0.1640E+01  -0.1261E+04
  0.1645E+01  -0.1260E+04
  0.1650E+01  -0.1258E+04
  0.1655E+01  -0.1257E+04
  0.1660E+01  -0.1256E+04
  0.1665E+01  -0.1254E+04
  0.1670E+01  -0.1253E+04
  0.1675E+01  -0.1252E+04
  0.1680E+01  -0.1251E+04
  0.1685E+01  -0.1251E+04
  0.1690E+01  -0.1252E+04
  0.1695E+01  -0.1253E+04
  0.1700E+01  -0.1255E+04
  0.1705E+01  -0.1257E+04
  0.1710E+01  -0.1258E+04
  0.1715E+01  -0.1259E+04
  0.1720E+01  -0.1259E+04
  0.1725E+01  -0.1259E+04
  0.1730E+01  -0.1258E+04
  0.1735E+01  -0.1256E+04
  0.1740E+01  -0.1255E+04
  0.1745E+01  -0.1253E+04
  0.1750E+01  -0.1252E+04
  0.1755E+01  -0.1250E+04
  0.1760E+01  -0.1248E+04
  0.1765E+01  -0.1246E+04
  0.1770E+01  -0.1245E+04
  0.1775E+01  -0.1244E+04
  0.1780E+01  -0.1244E+04
  0.1785E+01  -0.1245E+04
  0.1790E+01  -0.1247E+04
  0.1795E+01  -0.1249E+04
  0.1800E+01  -0.1253E+04
  0.1805E+01  -0.1257E+04
  0.1810E+01  -0.1261E+04
  0.1815E+01  -0.1264E+04
  0.1820E+01  -0.1267E+04
  0.1825E+01  -0.1268E+04
  0.1830E+01  -0.1269E+04
  0.1835E+01  -0.1269E+04
  0.1840E+01  -0.1269E+04
  0.1845E+01  -0.1268E+04
  0.1850E+01  -0.1267E+04
  0.1855E+01  -0.1266E+04
  0.1860E+01  -0.1265E+04
  0.1865E+01  -0.1264E+04
  0.1870E+01  -0.1263E+04
  0.1875E+01  -0.1261E+04
  0.1880E+01  -0.1260E+04
  0.1885E+01  -0.1259E+04
  0.1890E+01  -0.1259E+04
  0.1895E+01  -0.1259E+04
  0.1900E+01  -0.1260E+04
  0.1905E+01  -0.1261E+04
  0.1910E+01  -0.1262E+04
  0.1915E+01  -0.1263E+04
  0.1920E+01  -0.1264E+04
  0.1925E+01  -0.1266E+04
  0.1930E+01  -0.1267E+04
  0.1935E+01  -0.1269E+04
  0.1940E+01  -0.1270E+04
  0.1945E+01  -0.1272E+04
  0.1950E+01  -0.1273E+04
  0.1955E+01  -0.1275E+04
  0.1960E+01  -0.1276E+04
  0.1965E+01  -0.1277E+04
  0.1970E+01  -0.1278E+04
  0.1975E+01  -0.1277E+04
  0.1980E+01  -0.1276E+04
  0.1985E+01  -0.1273E+04
  0.1990E+01  -0.1270E+04
  0.1995E+01  -0.1267E+04
  0.2000E+01  -0.1264E+04
  0.2005E+01  -0.1261E+04
  0.2010E+01  -0.1259E+04
  0.2015E+01  -0.1258E+04
  0.2020E+01  -0.1259E+04
  0.2025E+01  -0.1260E+04
  0.2030E+01  -0.1262E+04
  0.2035E+01  -0.1264E+04
  0.2040E+01  -0.1266E+04
  0.2045E+01  -0.1268E+04
  0.2050E+01  -0.1270E+04
  0.2055E+01  -0.1271E+04
  0.2060E+01  -0.1271E+04
  0.2065E+01  -0.1270E+04
  0.2070E+01  -0.1269E+04
  0.2075E+01  -0.1268E+04
  0.2080E+01  -0.1266E+04
  0.2085E+01  -0.1264E+04
  0.2090E+01  -0.1262E+04
  0.2095E+01  -0.1261E+04
  0.2100E+01  -0.1261E+04
  0.2105E+01  -0.1261E+04
  0.2110E+01  -0.1261E+04
  0.2115E+01  -0.1262E+04
  0.2120E+01  -0.1263E+04
  0.2125E+01  -0.1263E+04
  0.2130E+01  -0.1263E+04
  0.2135E+01  -0.1263E+04
  0.2140E+01  -0.1262E+04
  0.2145E+01  -0.1260E+04
  0.2150E+01  -0.1257E+04
  0.2155E+01  -0.1254E+04
  0.2160E+01  -0.1251E+04
  0.2165E+01  -0.1248E+04
  0.2170E+01  -0.1245E+04
  0.2175E+01  -0.1243E+04
  0.2180E+01  -0.1241E+04
  0.2185E+01  -0.1240E+04
  0.2190E+01  -0.1240E+04
  0.2195E+01  -0.1239E+04
  0.2200E+01  -0.1239E+04
  0.2205E+01  -0.1239E+04
  0.2210E+01  -0.1240E+04
  0.2215E+01  -0.1240E+04
  0.2220E+01  -0.1242E+04
  0.2225E+01  -0.1243E+04
  0.2230E+01  -0.1245E+04
  0.2235E+01  -0.1247E+04
  0.2240E+01  -0.1249E+04
  0.2245E+01  -0.1251E+04
  0.2250E+01  -0.1252E+04
  0.2255E+01  -0.1253E+04
  0.2260E+01  -0.1253E+04
  0.2265E+01  -0.1253E+04
  0.2270E+01  -0.1252E+04
  0.2275E+01  -0.1250E+04
  0.2280E+01  -0.1249E+04
  0.2285E+01  -0.1248E+04
  0.2290E+01  -0.1248E+04
  0.2295E+01  -0.1248E+04
  0.2300E+01  -0.1249E+04
  0.2305E+01  -0.1250E+04
  0.2310E+01  -0.1251E+04
  0.2315E+01  -0.1253E+04
  0.2320E+01  -0.1255E+04
  0.2325E+01  -0.1257E+04
  0.2330E+01  -0.1259E+04
  0.2335E+01  -0.1261E+04
  0.2340E+01  -0.1263E+04
  0.2345E+01  -0.1265E+04
  0.2350E+01  -0.1267E+04
  0.2355E+01  -0.1269E+04
  0.2360E+01  -0.1270E+04
  0.2365E+01  -0.1271E+04
  0.2370E+01  -0.1271E+04
  0.2375E+01  -0.1272E+04
  0.2380E+01  -0.1271E+04
  0.2385E+01  -0.1271E+04
  0.2390E+01  -0.1270E+04
  0.2395E+01  -0.1268E+04
  0.2400E+01  -0.1266E+04
  0.2405E+01  -0.1264E+04
  0.2410E+01  -0.1263E+04
  0.2415E+01  -0.1261E+04
  0.2420E+01  -0.1260E+04
  0.2425E+01  -0.1259E+04
  0.2430E+01  -0.1259E+04
  0.2435E+01  -0.1258E+04
  0.2440E+01  -0.1258E+04
  0.2445E+01  -0.1258E+04
  0.2450E+01  -0.1259E+04
  0.2455E+01  -0.1261E+04
  0.2460E+01  -0.1264E+04
  0.2465E+01  -0.1266E+04
  0.2470E+01  -0.1269E+04
  0.2475E+01  -0.1271E+04
  0.2480E+01  -0.1272E+04
  0.2485E+01  -0.1273E+04
  0.2490E+01  -0.1272E+04
  0.2495E+01  -0.1271E+04
  0.2500E+01  -0.1270E+04
  0.2505E+01  -0.1268E+04
  0.2510E+01  -0.1267E+04
  0.2515E+01  -0.1266E+04
  0.2520E+01  -0.1265E+04
  0.2525E+01  -0.1265E+04
  0.2530E+01  -0.1264E+04
  0.2535E+01  -0.1264E+04
  0.2540E+01  -0.1264E+04
  0.2545E+01  -0.1264E+04
  0.2550E+01  -0.1264E+04
  0.2555E+01  -0.1263E+04
  0.2560E+01  -0.1263E+04
  0.2565E+01  -0.1262E+04
  0.2570E+01  -0.1262E+04
  0.2575E+01  -0.1261E+04
  0.2580E+01  -0.1260E+04
  0.2585E+01  -0.1259E+04
  0.2590E+01  -0.1257E+04
  0.2595E+01  -0.1255E+04
  0.2600E+01  -0.1253E+04
  0.2605E+01  -0.1251E+04
  0.2610E+01  -0.1249E+04
  0.2615E+01  -0.1249E+04
  0.2620E+01  -0.1249E+04
  0.2625E+01  -0.1250E+04
  0.2630E+01  -0.1253E+04
  0.2635E+01  -0.1256E+04
  0.2640E+01  -0.1259E+04
  0.2645E+01  -0.1263E+04
  0.2650E+01  -0.1266E+04
  0.2655E+01  -0.1268E+04
  0.2660E+01  -0.1270E+04
  0.2665E+01  -0.1271E+04
  0.2670E+01  -0.1271E+04
  0.2675E+01  -0.1271E+04
  0.2680E+01  -0.1269E+04
  0.2685E+01  -0.1267E+04
  0.2690E+01  -0.1265E+04
  0.2695E+01  -0.1262E+04
  0.2700E+01  -0.1261E+04
  0.2705E+01  -0.1260E+04
  0.2710E+01  -0.1260E+04
  0.2715E+01  -0.1261E+04
  0.2720E+01  -0.1264E+04
  0.2725E+01  -0.1267E+04
  0.2730E+01  -0.1270E+04
  0.2735E+01  -0.1274E+04
  0.2740E+01  -0.1277E+04
  0.2745E+01  -0.1281E+04
  0.2750E+01  -0.1284E+04
  0.2755E+01  -0.1286E+04
  0.2760E+01  -0.1288E+04
  0.2765E+01  -0.1290E+04
  0.2770E+01  -0.1291E+04
  0.2775E+01  -0.1291E+04
  0.2780E+01  -0.1290E+04
  0.2785E+01  -0.1289E+04
  0.2790E+01  -0.1287E+04
  0.2795E+01  -0.1285E+04
  0.2800E+01  -0.1282E+04
  0.2805E+01  -0.1280E+04
  0.2810E+01  -0.1277E+04
  0.2815E+01  -0.1275E+04
  0.2820E+01  -0.1274E+04
  0.2825E+01  -0.1272E+04
  0.2830E+01  -0.1271E+04
  0.2835E+01  -0.1270E+04
  0.2840E+01  -0.1270E+04
  0.2845E+01  -0.1269E+04
  0.2850E+01  -0.1268E+04
  0.2855E+01  -0.1267E+04
  0.2860E+01  -0.1267E+04
  0.2865E+01  -0.1266E+04
  0.2870E+01  -0.1266E+04
  0.2875E+01  -0.1265E+04
  0.2880E+01  -0.1265E+04
  0.2885E+01  -0.1265E+04
  0.2890E+01  -0.1265E+04
  0.2895E+01  -0.1265E+04
  0.2900E+01  -0.1266E+04
  0.2905E+01  -0.1266E+04
  0.2910E+01  -0.1267E+04
  0.2915E+01  -0.1267E+04
  0.2920E+01  -0.1266E+04
  0.2925E+01  -0.1266E+04
  0.2930E+01  -0.1264E+04
  0.2935E+01  -0.1263E+04
  0.2940E+01  -0.1260E+04
  0.2945E+01  -0.1258E+04
  0.2950E+01  -0.1256E+04
  0.2955E+01  -0.1254E+04
  0.2960E+01  -0.1253E+04
  0.2965E+01  -0.1252E+04
  0.2970E+01  -0.1251E+04
  0.2975E+01  -0.1251E+04
  0.2980E+01  -0.1250E+04
  0.2985E+01  -0.1250E+04
  0.2990E+01  -0.1250E+04
  0.2995E+01  -0.1250E+04
  0.3000E+01  -0.1249E+04
  0.3005E+01  -0.1250E+04
  0.3010E+01  -0.1250E+04
  0.3015E+01  -0.1251E+04
  0.3020E+01  -0.1252E+04
  0.3025E+01  -0.1253E+04
  0.3030E+01  -0.1254E+04
  0.3035E+01  -0.1256E+04
  0.3040E+01  -0.1258E+04
  0.3045E+01  -0.1260E+04
  0.3050E+01  -0.1262E+04
  0.3055E+01  -0.1264E+04
  0.3060E+01  -0.1266E+04
  0.3065E+01  -0.1267E+04
  0.3070E+01  -0.1268E+04
  0.3075E+01  -0.1268E+04
  0.3080E+01  -0.1269E+04
  0.3085E+01  -0.1269E+04
  0.3090E+01  -0.1269E+04
  0.3095E+01  -0.1269E+04
  0.3100E+01  -0.1268E+04
  0.3105E+01  -0.1267E+04
  0.3110E+01  -0.1267E+04
  0.3115E+01  -0.1266E+04
  0.3120E+01  -0.1266E+04
  0.3125E+01  -0.1266E+04
  0.3130E+01  -0.1266E+04
  0.3135E+01  -0.1265E+04
  0.3140E+01  -0.1264E+04
  0.3145E+01  -0.1263E+04
  0.3150E+01  -0.1260E+04
  0.3155E+01  -0.1258E+04
  0.3160E+01  -0.1255E+04
  0.3165E+01  -0.1252E+04
  0.3170E+01  -0.1250E+04
  0.3175E+01  -0.1248E+04
  0.3180E+01  -0.1247E+04
  0.3185E+01  -0.1246E+04
  0.3190E+01  -0.1246E+04
  0.3195E+01  -0.1247E+04
  0.3200E+01  -0.1247E+04
  0.3205E+01  -0.1248E+04
  0.3210E+01  -0.1249E+04
  0.3215E+01  -0.1249E+04
  0.3220E+01  -0.1250E+04
  0.3225E+01  -0.1250E+04
  0.3230E+01  -0.1251E+04
  0.3235E+01  -0.1251E+04
  0.3240E+01  -0.1252E+04
  0.3245E+01  -0.1252E+04
  0.3250E+01  -0.1252E+04
  0.3255E+01  -0.1252E+04
  0.3260E+01  -0.1252E+04
  0.3265E+01  -0.1251E+04
  0.3270E+01  -0.1251E+04
  0.3275E+01  -0.1250E+04
  0.3280E+01  -0.1249E+04
  0.3285E+01  -0.1249E+04
  0.3290E+01  -0.1248E+04
  0.3295E+01  -0.1248E+04
  0.3300E+01  -0.1247E+04
  0.3305E+01  -0.1247E+04
  0.3310E+01  -0.1247E+04
  0.3315E+01  -0.1248E+04
  0.3320E+01  -0.1248E+04
  0.3325E+01  -0.1248E+04
  0.3330E+01  -0.1249E+04
  0.3335E+01  -0.1250E+04
  0.3340E+01  -0.1251E+04
  0.3345E+01  -0.1251E+04
  0.3350E+01  -0.1252E+04
  0.3355E+01  -0.1253E+04
  0.3360E+01  -0.1253E+04
  0.3365E+01  -0.1254E+04
  0.3370E+01  -0.1256E+04
  0.3375E+01  -0.1257E+04
  0.3380E+01  -0.1259E+04
  0.3385E+01  -0.1260E+04
  0.3390E+01  -0.1262E+04
  0.3395E+01  -0.1263E+04
  0.3400E+01  -0.1264E+04
  0.3405E+01  -0.1265E+04
  0.3410E+01  -0.1266E+04
  0.3415E+01  -0.1266E+04
  0.3420E+01  -0.1265E+04
  0.3425E+01  -0.1264E+04
  0.3430E+01  -0.1264E+04
  0.3435E+01  -0.1263E+04
  0.3440E+01  -0.1262E+04
  0.3445E+01  -0.1262E+04
  0.3450E+01  -0.1262E+04
  0.3455E+01  -0.1262E+04
  0.3460E+01  -0.1263E+04
  0.3465E+01  -0.1263E+04
  0.3470E+01  -0.1264E+04
  0.3475E+01  -0.1265E+04
  0.3480E+01  -0.1266E+04
  0.3485E+01  -0.1266E+04
  0.3490E+01  -0.1267E+04
  0.3495E+01  -0.1268E+04
  0.3500E+01  -0.1268E+04
  0.3505E+01  -0.1268E+04
  0.3510E+01  -0.1268E+04
  0.3515E+01  -0.1268E+04
  0.3520E+01  -0.1268E+04
  0.3525E+01  -0.1267E+04
  0.3530E+01  -0.1266E+04
  0.3535E+01  -0.1265E+04
  0.3540E+01  -0.1263E+04
  0.3545E+01  -0.1260E+04
  0.3550E+01  -0.1258E+04
  0.3555E+01  -0.1256E+04
  0.3560E+01  -0.1254E+04
  0.3565E+01  -0.1252E+04
  0.3570E+01  -0.1251E+04
  0.3575E+01  -0.1250E+04
  0.3580E+01  -0.1250E+04
  0.3585E+01  -0.1250E+04
  0.3590E+01  -0.1251E+04
  0.3595E+01  -0.1252E+04
  0.3600E+01  -0.1253E+04
  0.3605E+01  -0.1255E+04
  0.3610E+01  -0.1257E+04
  0.3615E+01  -0.1258E+04
  0.3620E+01  -0.1259E+04
  0.3625E+01  -0.1259E+04
  0.3630E+01  -0.1259E+04
  0.3635E+01  -0.1257E+04
  0.3640E+01  -0.1256E+04
  0.3645E+01  -0.1254E+04
  0.3650E+01  -0.1252E+04
  0.3655E+01  -0.1250E+04
  0.3660E+01  -0.1248E+04
  0.3665E+01  -0.1246E+04
  0.3670E+01  -0.1245E+04
  0.3675E+01  -0.1245E+04
  0.3680E+01  -0.1244E+04
  0.3685E+01  -0.1244E+04
  0.3690E+01  -0.1244E+04
  0.3695E+01  -0.1244E+04
  0.3700E+01  -0.1244E+04
  0.3705E+01  -0.1244E+04
  0.3710E+01  -0.1243E+04
  0.3715E+01  -0.1243E+04
  0.3720E+01  -0.1241E+04
  0.3725E+01  -0.1240E+04
  0.3730E+01  -0.1238E+04
  0.3735E+01  -0.1237E+04
  0.3740E+01  -0.1235E+04
  0.3745E+01  -0.1234E+04
  0.3750E+01  -0.1234E+04
  0.3755E+01  -0.1233E+04
  0.3760E+01  -0.1233E+04
  0.3765E+01  -0.1233E+04
  0.3770E+01  -0.1232E+04
  0.3775E+01  -0.1232E+04
  0.3780E+01  -0.1230E+04
  0.3785E+01  -0.1229E+04
  0.3790E+01  -0.1228E+04
  0.3795E+01  -0.1227E+04
  0.3800E+01  -0.1227E+04
  0.3805E+01  -0.1228E+04
  0.3810E+01  -0.1230E+04
  0.3815E+01  -0.1234E+04
  0.3820E+01  -0.1238E+04
  0.3825E+01  -0.1242E+04
  0.3830E+01  -0.1246E+04
  0.3835E+01  -0.1250E+04
  0.3840E+01  -0.1253E+04
  0.3845E+01  -0.1255E+04
  0.3850E+01  -0.1257E+04
  0.3855E+01  -0.1257E+04
  0.3860E+01  -0.1258E+04
  0.3865E+01  -0.1257E+04
  0.3870E+01  -0.1257E+04
  0.3875E+01  -0.1256E+04
  0.3880E+01  -0.1255E+04
  0.3885E+01  -0.1254E+04
  0.3890E+01  -0.1254E+04
  0.3895E+01  -0.1254E+04
  0.3900E+01  -0.1254E+04
  0.3905E+01  -0.1254E+04
  0.3910E+01  -0.1255E+04
  0.3915E+01  -0.1255E+04
  0.3920E+01  -0.1256E+04
  0.3925E+01  -0.1256E+04
  0.3930E+01  -0.1257E+04
  0.3935E+01  -0.1257E+04
  0.3940E+01  -0.1258E+04
  0.3945E+01  -0.1258E+04
  0.3950E+01  -0.1259E+04
  0.3955E+01  -0.1259E+04
  0.3960E+01  -0.1260E+04
  0.3965E+01  -0.1262E+04
  0.3970E+01  -0.1263E+04
  0.3975E+01  -0.1265E+04
  0.3980E+01  -0.1267E+04
  0.3985E+01  -0.1269E+04
  0.3990E+01  -0.1271E+04
  0.3995E+01  -0.1271E+04
  0.4000E+01  -0.1272E+04
  0.4005E+01  -0.1271E+04
  0.4010E+01  -0.1270E+04
  0.4015E+01  -0.1269E+04
  0.4020E+01  -0.1267E+04
  0.4025E+01  -0.1264E+04
  0.4030E+01  -0.1261E+04
  0.4035E+01  -0.1258E+04
  0.4040E+01  -0.1255E+04
  0.4045E+01  -0.1251E+04
  0.4050E+01  -0.1248E+04
  0.4055E+01  -0.1245E+04
  0.4060E+01  -0.1243E+04
  0.4065E+01  -0.1241E+04
  0.4070E+01  -0.1241E+04
  0.4075E+01  -0.1241E+04
  0.4080E+01  -0.1242E+04
  0.4085E+01  -0.1244E+04
  0.4090E+01  -0.1246E+04
  0.4095E+01  -0.1248E+04
  0.4100E+01  -0.1251E+04
  0.4105E+01  -0.1254E+04
  0.4110E+01  -0.1257E+04
  0.4115E+01  -0.1261E+04
  0.4120E+01  -0.1264E+04
  0.4125E+01  -0.1268E+04
  0.4130E+01  -0.1271E+04
  0.4135E+01  -0.1273E+04
  0.4140E+01  -0.1274E+04
  0.4145E+01  -0.1276E+04
  0.4150E+01  -0.1276E+04
  0.4155E+01  -0.1276E+04
  0.4160E+01  -0.1275E+04
  0.4165E+01  -0.1274E+04
  0.4170E+01  -0.1273E+04
  0.4175E+01  -0.1270E+04
  0.4180E+01  -0.1267E+04
  0.4185E+01  -0.1264E+04
  0.4190E+01  -0.1260E+04
  0.4195E+01  -0.1256E+04
  0.4200E+01  -0.1252E+04
  0.4205E+01  -0.1249E+04
  0.4210E+01  -0.1246E+04
  0.4215E+01  -0.1243E+04
  0.4220E+01  -0.1240E+04
  0.4225E+01  -0.1238E+04
  0.4230E+01  -0.1237E+04
  0.4235E+01  -0.1235E+04
  0.4240E+01  -0.1234E+04
  0.4245E+01  -0.1233E+04
  0.4250E+01  -0.1233E+04
  0.4255E+01  -0.1233E+04
  0.4260E+01  -0.1234E+04
  0.4265E+01  -0.1235E+04
  0.4270E+01  -0.1237E+04
  0.4275E+01  -0.1238E+04
  0.4280E+01  -0.1240E+04
  0.4285E+01  -0.1241E+04
  0.4290E+01  -0.1242E+04
  0.4295E+01  -0.1242E+04
  0.4300E+01  -0.1243E+04
  0.4305E+01  -0.1243E+04
  0.4310E+01  -0.1243E+04
  0.4315E+01  -0.1244E+04
  0.4320E+01  -0.1244E+04
  0.4325E+01  -0.1245E+04
  0.4330E+01  -0.1246E+04
  0.4335E+01  -0.1248E+04
  0.4340E+01  -0.1249E+04
  0.4345E+01  -0.1250E+04
  0.4350E+01  -0.1251E+04
  0.4355E+01  -0.1251E+04
  0.4360E+01  -0.1251E+04
  0.4365E+01  -0.1250E+04
  0.4370E+01  -0.1250E+04
  0.4375E+01  -0.1250E+04
  0.4380E+01  -0.1250E+04
  0.4385E+01  -0.1251E+04
  0.4390E+01  -0.1253E+04
  0.4395E+01  -0.1256E+04
  0.4400E+01  -0.1259E+04
  0.4405E+01  -0.1264E+04
  0.4410E+01  -0.1268E+04
  0.4415E+01  -0.1273E+04
  0.4420E+01  -0.1278E+04
  0.4425E+01  -0.1282E+04
  0.4430E+01  -0.1286E+04
  0.4435E+01  -0.1288E+04
  0.4440E+01  -0.1290E+04
  0.4445E+01  -0.1290E+04
  0.4450E+01  -0.1290E+04
  0.4455E+01  -0.1289E+04
  0.4460E+01  -0.1286E+04
  0.4465E+01  -0.1283E+04
  0.4470E+01  -0.1280E+04
  0.4475E+01  -0.1277E+04
  0.4480E+01  -0.1275E+04
  0.4485E+01  -0.1273E+04
  0.4490E+01  -0.1272E+04
  0.4495E+01  -0.1272E+04
  0.4500E+01  -0.1273E+04
  0.4505E+01  -0.1275E+04
  0.4510E+01  -0.1276E+04
  0.4515E+01  -0.1278E+04
  0.4520E+01  -0.1279E+04
  0.4525E+01  -0.1280E+04
  0.4530E+01  -0.1280E+04
  0.4535E+01  -0.1279E+04
  0.4540E+01  -0.1278E+04
  0.4545E+01  -0.1276E+04
  0.4550E+01  -0.1273E+04
  0.4555E+01  -0.1271E+04
  0.4560E+01  -0.1269E+04
  0.4565E+01  -0.1267E+04
  0.4570E+01  -0.1265E+04
  0.4575E+01  -0.1264E+04
  0.4580E+01  -0.1262E+04
  0.4585E+01  -0.1262E+04
  0.4590E+01  -0.1262E+04
  0.4595E+01  -0.1262E+04
  0.4600E+01  -0.1263E+04
  0.4605E+01  -0.1264E+04
  0.4610E+01  -0.1265E+04
  0.4615E+01  -0.1266E+04
  0.4620E+01  -0.1267E+04
  0.4625E+01  -0.1267E+04
  0.4630E+01  -0.1268E+04
  0.4635E+01  -0.1268E+04
  0.4640E+01  -0.1269E+04
  0.4645E+01  -0.1269E+04
  0.4650E+01  -0.1270E+04
  0.4655E+01  -0.1270E+04
  0.4660E+01  -0.1271E+04
  0.4665E+01  -0.1271E+04
  0.4670E+01  -0.1271E+04
  0.4675E+01  -0.1271E+04
  0.4680E+01  -0.1271E+04
  0.4685E+01  -0.1271E+04
  0.4690E+01  -0.1271E+04
  0.4695E+01  -0.1271E+04
  0.4700E+01  -0.1271E+04
  0.4705E+01  -0.1271E+04
  0.4710E+01  -0.1270E+04
  0.4715E+01  -0.1269E+04
  0.4720E+01  -0.1268E+04
  0.4725E+01  -0.1267E+04
  0.4730E+01  -0.1265E+04
  0.4735E+01  -0.1263E+04
  0.4740E+01  -0.1261E+04
  0.4745E+01  -0.1259E+04
  0.4750E+01  -0.1256E+04
  0.4755E+01  -0.1254E+04
  0.4760E+01  -0.1253E+04
  0.4765E+01  -0.1251E+04
  0.4770E+01  -0.1251E+04
  0.4775E+01  -0.1251E+04
  0.4780E+01  -0.1252E+04
  0.4785E+01  -0.1253E+04
  0.4790E+01  -0.1254E+04
  0.4795E+01  -0.1257E+04
  0.4800E+01  -0.1259E+04
  0.4805E+01  -0.1261E+04
  0.4810E+01  -0.1264E+04
  0.4815E+01  -0.1266E+04
  0.4820E+01  -0.1269E+04
  0.4825E+01  -0.1271E+04
  0.4830E+01  -0.1273E+04
  0.4835E+01  -0.1275E+04
  0.4840E+01  -0.1276E+04
  0.4845E+01  -0.1278E+04
  0.4850E+01  -0.1279E+04
  0.4855E+01  -0.1280E+04
  0.4860E+01  -0.1281E+04
  0.4865E+01  -0.1281E+04
  0.4870E+01  -0.1281E+04
  0.4875E+01  -0.1281E+04
  0.4880E+01  -0.1281E+04
  0.4885E+01  -0.1280E+04
  0.4890E+01  -0.1279E+04
  0.4895E+01  -0.1278E+04
  0.4900E+01  -0.1276E+04
  0.4905E+01  -0.1275E+04
  0.4910E+01  -0.1273E+04
  0.4915E+01  -0.1270E+04
  0.4920E+01  -0.1269E+04
  0.4925E+01  -0.1267E+04
  0.4930E+01  -0.1265E+04
  0.4935E+01  -0.1264E+04
  0.4940E+01  -0.1263E+04
  0.4945E+01  -0.1262E+04
  0.4950E+01  -0.1261E+04
  0.4955E+01  -0.1261E+04
  0.4960E+01  -0.1262E+04
  0.4965E+01  -0.1262E+04
  0.4970E+01  -0.1263E+04
  0.4975E+01  -0.1265E+04
  0.4980E+01  -0.1265E+04
  0.4985E+01  -0.1266E+04
  0.4990E+01  -0.1266E+04
  0.4995E+01  -0.1265E+04
  0.5000E+01  -0.1265E+04
  0.5005E+01  -0.1264E+04
  0.5010E+01  -0.1263E+04
  0.5015E+01  -0.1263E+04
  0.5020E+01  -0.1262E+04
  0.5025E+01  -0.1262E+04
  0.5030E+01  -0.1262E+04
  0.5035E+01  -0.1262E+04
  0.5040E+01  -0.1263E+04
  0.5045E+01  -0.1264E+04
  0.5050E+01  -0.1265E+04
  0.5055E+01  -0.1266E+04
  0.5060E+01  -0.1266E+04
  0.5065E+01  -0.1266E+04
  0.5070E+01  -0.1266E+04
  0.5075E+01  -0.1266E+04
  0.5080E+01  -0.1264E+04
  0.5085E+01  -0.1263E+04
  0.5090E+01  -0.1261E+04
  0.5095E+01  -0.1259E+04
  0.5100E+01  -0.1257E+04
  0.5105E+01  -0.1256E+04
  0.5110E+01  -0.1254E+04
  0.5115E+01  -0.1252E+04
  0.5120E+01  -0.1251E+04
  0.5125E+01  -0.1250E+04
  0.5130E+01  -0.1250E+04
  0.5135E+01  -0.1251E+04
  0.5140E+01  -0.1253E+04
  0.5145E+01  -0.1255E+04
  0.5150E+01  -0.1257E+04
  0.5155E+01  -0.1260E+04
  0.5160E+01  -0.1263E+04
  0.5165E+01  -0.1266E+04
  0.5170E+01  -0.1269E+04
  0.5175E+01  -0.1271E+04
  0.5180E+01  -0.1273E+04
  0.5185E+01  -0.1274E+04
  0.5190E+01  -0.1275E+04
  0.5195E+01  -0.1275E+04
  0.5200E+01  -0.1274E+04
  0.5205E+01  -0.1272E+04
  0.5210E+01  -0.1270E+04
  0.5215E+01  -0.1268E+04
  0.5220E+01  -0.1265E+04
  0.5225E+01  -0.1262E+04
  0.5230E+01  -0.1260E+04
  0.5235E+01  -0.1257E+04
  0.5240E+01  -0.1255E+04
  0.5245E+01  -0.1254E+04
  0.5250E+01  -0.1253E+04
  0.5255E+01  -0.1254E+04
  0.5260E+01  -0.1255E+04
  0.5265E+01  -0.1256E+04
  0.5270E+01  -0.1258E+04
  0.5275E+01  -0.1261E+04
  0.5280E+01  -0.1263E+04
  0.5285E+01  -0.1265E+04
  0.5290E+01  -0.1267E+04
  0.5295E+01  -0.1269E+04
  0.5300E+01  -0.1270E+04
  0.5305E+01  -0.1271E+04
  0.5310E+01  -0.1270E+04
  0.5315E+01  -0.1270E+04
  0.5320E+01  -0.1268E+04
  0.5325E+01  -0.1266E+04
  0.5330E+01  -0.1264E+04
  0.5335E+01  -0.1261E+04
  0.5340E+01  -0.1259E+04
  0.5345E+01  -0.1257E+04
  0.5350E+01  -0.1255E+04
  0.5355E+01  -0.1255E+04
  0.5360E+01  -0.1255E+04
  0.5365E+01  -0.1257E+04
  0.5370E+01  -0.1260E+04
  0.5375E+01  -0.1263E+04
  0.5380E+01  -0.1268E+04
  0.5385E+01  -0.1272E+04
  0.5390E+01  -0.1275E+04
  0.5395E+01  -0.1278E+04
  0.5400E+01  -0.1280E+04
  0.5405E+01  -0.1281E+04
  0.5410E+01  -0.1281E+04
  0.5415E+01  -0.1280E+04
  0.5420E+01  -0.1278E+04
  0.5425E+01  -0.1275E+04
  0.5430E+01  -0.1273E+04
  0.5435E+01  -0.1270E+04
  0.5440E+01  -0.1268E+04
  0.5445E+01  -0.1266E+04
  0.5450E+01  -0.1264E+04
  0.5455E+01  -0.1263E+04
  0.5460E+01  -0.1262E+04
  0.5465E+01  -0.1262E+04
  0.5470E+01  -0.1262E+04
  0.5475E+01  -0.1262E+04
  0.5480E+01  -0.1262E+04
  0.5485E+01  -0.1263E+04
  0.5490E+01  -0.1263E+04
  0.5495E+01  -0.1264E+04
  0.5500E+01  -0.1264E+04
  0.5505E+01  -0.1265E+04
  0.5510E+01  -0.1265E+04
  0.5515E+01  -0.1264E+04
  0.5520E+01  -0.1263E+04
  0.5525E+01  -0.1261E+04
  0.5530E+01  -0.1259E+04
  0.5535E+01  -0.1256E+04
  0.5540E+01  -0.1253E+04
  0.5545E+01  -0.1249E+04
  0.5550E+01  -0.1246E+04
  0.5555E+01  -0.1243E+04
  0.5560E+01  -0.1240E+04
  0.5565E+01  -0.1237E+04
  0.5570E+01  -0.1236E+04
  0.5575E+01  -0.1235E+04
  0.5580E+01  -0.1236E+04
  0.5585E+01  -0.1237E+04
  0.5590E+01  -0.1239E+04
  0.5595E+01  -0.1242E+04
  0.5600E+01  -0.1246E+04
  0.5605E+01  -0.1249E+04
  0.5610E+01  -0.1252E+04
  0.5615E+01  -0.1254E+04
  0.5620E+01  -0.1255E+04
  0.5625E+01  -0.1256E+04
  0.5630E+01  -0.1255E+04
  0.5635E+01  -0.1254E+04
  0.5640E+01  -0.1253E+04
  0.5645E+01  -0.1253E+04
  0.5650E+01  -0.1252E+04
  0.5655E+01  -0.1252E+04
  0.5660E+01  -0.1253E+04
  0.5665E+01  -0.1253E+04
  0.5670E+01  -0.1254E+04
  0.5675E+01  -0.1254E+04
  0.5680E+01  -0.1254E+04
  0.5685E+01  -0.1254E+04
  0.5690E+01  -0.1254E+04
  0.5695E+01  -0.1253E+04
  0.5700E+01  -0.1253E+04
  0.5705E+01  -0.1252E+04
  0.5710E+01  -0.1251E+04
  0.5715E+01  -0.1250E+04
  0.5720E+01  -0.1249E+04
  0.5725E+01  -0.1248E+04
  0.5730E+01  -0.1248E+04
  0.5735E+01  -0.1248E+04
  0.5740E+01  -0.1249E+04
  0.5745E+01  -0.1250E+04
  0.5750E+01  -0.1252E+04
  0.5755E+01  -0.1254E+04
  0.5760E+01  -0.1256E+04
  0.5765E+01  -0.1257E+04
  0.5770E+01  -0.1259E+04
  0.5775E+01  -0.1259E+04
  0.5780E+01  -0.1258E+04
  0.5785E+01  -0.1257E+04
  0.5790E+01  -0.1254E+04
  0.5795E+01  -0.1251E+04
  0.5800E+01  -0.1247E+04
  0.5805E+01  -0.1243E+04
  0.5810E+01  -0.1239E+04
  0.5815E+01  -0.1236E+04
  0.5820E+01  -0.1234E+04
  0.5825E+01  -0.1233E+04
  0.5830E+01  -0.1234E+04
  0.5835E+01  -0.1235E+04
  0.5840E+01  -0.1237E+04
  0.5845E+01  -0.1239E+04
  0.5850E+01  -0.1241E+04
  0.5855E+01  -0.1244E+04
  0.5860E+01  -0.1247E+04
  0.5865E+01  -0.1250E+04
  0.5870E+01  -0.1252E+04
  0.5875E+01  -0.1254E+04
  0.5880E+01  -0.1255E+04
  0.5885E+01  -0.1256E+04
  0.5890E+01  -0.1255E+04
  0.5895E+01  -0.1253E+04
  0.5900E+01  -0.1250E+04
  0.5905E+01  -0.1247E+04
  0.5910E+01  -0.1244E+04
  0.5915E+01  -0.1241E+04
  0.5920E+01  -0.1238E+04
  0.5925E+01  -0.1236E+04
  0.5930E+01  -0.1236E+04
  0.5935E+01  -0.1236E+04
  0.5940E+01  -0.1237E+04
  0.5945E+01  -0.1238E+04
  0.5950E+01  -0.1241E+04
  0.5955E+01  -0.1243E+04
  0.5960E+01  -0.1246E+04
  0.5965E+01  -0.1248E+04
  0.5970E+01  -0.1250E+04
  0.5975E+01  -0.1252E+04
  0.5980E+01  -0.1253E+04
  0.5985E+01  -0.1254E+04
  0.5990E+01  -0.1255E+04
  0.5995E+01  -0.1256E+04
  0.6000E+01  -0.1256E+04
  0.6005E+01  -0.1257E+04
  0.6010E+01  -0.1257E+04
  0.6015E+01  -0.1258E+04
  0.6020E+01  -0.1258E+04
  0.6025E+01  -0.1258E+04
  0.6030E+01  -0.1258E+04
  0.6035E+01  -0.1259E+04
  0.6040E+01  -0.1260E+04
  0.6045E+01  -0.1261E+04
  0.6050E+01  -0.1263E+04
  0.6055E+01  -0.1264E+04
  0.6060E+01  -0.1266E+04
  0.6065E+01  -0.1268E+04
  0.6070E+01  -0.1269E+04
  0.6075E+01  -0.1270E+04
  0.6080E+01  -0.1271E+04
  0.6085E+01  -0.1272E+04
  0.6090E+01  -0.1272E+04
  0.6095E+01  -0.1272E+04
  0.6100E+01  -0.1272E+04
  0.6105E+01  -0.1272E+04
  0.6110E+01  -0.1272E+04
  0.6115E+01  -0.1273E+04
  0.6120E+01  -0.1274E+04
  0.6125E+01  -0.1275E+04
  0.6130E+01  -0.1277E+04
  0.6135E+01  -0.1279E+04
  0.6140E+01  -0.1281E+04
  0.6145E+01  -0.1282E+04
  0.6150E+01  -0.1282E+04
  0.6155E+01  -0.1282E+04
  0.6160E+01  -0.1282E+04
  0.6165E+01  -0.1281E+04
  0.6170E+01  -0.1281E+04
  0.6175E+01  -0.1281E+04
  0.6180E+01  -0.1282E+04
  0.6185E+01  -0.1282E+04
  0.6190E+01  -0.1283E+04
  0.6195E+01  -0.1284E+04
  0.6200E+01  -0.1283E+04
  0.6205E+01  -0.1283E+04
  0.6210E+01  -0.1281E+04
  0.6215E+01  -0.1279E+04
  0.6220E+01  -0.1277E+04
  0.6225E+01  -0.1274E+04
  0.6230E+01  -0.1270E+04
  0.6235E+01  -0.1267E+04
  0.6240E+01  -0.1264E+04
  0.6245E+01  -0.1261E+04
  0.6250E+01  -0.1258E+04
  0.6255E+01  -0.1255E+04
  0.6260E+01  -0.1253E+04
  0.6265E+01  -0.1251E+04
  0.6270E+01  -0.1249E+04
  0.6275E+01  -0.1247E+04
  0.6280E+01  -0.1245E+04
  0.6285E+01  -0.1243E+04
  0.6290E+01  -0.1240E+04
  0.6295E+01  -0.1238E+04
  0.6300E+01  -0.1236E+04
  0.6305E+01  -0.1234E+04
  0.6310E+01  -0.1232E+04
  0.6315E+01  -0.1231E+04
  0.6320E+01  -0.1231E+04
  0.6325E+01  -0.1231E+04
  0.6330E+01  -0.1232E+04
  0.6335E+01  -0.1233E+04
  0.6340E+01  -0.1234E+04
  0.6345E+01  -0.1235E+04
  0.6350E+01  -0.1236E+04
  0.6355E+01  -0.1237E+04
  0.6360E+01  -0.1237E+04
  0.6365E+01  -0.1238E+04
  0.6370E+01  -0.1239E+04
  0.6375E+01  -0.1240E+04
  0.6380E+01  -0.1242E+04
  0.6385E+01  -0.1245E+04
  0.6390E+01  -0.1247E+04
  0.6395E+01  -0.1250E+04
  0.6400E+01  -0.1253E+04
  0.6405E+01  -0.1256E+04
  0.6410E+01  -0.1259E+04
  0.6415E+01  -0.1261E+04
  0.6420E+01  -0.1264E+04
  0.6425E+01  -0.1266E+04
  0.6430E+01  -0.1268E+04
  0.6435E+01  -0.1270E+04
  0.6440E+01  -0.1271E+04
  0.6445E+01  -0.1271E+04
  0.6450E+01  -0.1272E+04
  0.6455E+01  -0.1272E+04
  0.6460E+01  -0.1271E+04
  0.6465E+01  -0.1271E+04
  0.6470E+01  -0.1272E+04
  0.6475E+01  -0.1272E+04
  0.6480E+01  -0.1273E+04
  0.6485E+01  -0.1273E+04
  0.6490E+01  -0.1274E+04
  0.6495E+01  -0.1274E+04
  0.6500E+01  -0.1273E+04
  0.6505E+01  -0.1273E+04
  0.6510E+01  -0.1272E+04
  0.6515E+01  -0.1270E+04
  0.6520E+01  -0.1269E+04
  0.6525E+01  -0.1268E+04
  0.6530E+01  -0.1267E+04
  0.6535E+01  -0.1266E+04
  0.6540E+01  -0.1266E+04
  0.6545E+01  -0.1266E+04
  0.6550E+01  -0.1267E+04
  0.6555E+01  -0.1267E+04
  0.6560E+01  -0.1267E+04
  0.6565E+01  -0.1267E+04
  0.6570E+01  -0.1266E+04
  0.6575E+01  -0.1264E+04
  0.6580E+01  -0.1262E+04
  0.6585E+01  -0.1259E+04
  0.6590E+01  -0.1257E+04
  0.6595E+01  -0.1254E+04
  0.6600E+01  -0.1251E+04
  0.6605E+01  -0.1249E+04
  0.6610E+01  -0.1248E+04
  0.6615E+01  -0.1248E+04
  0.6620E+01  -0.1248E+04
  0.6625E+01  -0.1250E+04
  0.6630E+01  -0.1252E+04
  0.6635E+01  -0.1254E+04
  0.6640E+01  -0.1256E+04
  0.6645E+01  -0.1259E+04
  0.6650E+01  -0.1261E+04
  0.6655E+01  -0.1263E+04
  0.6660E+01  -0.1266E+04
  0.6665E+01  -0.1269E+04
  0.6670E+01  -0.1272E+04
  0.6675E+01  -0.1276E+04
  0.6680E+01  -0.1279E+04
  0.6685E+01  -0.1281E+04
  0.6690E+01  -0.1283E+04
  0.6695E+01  -0.1285E+04
  0.6700E+01  -0.1286E+04
  0.6705E+01  -0.1286E+04
  0.6710E+01  -0.1286E+04
  0.6715E+01  -0.1285E+04
  0.6720E+01  -0.1284E+04
  0.6725E+01  -0.1283E+04
  0.6730E+01  -0.1283E+04
  0.6735E+01  -0.1282E+04
  0.6740E+01  -0.1281E+04
  0.6745E+01  -0.1281E+04
  0.6750E+01  -0.1280E+04
  0.6755E+01  -0.1280E+04
  0.6760E+01  -0.1279E+04
  0.6765E+01  -0.1279E+04
  0.6770E+01  -0.1280E+04
  0.6775E+01  -0.1280E+04
  0.6780E+01  -0.1281E+04
  0.6785E+01  -0.1281E+04
  0.6790E+01  -0.1281E+04
  0.6795E+01  -0.1281E+04
  0.6800E+01  -0.1281E+04
  0.6805E+01  -0.1281E+04
  0.6810E+01  -0.1281E+04
  0.6815E+01  -0.1281E+04
  0.6820E+01  -0.1282E+04
  0.6825E+01  -0.1282E+04
  0.6830E+01  -0.1283E+04
  0.6835E+01  -0.1283E+04
  0.6840E+01  -0.1283E+04
  0.6845E+01  -0.1283E+04
  0.6850E+01  -0.1282E+04
  0.6855E+01  -0.1282E+04
  0.6860E+01  -0.1282E+04
  0.6865E+01  -0.1282E+04
  0.6870E+01  -0.1283E+04
  0.6875E+01  -0.1283E+04
  0.6880E+01  -0.1283E+04
  0.6885E+01  -0.1283E+04
  0.6890E+01  -0.1282E+04
  0.6895E+01  -0.1281E+04
  0.6900E+01  -0.1279E+04
  0.6905E+01  -0.1277E+04
  0.6910E+01  -0.1276E+04
  0.6915E+01  -0.1274E+04
  0.6920E+01  -0.1273E+04
  0.6925E+01  -0.1272E+04
  0.6930E+01  -0.1270E+04
  0.6935E+01  -0.1269E+04
  0.6940E+01  -0.1268E+04
  0.6945E+01  -0.1267E+04
  0.6950E+01  -0.1266E+04
  0.6955E+01  -0.1264E+04
  0.6960E+01  -0.1264E+04
  0.6965E+01  -0.1264E+04
  0.6970E+01  -0.1265E+04
  0.6975E+01  -0.1267E+04
  0.6980E+01  -0.1270E+04
  0.6985E+01  -0.1273E+04
  0.6990E+01  -0.1276E+04
  0.6995E+01  -0.1278E+04
  0.7000E+01  -0.1280E+04
  0.7005E+01  -0.1282E+04
  0.7010E+01  -0.1282E+04
  0.7015E+01  -0.1281E+04
  0.7020E+01  -0.1280E+04
  0.7025E+01  -0.1279E+04
  0.7030E+01  -0.1277E+04
  0.7035E+01  -0.1275E+04
  0.7040E+01  -0.1273E+04
  0.7045E+01  -0.1272E+04
  0.7050E+01  -0.1270E+04
  0.7055E+01  -0.1269E+04
  0.7060E+01  -0.1268E+04
  0.7065E+01  -0.1266E+04
  0.7070E+01  -0.1265E+04
  0.7075E+01  -0.1263E+04
  0.7080E+01  -0.1262E+04
  0.7085E+01  -0.1261E+04
  0.7090E+01  -0.1260E+04
  0.7095E+01  -0.1261E+04
  0.7100E+01  -0.1263E+04
  0.7105E+01  -0.1265E+04
  0.7110E+01  -0.1269E+04
  0.7115E+01  -0.1273E+04
  0.7120E+01  -0.1277E+04
  0.7125E+01  -0.1281E+04
  0.7130E+01  -0.1284E+04
  0.7135E+01  -0.1287E+04
  0.7140E+01  -0.1289E+04
  0.7145E+01  -0.1291E+04
  0.7150E+01  -0.1292E+04
  0.7155E+01  -0.1292E+04
  0.7160E+01  -0.1292E+04
  0.7165E+01  -0.1291E+04
  0.7170E+01  -0.1291E+04
  0.7175E+01  -0.1290E+04
  0.7180E+01  -0.1289E+04
  0.7185E+01  -0.1288E+04
  0.7190E+01  -0.1287E+04
  0.7195E+01  -0.1287E+04
  0.7200E+01  -0.1286E+04
  0.7205E+01  -0.1284E+04
  0.7210E+01  -0.1283E+04
  0.7215E+01  -0.1281E+04
  0.7220E+01  -0.1279E+04
  0.7225E+01  -0.1276E+04
  0.7230E+01  -0.1274E+04
  0.7235E+01  -0.1271E+04
  0.7240E+01  -0.1269E+04
  0.7245E+01  -0.1268E+04
  0.7250E+01  -0.1267E+04
  0.7255E+01  -0.1266E+04
  0.7260E+01  -0.1266E+04
  0.7265E+01  -0.1266E+04
  0.7270E+01  -0.1266E+04
  0.7275E+01  -0.1266E+04
  0.7280E+01  -0.1266E+04
  0.7285E+01  -0.1265E+04
  0.7290E+01  -0.1265E+04
  0.7295E+01  -0.1265E+04
  0.7300E+01  -0.1264E+04
  0.7305E+01  -0.1264E+04
  0.7310E+01  -0.1264E+04
  0.7315E+01  -0.1263E+04
  0.7320E+01  -0.1262E+04
  0.7325E+01  -0.1261E+04
  0.7330E+01  -0.1258E+04
  0.7335E+01  -0.1256E+04
  0.7340E+01  -0.1252E+04
  0.7345E+01  -0.1248E+04
  0.7350E+01  -0.1244E+04
  0.7355E+01  -0.1240E+04
  0.7360E+01  -0.1236E+04
  0.7365E+01  -0.1234E+04
  0.7370E+01  -0.1234E+04
  0.7375E+01  -0.1235E+04
  0.7380E+01  -0.1237E+04
  0.7385E+01  -0.1239E+04
  0.7390E+01  -0.1242E+04
  0.7395E+01  -0.1243E+04
  0.7400E+01  -0.1245E+04
  0.7405E+01  -0.1247E+04
  0.7410E+01  -0.1249E+04
  0.7415E+01  -0.1251E+04
  0.7420E+01  -0.1253E+04
  0.7425E+01  -0.1254E+04
  0.7430E+01  -0.1256E+04
  0.7435E+01  -0.1257E+04
  0.7440E+01  -0.1257E+04
  0.7445E+01  -0.1257E+04
  0.7450E+01  -0.1257E+04
  0.7455E+01  -0.1257E+04
  0.7460E+01  -0.1257E+04
  0.7465E+01  -0.1259E+04
  0.7470E+01  -0.1261E+04
  0.7475E+01  -0.1264E+04
  0.7480E+01  -0.1267E+04
  0.7485E+01  -0.1271E+04
  0.7490E+01  -0.1274E+04
  0.7495E+01  -0.1277E+04
  0.7500E+01  -0.1280E+04
  0.7505E+01  -0.1281E+04
  0.7510E+01  -0.1281E+04
  0.7515E+01  -0.1280E+04
  0.7520E+01  -0.1278E+04
  0.7525E+01  -0.1276E+04
  0.7530E+01  -0.1274E+04
  0.7535E+01  -0.1271E+04
  0.7540E+01  -0.1270E+04
  0.7545E+01  -0.1268E+04
  0.7550E+01  -0.1268E+04
  0.7555E+01  -0.1268E+04
  0.7560E+01  -0.1268E+04
  0.7565E+01  -0.1269E+04
  0.7570E+01  -0.1271E+04
  0.7575E+01  -0.1272E+04
  0.7580E+01  -0.1274E+04
  0.7585E+01  -0.1275E+04
  0.7590E+01  -0.1277E+04
  0.7595E+01  -0.1278E+04
  0.7600E+01  -0.1279E+04
  0.7605E+01  -0.1279E+04
  0.7610E+01  -0.1279E+04
  0.7615E+01  -0.1278E+04
  0.7620E+01  -0.1277E+04
  0.7625E+01  -0.1277E+04
  0.7630E+01  -0.1276E+04
  0.7635E+01  -0.1276E+04
  0.7640E+01  -0.1276E+04
  0.7645E+01  -0.1275E+04
  0.7650E+01  -0.1274E+04
  0.7655E+01  -0.1273E+04
  0.7660E+01  -0.1271E+04
  0.7665E+01  -0.1270E+04
  0.7670E+01  -0.1268E+04
  0.7675E+01  -0.1267E+04
  0.7680E+01  -0.1265E+04
  0.7685E+01  -0.1262E+04
  0.7690E+01  -0.1258E+04
  0.7695E+01  -0.1255E+04
  0.7700E+01  -0.1251E+04
  0.7705E+01  -0.1248E+04
  0.7710E+01  -0.1247E+04
  0.7715E+01  -0.1246E+04
  0.7720E+01  -0.1247E+04
  0.7725E+01  -0.1248E+04
  0.7730E+01  -0.1249E+04
  0.7735E+01  -0.1251E+04
  0.7740E+01  -0.1253E+04
  0.7745E+01  -0.1255E+04
  0.7750E+01  -0.1257E+04
  0.7755E+01  -0.1260E+04
  0.7760E+01  -0.1263E+04
  0.7765E+01  -0.1265E+04
  0.7770E+01  -0.1268E+04
  0.7775E+01  -0.1269E+04
  0.7780E+01  -0.1271E+04
  0.7785E+01  -0.1271E+04
  0.7790E+01  -0.1270E+04
  0.7795E+01  -0.1269E+04
  0.7800E+01  -0.1267E+04
  0.7805E+01  -0.1265E+04
  0.7810E+01  -0.1263E+04
  0.7815E+01  -0.1260E+04
  0.7820E+01  -0.1259E+04
  0.7825E+01  -0.1257E+04
  0.7830E+01  -0.1257E+04
  0.7835E+01  -0.1257E+04
  0.7840E+01  -0.1258E+04
  0.7845E+01  -0.1259E+04
  0.7850E+01  -0.1260E+04
  0.7855E+01  -0.1261E+04
  0.7860E+01  -0.1263E+04
  0.7865E+01  -0.1263E+04
  0.7870E+01  -0.1264E+04
  0.7875E+01  -0.1264E+04
  0.7880E+01  -0.1264E+04
  0.7885E+01  -0.1264E+04
  0.7890E+01  -0.1265E+04
  0.7895E+01  -0.1266E+04
  0.7900E+01  -0.1267E+04
  0.7905E+01  -0.1268E+04
  0.7910E+01  -0.1269E+04
  0.7915E+01  -0.1270E+04
  0.7920E+01  -0.1271E+04
  0.7925E+01  -0.1271E+04
  0.7930E+01  -0.1272E+04
  0.7935E+01  -0.1271E+04
  0.7940E+01  -0.1271E+04
  0.7945E+01  -0.1269E+04
  0.7950E+01  -0.1268E+04
  0.7955E+01  -0.1266E+04
  0.7960E+01  -0.1264E+04
  0.7965E+01  -0.1261E+04
  0.7970E+01  -0.1258E+04
  0.7975E+01  -0.1255E+04
  0.7980E+01  -0.1252E+04
  0.7985E+01  -0.1249E+04
  0.7990E+01  -0.1247E+04
  0.7995E+01  -0.1246E+04
  0.8000E+01  -0.1246E+04
  0.8005E+01  -0.1248E+04
  0.8010E+01  -0.1250E+04
  0.8015E+01  -0.1254E+04
  0.8020E+01  -0.1257E+04
  0.8025E+01  -0.1260E+04
  0.8030E+01  -0.1262E+04
  0.8035E+01  -0.1264E+04
  0.8040E+01  -0.1264E+04
  0.8045E+01  -0.1265E+04
  0.8050E+01  -0.1264E+04
  0.8055E+01  -0.1264E+04
  0.8060E+01  -0.1263E+04
  0.8065E+01  -0.1261E+04
  0.8070E+01  -0.1259E+04
  0.8075E+01  -0.1256E+04
  0.8080E+01  -0.1254E+04
  0.8085E+01  -0.1251E+04
  0.8090E+01  -0.1249E+04
  0.8095E+01  -0.1247E+04
  0.8100E+01  -0.1247E+04
  0.8105E+01  -0.1247E+04
  0.8110E+01  -0.1248E+04
  0.8115E+01  -0.1249E+04
  0.8120E+01  -0.1251E+04
  0.8125E+01  -0.1252E+04
  0.8130E+01  -0.1252E+04
  0.8135E+01  -0.1252E+04
  0.8140E+01  -0.1252E+04
  0.8145E+01  -0.1251E+04
  0.8150E+01  -0.1249E+04
  0.8155E+01  -0.1248E+04
  0.8160E+01  -0.1248E+04
  0.8165E+01  -0.1248E+04
  0.8170E+01  -0.1249E+04
  0.8175E+01  -0.1251E+04
  0.8180E+01  -0.1253E+04
  0.8185E+01  -0.1254E+04
  0.8190E+01  -0.1255E+04
  0.8195E+01  -0.1256E+04
  0.8200E+01  -0.1255E+04
  0.8205E+01  -0.1254E+04
  0.8210E+01  -0.1252E+04
  0.8215E+01  -0.1250E+04
  0.8220E+01  -0.1248E+04
  0.8225E+01  -0.1246E+04
  0.8230E+01  -0.1244E+04
  0.8235E+01  -0.1241E+04
  0.8240E+01  -0.1240E+04
  0.8245E+01  -0.1238E+04
  0.8250E+01  -0.1236E+04
  0.8255E+01  -0.1236E+04
  0.8260E+01  -0.1235E+04
  0.8265E+01  -0.1236E+04
  0.8270E+01  -0.1237E+04
  0.8275E+01  -0.1238E+04
  0.8280E+01  -0.1240E+04
  0.8285E+01  -0.1241E+04
  0.8290E+01  -0.1243E+04
  0.8295E+01  -0.1244E+04
  0.8300E+01  -0.1245E+04
  0.8305E+01  -0.1246E+04
  0.8310E+01  -0.1246E+04
  0.8315E+01  -0.1247E+04
  0.8320E+01  -0.1247E+04
  0.8325E+01  -0.1248E+04
  0.8330E+01  -0.1249E+04
  0.8335E+01  -0.1250E+04
  0.8340E+01  -0.1251E+04
  0.8345E+01  -0.1252E+04
  0.8350E+01  -0.1254E+04
  0.8355E+01  -0.1255E+04
  0.8360E+01  -0.1255E+04
  0.8365E+01  -0.1256E+04
  0.8370E+01  -0.1256E+04
  0.8375E+01  -0.1255E+04
  0.8380E+01  -0.1254E+04
  0.8385E+01  -0.1252E+04
  0.8390E+01  -0.1251E+04
  0.8395E+01  -0.1250E+04
  0.8400E+01  -0.1250E+04
  0.8405E+01  -0.1251E+04
  0.8410E+01  -0.1251E+04
  0.8415E+01  -0.1252E+04
  0.8420E+01  -0.1252E+04
  0.8425E+01  -0.1253E+04
  0.8430E+01  -0.1253E+04
  0.8435E+01  -0.1254E+04
  0.8440E+01  -0.1254E+04
  0.8445E+01  -0.1255E+04
  0.8450E+01  -0.1257E+04
  0.8455E+01  -0.1258E+04
  0.8460E+01  -0.1260E+04
  0.8465E+01  -0.1262E+04
  0.8470E+01  -0.1263E+04
  0.8475E+01  -0.1264E+04
  0.8480E+01  -0.1265E+04
  0.8485E+01  -0.1265E+04
  0.8490E+01  -0.1266E+04
  0.8495E+01  -0.1266E+04
  0.8500E+01  -0.1267E+04
  0.8505E+01  -0.1268E+04
  0.8510E+01  -0.1269E+04
  0.8515E+01  -0.1270E+04
  0.8520E+01  -0.1272E+04
  0.8525E+01  -0.1272E+04
  0.8530E+01  -0.1273E+04
  0.8535E+01  -0.1272E+04
  0.8540E+01  -0.1270E+04
  0.8545E+01  -0.1268E+04
  0.8550E+01  -0.1265E+04
  0.8555E+01  -0.1261E+04
  0.8560E+01  -0.1256E+04
  0.8565E+01  -0.1251E+04
  0.8570E+01  -0.1247E+04
  0.8575E+01  -0.1243E+04
  0.8580E+01  -0.1239E+04
  0.8585E+01  -0.1237E+04
  0.8590E+01  -0.1237E+04
  0.8595E+01  -0.1237E+04
  0.8600E+01  -0.1238E+04
  0.8605E+01  -0.1239E+04
  0.8610E+01  -0.1242E+04
  0.8615E+01  -0.1244E+04
  0.8620E+01  -0.1248E+04
  0.8625E+01  -0.1251E+04
  0.8630E+01  -0.1255E+04
  0.8635E+01  -0.1258E+04
  0.8640E+01  -0.1261E+04
  0.8645E+01  -0.1264E+04
  0.8650E+01  -0.1267E+04
  0.8655E+01  -0.1269E+04
  0.8660E+01  -0.1271E+04
  0.8665E+01  -0.1273E+04
  0.8670E+01  -0.1274E+04
  0.8675E+01  -0.1275E+04
  0.8680E+01  -0.1276E+04
  0.8685E+01  -0.1277E+04
  0.8690E+01  -0.1277E+04
  0.8695E+01  -0.1277E+04
  0.8700E+01  -0.1277E+04
  0.8705E+01  -0.1277E+04
  0.8710E+01  -0.1276E+04
  0.8715E+01  -0.1276E+04
  0.8720E+01  -0.1275E+04
  0.8725E+01  -0.1274E+04
  0.8730E+01  -0.1273E+04
  0.8735E+01  -0.1272E+04
  0.8740E+01  -0.1271E+04
  0.8745E+01  -0.1270E+04
  0.8750E+01  -0.1270E+04
  0.8755E+01  -0.1269E+04
  0.8760E+01  -0.1269E+04
  0.8765E+01  -0.1269E+04
  0.8770E+01  -0.1269E+04
  0.8775E+01  -0.1269E+04
  0.8780E+01  -0.1269E+04
  0.8785E+01  -0.1270E+04
  0.8790E+01  -0.1270E+04
  0.8795E+01  -0.1270E+04
  0.8800E+01  -0.1270E+04
  0.8805E+01  -0.1270E+04
  0.8810E+01  -0.1271E+04
  0.8815E+01  -0.1271E+04
  0.8820E+01  -0.1271E+04
  0.8825E+01  -0.1270E+04
  0.8830E+01  -0.1270E+04
  0.8835E+01  -0.1269E+04
  0.8840E+01  -0.1268E+04
  0.8845E+01  -0.1267E+04
  0.8850E+01  -0.1265E+04
  0.8855E+01  -0.1264E+04
  0.8860E+01  -0.1264E+04
  0.8865E+01  -0.1263E+04
  0.8870E+01  -0.1263E+04
  0.8875E+01  -0.1264E+04
  0.8880E+01  -0.1264E+04
  0.8885E+01  -0.1264E+04
  0.8890E+01  -0.1265E+04
  0.8895E+01  -0.1265E+04
  0.8900E+01  -0.1265E+04
  0.8905E+01  -0.1265E+04
  0.8910E+01  -0.1265E+04
  0.8915E+01  -0.1264E+04
  0.8920E+01  -0.1264E+04
  0.8925E+01  -0.1263E+04
  0.8930E+01  -0.1263E+04
  0.8935E+01  -0.1263E+04
  0.8940E+01  -0.1263E+04
  0.8945E+01  -0.1263E+04
  0.8950E+01  -0.1263E+04
  0.8955E+01  -0.1264E+04
  0.8960E+01  -0.1265E+04
  0.8965E+01  -0.1266E+04
  0.8970E+01  -0.1268E+04
  0.8975E+01  -0.1269E+04
  0.8980E+01  -0.1271E+04
  0.8985E+01  -0.1272E+04
  0.8990E+01  -0.1273E+04
  0.8995E+01  -0.1274E+04
  0.9000E+01  -0.1274E+04
  0.9005E+01  -0.1273E+04
  0.9010E+01  -0.1273E+04
  0.9015E+01  -0.1272E+04
  0.9020E+01  -0.1270E+04
  0.9025E+01  -0.1269E+04
  0.9030E+01  -0.1269E+04
  0.9035E+01  -0.1268E+04
  0.9040E+01  -0.1268E+04
  0.9045E+01  -0.1269E+04
  0.9050E+01  -0.1270E+04
  0.9055E+01  -0.1272E+04
  0.9060E+01  -0.1274E+04
  0.9065E+01  -0.1275E+04
  0.9070E+01  -0.1276E+04
  0.9075E+01  -0.1277E+04
  0.9080E+01  -0.1277E+04
  0.9085E+01  -0.1276E+04
  0.9090E+01  -0.1274E+04
  0.9095E+01  -0.1272E+04
  0.9100E+01  -0.1269E+04
  0.9105E+01  -0.1265E+04
  0.9110E+01  -0.1261E+04
  0.9115E+01  -0.1257E+04
  0.9120E+01  -0.1252E+04
  0.9125E+01  -0.1248E+04
  0.9130E+01  -0.1244E+04
  0.9135E+01  -0.1241E+04
  0.9140E+01  -0.1239E+04
  0.9145E+01  -0.1240E+04
  0.9150E+01  -0.1242E+04
  0.9155E+01  -0.1245E+04
  0.9160E+01  -0.1249E+04
  0.9165E+01  -0.1253E+04
  0.9170E+01  -0.1256E+04
  0.9175E+01  -0.1257E+04
  0.9180E+01  -0.1257E+04
  0.9185E+01  -0.1256E+04
  0.9190E+01  -0.1254E+04
  0.9195E+01  -0.1251E+04
  0.9200E+01  -0.1248E+04
  0.9205E+01  -0.1245E+04
  0.9210E+01  -0.1243E+04
  0.9215E+01  -0.1241E+04
  0.9220E+01  -0.1240E+04
  0.9225E+01  -0.1240E+04
  0.9230E+01  -0.1241E+04
  0.9235E+01  -0.1243E+04
  0.9240E+01  -0.1246E+04
  0.9245E+01  -0.1248E+04
  0.9250E+01  -0.1251E+04
  0.9255E+01  -0.1253E+04
  0.9260E+01  -0.1255E+04
  0.9265E+01  -0.1256E+04
  0.9270E+01  -0.1257E+04
  0.9275E+01  -0.1257E+04
  0.9280E+01  -0.1257E+04
  0.9285E+01  -0.1257E+04
  0.9290E+01  -0.1256E+04
  0.9295E+01  -0.1255E+04
  0.9300E+01  -0.1254E+04
  0.9305E+01  -0.1253E+04
  0.9310E+01  -0.1253E+04
  0.9315E+01  -0.1254E+04
  0.9320E+01  -0.1255E+04
  0.9325E+01  -0.1256E+04
  0.9330E+01  -0.1258E+04
  0.9335E+01  -0.1259E+04
  0.9340E+01  -0.1260E+04
  0.9345E+01  -0.1261E+04
  0.9350E+01  -0.1261E+04
  0.9355E+01  -0.1262E+04
  0.9360E+01  -0.1262E+04
  0.9365E+01  -0.1263E+04
  0.9370E+01  -0.1263E+04
  0.9375E+01  -0.1264E+04
  0.9380E+01  -0.1264E+04
  0.9385E+01  -0.1265E+04
  0.9390E+01  -0.1266E+04
  0.9395E+01  -0.1266E+04
  0.9400E+01  -0.1266E+04
  0.9405E+01  -0.1266E+04
  0.9410E+01  -0.1264E+04
  0.9415E+01  -0.1262E+04
  0.9420E+01  -0.1260E+04
  0.9425E+01  -0.1257E+04
  0.9430E+01  -0.1254E+04
  0.9435E+01  -0.1252E+04
  0.9440E+01  -0.1250E+04
  0.9445E+01  -0.1250E+04
  0.9450E+01  -0.1251E+04
  0.9455E+01  -0.1253E+04
  0.9460E+01  -0.1256E+04
  0.9465E+01  -0.1259E+04
  0.9470E+01  -0.1263E+04
  0.9475E+01  -0.1266E+04
  0.9480E+01  -0.1268E+04
  0.9485E+01  -0.1270E+04
  0.9490E+01  -0.1270E+04
  0.9495E+01  -0.1270E+04
  0.9500E+01  -0.1269E+04
  0.9505E+01  -0.1267E+04
  0.9510E+01  -0.1266E+04
  0.9515E+01  -0.1264E+04
  0.9520E+01  -0.1263E+04
  0.9525E+01  -0.1262E+04
  0.9530E+01  -0.1261E+04
  0.9535E+01  -0.1260E+04
  0.9540E+01  -0.1260E+04
  0.9545E+01  -0.1261E+04
  0.9550E+01  -0.1263E+04
  0.9555E+01  -0.1265E+04
  0.9560E+01  -0.1267E+04
  0.9565E+01  -0.1270E+04
  0.9570E+01  -0.1272E+04
  0.9575E+01  -0.1274E+04
  0.9580E+01  -0.1276E+04
  0.9585E+01  -0.1277E+04
  0.9590E+01  -0.1278E+04
  0.9595E+01  -0.1279E+04
  0.9600E+01  -0.1279E+04
  0.9605E+01  -0.1279E+04
  0.9610E+01  -0.1279E+04
  0.9615E+01  -0.1278E+04
  0.9620E+01  -0.1277E+04
  0.9625E+01  -0.1276E+04
  0.9630E+01  -0.1275E+04
  0.9635E+01  -0.1274E+04
  0.9640E+01  -0.1274E+04
  0.9645E+01  -0.1274E+04
  0.9650E+01  -0.1274E+04
  0.9655E+01  -0.1274E+04
  0.9660E+01  -0.1273E+04
  0.9665E+01  -0.1272E+04
  0.9670E+01  -0.1270E+04
  0.9675E+01  -0.1269E+04
  0.9680E+01  -0.1267E+04
  0.9685E+01  -0.1266E+04
  0.9690E+01  -0.1265E+04
  0.9695E+01  -0.1264E+04
  0.9700E+01  -0.1264E+04
  0.9705E+01  -0.1264E+04
  0.9710E+01  -0.1264E+04
  0.9715E+01  -0.1264E+04
  0.9720E+01  -0.1265E+04
  0.9725E+01  -0.1265E+04
  0.9730E+01  -0.1266E+04
  0.9735E+01  -0.1267E+04
  0.9740E+01  -0.1267E+04
  0.9745E+01  -0.1268E+04
  0.9750E+01  -0.1268E+04
  0.9755E+01  -0.1268E+04
  0.9760E+01  -0.1268E+04
  0.9765E+01  -0.1268E+04
  0.9770E+01  -0.1268E+04
  0.9775E+01  -0.1267E+04
  0.9780E+01  -0.1267E+04
  0.9785E+01  -0.1266E+04
  0.9790E+01  -0.1265E+04
  0.9795E+01  -0.1265E+04
  0.9800E+01  -0.1265E+04
  0.9805E+01  -0.1264E+04
  0.9810E+01  -0.1264E+04
  0.9815E+01  -0.1262E+04
  0.9820E+01  -0.1260E+04
  0.9825E+01  -0.1258E+04
  0.9830E+01  -0.1255E+04
  0.9835E+01  -0.1251E+04
  0.9840E+01  -0.1248E+04
  0.9845E+01  -0.1245E+04
  0.9850E+01  -0.1243E+04
  0.9855E+01  -0.1242E+04
  0.9860E+01  -0.1243E+04
  0.9865E+01  -0.1244E+04
  0.9870E+01  -0.1245E+04
  0.9875E+01  -0.1247E+04
  0.9880E+01  -0.1249E+04
  0.9885E+01  -0.1251E+04
  0.9890E+01  -0.1253E+04
  0.9895E+01  -0.1255E+04
  0.9900E+01  -0.1257E+04
  0.9905E+01  -0.1259E+04
  0.9910E+01  -0.1261E+04
  0.9915E+01  -0.1262E+04
  0.9920E+01  -0.1264E+04
  0.9925E+01  -0.1265E+04
  0.9930E+01  -0.1266E+04
  0.9935E+01  -0.1267E+04
  0.9940E+01  -0.1268E+04
  0.9945E+01  -0.1269E+04
  0.9950E+01  -0.1269E+04
  0.9955E+01  -0.1270E+04
  0.9960E+01  -0.1271E+04
  0.9965E+01  -0.1272E+04
  0.9970E+01  -0.1272E+04
  0.9975E+01  -0.1272E+04
  0.9980E+01  -0.1271E+04
  0.9985E+01  -0.1269E+04
  0.9990E+01  -0.1266E+04
  0.9995E+01  -0.1263E+04
  0.1000E+02  -0.1259E+04
  0.1001E+02  -0.1255E+04
  0.1001E+02  -0.1251E+04
  0.1002E+02  -0.1247E+04
  0.1002E+02  -0.1242E+04
  0.1003E+02  -0.1238E+04
  0.1003E+02  -0.1235E+04
  0.1004E+02  -0.1233E+04
  0.1004E+02  -0.1231E+04
  0.1004E+02  -0.1231E+04
  0.1005E+02  -0.1231E+04
  0.1005E+02  -0.1232E+04
  0.1006E+02  -0.1233E+04
  0.1006E+02  -0.1235E+04
  0.1007E+02  -0.1237E+04
  0.1008E+02  -0.1238E+04
  0.1008E+02  -0.1240E+04
  0.1009E+02  -0.1241E+04
  0.1009E+02  -0.1242E+04
  0.1010E+02  -0.1242E+04
  0.1010E+02  -0.1242E+04
  0.1011E+02  -0.1241E+04
  0.1011E+02  -0.1241E+04
  0.1012E+02  -0.1240E+04
  0.1012E+02  -0.1239E+04
  0.1012E+02  -0.1239E+04
  0.1013E+02  -0.1239E+04
  0.1013E+02  -0.1240E+04
  0.1014E+02  -0.1241E+04
  0.1014E+02  -0.1242E+04
  0.1015E+02  -0.1244E+04
  0.1015E+02  -0.1245E+04
  0.1016E+02  -0.1247E+04
  0.1017E+02  -0.1248E+04
  0.1017E+02  -0.1249E+04
  0.1018E+02  -0.1249E+04
  0.1018E+02  -0.1249E+04
  0.1019E+02  -0.1249E+04
  0.1019E+02  -0.1248E+04
  0.1020E+02  -0.1248E+04
  0.1020E+02  -0.1248E+04
  0.1021E+02  -0.1249E+04
  0.1021E+02  -0.1251E+04
  0.1021E+02  -0.1253E+04
  0.1022E+02  -0.1256E+04
  0.1022E+02  -0.1260E+04
  0.1023E+02  -0.1262E+04
  0.1023E+02  -0.1265E+04
  0.1024E+02  -0.1268E+04
  0.1025E+02  -0.1270E+04
  0.1025E+02  -0.1272E+04
  0.1026E+02  -0.1274E+04
  0.1026E+02  -0.1275E+04
  0.1027E+02  -0.1275E+04
  0.1027E+02  -0.1275E+04
  0.1028E+02  -0.1274E+04
  0.1028E+02  -0.1273E+04
  0.1029E+02  -0.1271E+04
  0.1029E+02  -0.1269E+04
  0.1029E+02  -0.1267E+04
  0.1030E+02  -0.1266E+04
  0.1030E+02  -0.1264E+04
  0.1031E+02  -0.1263E+04
  0.1031E+02  -0.1262E+04
  0.1032E+02  -0.1260E+04
  0.1033E+02  -0.1259E+04
  0.1033E+02  -0.1258E+04
  0.1034E+02  -0.1256E+04
  0.1034E+02  -0.1255E+04
  0.1035E+02  -0.1254E+04
  0.1035E+02  -0.1253E+04
  0.1036E+02  -0.1253E+04
  0.1036E+02  -0.1254E+04
  0.1037E+02  -0.1255E+04
  0.1037E+02  -0.1256E+04
  0.1038E+02  -0.1257E+04
  0.1038E+02  -0.1259E+04
  0.1038E+02  -0.1259E+04
  0.1039E+02  -0.1260E+04
  0.1039E+02  -0.1261E+04
  0.1040E+02  -0.1261E+04
  0.1040E+02  -0.1261E+04
  0.1041E+02  -0.1262E+04
  0.1042E+02  -0.1262E+04
  0.1042E+02  -0.1263E+04
  0.1043E+02  -0.1264E+04
  0.1043E+02  -0.1265E+04
  0.1044E+02  -0.1266E+04
  0.1044E+02  -0.1267E+04
  0.1045E+02  -0.1268E+04
  0.1045E+02  -0.1269E+04
  0.1046E+02  -0.1270E+04
  0.1046E+02  -0.1272E+04
  0.1046E+02  -0.1274E+04
  0.1047E+02  -0.1275E+04
  0.1047E+02  -0.1277E+04
  0.1048E+02  -0.1277E+04
  0.1048E+02  -0.1277E+04
  0.1049E+02  -0.1276E+04
  0.1050E+02  -0.1275E+04
  0.1050E+02  -0.1273E+04
  0.1051E+02  -0.1272E+04
  0.1051E+02  -0.1270E+04
  0.1052E+02  -0.1268E+04
  0.1052E+02  -0.1267E+04
  0.1053E+02  -0.1266E+04
  0.1053E+02  -0.1265E+04
  0.1054E+02  -0.1264E+04
  0.1054E+02  -0.1264E+04
  0.1054E+02  -0.1264E+04
  0.1055E+02  -0.1263E+04
  0.1055E+02  -0.1263E+04
  0.1056E+02  -0.1263E+04
  0.1056E+02  -0.1263E+04
  0.1057E+02  -0.1262E+04
  0.1058E+02  -0.1262E+04
  0.1058E+02  -0.1261E+04
  0.1059E+02  -0.1260E+04
  0.1059E+02  -0.1260E+04
  0.1060E+02  -0.1260E+04
  0.1060E+02  -0.1261E+04
  0.1061E+02  -0.1262E+04
  0.1061E+02  -0.1265E+04
  0.1062E+02  -0.1267E+04
  0.1062E+02  -0.1270E+04
  0.1062E+02  -0.1273E+04
  0.1063E+02  -0.1276E+04
  0.1063E+02  -0.1278E+04
  0.1064E+02  -0.1280E+04
  0.1064E+02  -0.1282E+04
  0.1065E+02  -0.1283E+04
  0.1065E+02  -0.1283E+04
  0.1066E+02  -0.1284E+04
  0.1067E+02  -0.1284E+04
  0.1067E+02  -0.1284E+04
  0.1068E+02  -0.1283E+04
  0.1068E+02  -0.1283E+04
  0.1069E+02  -0.1283E+04
  0.1069E+02  -0.1283E+04
  0.1070E+02  -0.1283E+04
  0.1070E+02  -0.1282E+04
  0.1071E+02  -0.1281E+04
  0.1071E+02  -0.1279E+04
  0.1071E+02  -0.1277E+04
  0.1072E+02  -0.1274E+04
  0.1072E+02  -0.1271E+04
  0.1073E+02  -0.1267E+04
  0.1073E+02  -0.1263E+04
  0.1074E+02  -0.1260E+04
  0.1075E+02  -0.1257E+04
  0.1075E+02  -0.1255E+04
  0.1076E+02  -0.1255E+04
  0.1076E+02  -0.1256E+04
  0.1077E+02  -0.1258E+04
  0.1077E+02  -0.1260E+04
  0.1078E+02  -0.1263E+04
  0.1078E+02  -0.1265E+04
  0.1079E+02  -0.1268E+04
  0.1079E+02  -0.1269E+04
  0.1079E+02  -0.1271E+04
  0.1080E+02  -0.1272E+04
  0.1080E+02  -0.1273E+04
  0.1081E+02  -0.1273E+04
  0.1081E+02  -0.1272E+04
  0.1082E+02  -0.1272E+04
  0.1083E+02  -0.1271E+04
  0.1083E+02  -0.1270E+04
  0.1084E+02  -0.1269E+04
  0.1084E+02  -0.1268E+04
  0.1085E+02  -0.1268E+04
  0.1085E+02  -0.1268E+04
  0.1086E+02  -0.1268E+04
  0.1086E+02  -0.1269E+04
  0.1087E+02  -0.1270E+04
  0.1087E+02  -0.1272E+04
  0.1088E+02  -0.1273E+04
  0.1088E+02  -0.1275E+04
  0.1088E+02  -0.1276E+04
  0.1089E+02  -0.1277E+04
  0.1089E+02  -0.1277E+04
  0.1090E+02  -0.1278E+04
  0.1090E+02  -0.1278E+04
  0.1091E+02  -0.1278E+04
  0.1092E+02  -0.1278E+04
  0.1092E+02  -0.1277E+04
  0.1093E+02  -0.1277E+04
  0.1093E+02  -0.1276E+04
  0.1094E+02  -0.1275E+04
  0.1094E+02  -0.1274E+04
  0.1095E+02  -0.1273E+04
  0.1095E+02  -0.1273E+04
  0.1096E+02  -0.1272E+04
  0.1096E+02  -0.1271E+04
  0.1096E+02  -0.1270E+04
  0.1097E+02  -0.1268E+04
  0.1097E+02  -0.1266E+04
  0.1098E+02  -0.1263E+04
  0.1098E+02  -0.1261E+04
  0.1099E+02  -0.1260E+04
  0.1100E+02  -0.1259E+04
  0.1100E+02  -0.1259E+04
  0.1101E+02  -0.1259E+04
  0.1101E+02  -0.1259E+04
  0.1102E+02  -0.1259E+04
  0.1102E+02  -0.1259E+04
  0.1103E+02  -0.1257E+04
  0.1103E+02  -0.1255E+04
  0.1104E+02  -0.1252E+04
  0.1104E+02  -0.1249E+04
  0.1104E+02  -0.1245E+04
  0.1105E+02  -0.1241E+04
  0.1105E+02  -0.1237E+04
  0.1106E+02  -0.1234E+04
  0.1106E+02  -0.1231E+04
  0.1107E+02  -0.1228E+04
  0.1108E+02  -0.1226E+04
  0.1108E+02  -0.1224E+04
  0.1109E+02  -0.1222E+04
  0.1109E+02  -0.1222E+04
  0.1110E+02  -0.1222E+04
  0.1110E+02  -0.1224E+04
  0.1111E+02  -0.1225E+04
  0.1111E+02  -0.1228E+04
  0.1112E+02  -0.1231E+04
  0.1112E+02  -0.1234E+04
  0.1112E+02  -0.1236E+04
  0.1113E+02  -0.1238E+04
  0.1113E+02  -0.1240E+04
  0.1114E+02  -0.1240E+04
  0.1114E+02  -0.1240E+04
  0.1115E+02  -0.1240E+04
  0.1115E+02  -0.1240E+04
  0.1116E+02  -0.1241E+04
  0.1117E+02  -0.1243E+04
  0.1117E+02  -0.1246E+04
  0.1118E+02  -0.1249E+04
  0.1118E+02  -0.1252E+04
  0.1119E+02  -0.1255E+04
  0.1119E+02  -0.1257E+04
  0.1120E+02  -0.1258E+04
  0.1120E+02  -0.1258E+04
  0.1121E+02  -0.1258E+04
  0.1121E+02  -0.1256E+04
  0.1121E+02  -0.1255E+04
  0.1122E+02  -0.1254E+04
  0.1122E+02  -0.1252E+04
  0.1123E+02  -0.1252E+04
  0.1123E+02  -0.1252E+04
  0.1124E+02  -0.1252E+04
  0.1125E+02  -0.1253E+04
  0.1125E+02  -0.1255E+04
  0.1126E+02  -0.1256E+04
  0.1126E+02  -0.1258E+04
  0.1127E+02  -0.1258E+04
  0.1127E+02  -0.1258E+04
  0.1128E+02  -0.1257E+04
  0.1128E+02  -0.1255E+04
  0.1129E+02  -0.1252E+04
  0.1129E+02  -0.1249E+04
  0.1129E+02  -0.1246E+04
  0.1130E+02  -0.1243E+04
  0.1130E+02  -0.1241E+04
  0.1131E+02  -0.1239E+04
  0.1131E+02  -0.1237E+04
  0.1132E+02  -0.1235E+04
  0.1133E+02  -0.1233E+04
  0.1133E+02  -0.1232E+04
  0.1134E+02  -0.1231E+04
  0.1134E+02  -0.1231E+04
  0.1135E+02  -0.1232E+04
  0.1135E+02  -0.1234E+04
  0.1136E+02  -0.1237E+04
  0.1136E+02  -0.1241E+04
  0.1137E+02  -0.1244E+04
  0.1137E+02  -0.1247E+04
  0.1138E+02  -0.1250E+04
  0.1138E+02  -0.1252E+04
  0.1138E+02  -0.1254E+04
  0.1139E+02  -0.1256E+04
  0.1139E+02  -0.1258E+04
  0.1140E+02  -0.1261E+04
  0.1140E+02  -0.1264E+04
  0.1141E+02  -0.1267E+04
  0.1142E+02  -0.1269E+04
  0.1142E+02  -0.1269E+04
  0.1143E+02  -0.1270E+04
  0.1143E+02  -0.1269E+04
  0.1144E+02  -0.1267E+04
  0.1144E+02  -0.1265E+04
  0.1145E+02  -0.1263E+04
  0.1145E+02  -0.1261E+04
  0.1146E+02  -0.1258E+04
  0.1146E+02  -0.1256E+04
  0.1146E+02  -0.1254E+04
  0.1147E+02  -0.1252E+04
  0.1147E+02  -0.1251E+04
  0.1148E+02  -0.1250E+04
  0.1148E+02  -0.1249E+04
  0.1149E+02  -0.1249E+04
  0.1150E+02  -0.1249E+04
  0.1150E+02  -0.1250E+04
  0.1151E+02  -0.1250E+04
  0.1151E+02  -0.1251E+04
  0.1152E+02  -0.1252E+04
  0.1152E+02  -0.1253E+04
  0.1153E+02  -0.1254E+04
  0.1153E+02  -0.1256E+04
  0.1154E+02  -0.1257E+04
  0.1154E+02  -0.1259E+04
  0.1154E+02  -0.1260E+04
  0.1155E+02  -0.1260E+04
  0.1155E+02  -0.1261E+04
  0.1156E+02  -0.1262E+04
  0.1156E+02  -0.1263E+04
  0.1157E+02  -0.1264E+04
  0.1158E+02  -0.1265E+04
  0.1158E+02  -0.1267E+04
  0.1159E+02  -0.1267E+04
  0.1159E+02  -0.1268E+04
  0.1160E+02  -0.1267E+04
  0.1160E+02  -0.1266E+04
  0.1161E+02  -0.1265E+04
  0.1161E+02  -0.1264E+04
  0.1162E+02  -0.1262E+04
  0.1162E+02  -0.1261E+04
  0.1162E+02  -0.1260E+04
  0.1163E+02  -0.1259E+04
  0.1163E+02  -0.1258E+04
  0.1164E+02  -0.1257E+04
  0.1164E+02  -0.1255E+04
  0.1165E+02  -0.1254E+04
  0.1165E+02  -0.1252E+04
  0.1166E+02  -0.1251E+04
  0.1167E+02  -0.1250E+04
  0.1167E+02  -0.1249E+04
  0.1168E+02  -0.1250E+04
  0.1168E+02  -0.1251E+04
  0.1169E+02  -0.1252E+04
  0.1169E+02  -0.1254E+04
  0.1170E+02  -0.1256E+04
  0.1170E+02  -0.1258E+04
  0.1171E+02  -0.1261E+04
  0.1171E+02  -0.1262E+04
  0.1171E+02  -0.1263E+04
  0.1172E+02  -0.1264E+04
  0.1172E+02  -0.1264E+04
  0.1173E+02  -0.1263E+04
  0.1173E+02  -0.1263E+04
  0.1174E+02  -0.1261E+04
  0.1175E+02  -0.1260E+04
  0.1175E+02  -0.1259E+04
  0.1176E+02  -0.1258E+04
  0.1176E+02  -0.1258E+04
  0.1177E+02  -0.1258E+04
  0.1177E+02  -0.1258E+04
  0.1178E+02  -0.1258E+04
  0.1178E+02  -0.1258E+04
  0.1179E+02  -0.1258E+04
  0.1179E+02  -0.1259E+04
  0.1179E+02  -0.1259E+04
  0.1180E+02  -0.1259E+04
  0.1180E+02  -0.1259E+04
  0.1181E+02  -0.1259E+04
  0.1181E+02  -0.1260E+04
  0.1182E+02  -0.1260E+04
  0.1183E+02  -0.1260E+04
  0.1183E+02  -0.1260E+04
  0.1184E+02  -0.1260E+04
  0.1184E+02  -0.1260E+04
  0.1185E+02  -0.1260E+04
  0.1185E+02  -0.1259E+04
  0.1186E+02  -0.1258E+04
  0.1186E+02  -0.1258E+04
  0.1187E+02  -0.1257E+04
  0.1187E+02  -0.1255E+04
  0.1188E+02  -0.1254E+04
  0.1188E+02  -0.1253E+04
  0.1188E+02  -0.1253E+04
  0.1189E+02  -0.1253E+04
  0.1189E+02  -0.1253E+04
  0.1190E+02  -0.1254E+04
  0.1190E+02  -0.1255E+04
  0.1191E+02  -0.1256E+04
  0.1192E+02  -0.1256E+04
  0.1192E+02  -0.1256E+04
  0.1193E+02  -0.1257E+04
  0.1193E+02  -0.1257E+04
  0.1194E+02  -0.1256E+04
  0.1194E+02  -0.1256E+04
  0.1195E+02  -0.1256E+04
  0.1195E+02  -0.1256E+04
  0.1196E+02  -0.1256E+04
  0.1196E+02  -0.1256E+04
  0.1196E+02  -0.1255E+04
  0.1197E+02  -0.1255E+04
  0.1197E+02  -0.1255E+04
  0.1198E+02  -0.1256E+04
  0.1198E+02  -0.1256E+04
  0.1199E+02  -0.1257E+04
  0.1200E+02  -0.1258E+04
  0.1200E+02  -0.1259E+04
  0.1201E+02  -0.1260E+04
  0.1201E+02  -0.1261E+04
  0.1202E+02  -0.1262E+04
  0.1202E+02  -0.1263E+04
  0.1203E+02  -0.1263E+04
  0.1203E+02  -0.1262E+04
  0.1204E+02  -0.1261E+04
  0.1204E+02  -0.1259E+04
  0.1204E+02  -0.1257E+04
  0.1205E+02  -0.1254E+04
  0.1205E+02  -0.1251E+04
  0.1206E+02  -0.1248E+04
  0.1206E+02  -0.1246E+04
  0.1207E+02  -0.1245E+04
  0.1208E+02  -0.1245E+04
  0.1208E+02  -0.1246E+04
  0.1209E+02  -0.1247E+04
  0.1209E+02  -0.1249E+04
  0.1210E+02  -0.1250E+04
  0.1210E+02  -0.1251E+04
  0.1211E+02  -0.1252E+04
  0.1211E+02  -0.1253E+04
  0.1212E+02  -0.1254E+04
  0.1212E+02  -0.1256E+04
  0.1212E+02  -0.1258E+04
  0.1213E+02  -0.1260E+04
  0.1213E+02  -0.1262E+04
  0.1214E+02  -0.1264E+04
  0.1214E+02  -0.1266E+04
  0.1215E+02  -0.1266E+04
  0.1216E+02  -0.1266E+04
  0.1216E+02  -0.1266E+04
  0.1217E+02  -0.1265E+04
  0.1217E+02  -0.1265E+04
  0.1218E+02  -0.1264E+04
  0.1218E+02  -0.1264E+04
  0.1219E+02  -0.1263E+04
  0.1219E+02  -0.1262E+04
  0.1220E+02  -0.1261E+04
  0.1220E+02  -0.1258E+04
  0.1221E+02  -0.1255E+04
  0.1221E+02  -0.1252E+04
  0.1221E+02  -0.1248E+04
  0.1222E+02  -0.1245E+04
  0.1222E+02  -0.1243E+04
  0.1223E+02  -0.1243E+04
  0.1223E+02  -0.1243E+04
  0.1224E+02  -0.1244E+04
  0.1225E+02  -0.1246E+04
  0.1225E+02  -0.1249E+04
  0.1226E+02  -0.1251E+04
  0.1226E+02  -0.1254E+04
  0.1227E+02  -0.1256E+04
  0.1227E+02  -0.1258E+04
  0.1228E+02  -0.1259E+04
  0.1228E+02  -0.1259E+04
  0.1229E+02  -0.1259E+04
  0.1229E+02  -0.1258E+04
  0.1229E+02  -0.1257E+04
  0.1230E+02  -0.1257E+04
  0.1230E+02  -0.1257E+04
  0.1231E+02  -0.1257E+04
  0.1231E+02  -0.1257E+04
  0.1232E+02  -0.1257E+04
  0.1233E+02  -0.1257E+04
  0.1233E+02  -0.1256E+04
  0.1234E+02  -0.1256E+04
  0.1234E+02  -0.1256E+04
  0.1235E+02  -0.1256E+04
  0.1235E+02  -0.1257E+04
  0.1236E+02  -0.1258E+04
  0.1236E+02  -0.1261E+04
  0.1237E+02  -0.1263E+04
  0.1237E+02  -0.1266E+04
  0.1238E+02  -0.1268E+04
  0.1238E+02  -0.1270E+04
  0.1238E+02  -0.1271E+04
  0.1239E+02  -0.1271E+04
  0.1239E+02  -0.1270E+04
  0.1240E+02  -0.1267E+04
  0.1241E+02  -0.1263E+04
  0.1241E+02  -0.1258E+04
  0.1242E+02  -0.1253E+04
  0.1242E+02  -0.1247E+04
  0.1243E+02  -0.1242E+04
  0.1243E+02  -0.1237E+04
  0.1244E+02  -0.1234E+04
  0.1244E+02  -0.1233E+04
  0.1245E+02  -0.1233E+04
  0.1245E+02  -0.1235E+04
  0.1246E+02  -0.1238E+04
  0.1246E+02  -0.1241E+04
  0.1246E+02  -0.1244E+04
  0.1247E+02  -0.1247E+04
  0.1247E+02  -0.1248E+04
  0.1248E+02  -0.1249E+04
  0.1248E+02  -0.1250E+04
  0.1249E+02  -0.1250E+04
  0.1250E+02  -0.1251E+04
  0.1250E+02  -0.1252E+04
  0.1251E+02  -0.1254E+04
  0.1251E+02  -0.1256E+04
  0.1252E+02  -0.1258E+04
  0.1252E+02  -0.1261E+04
  0.1253E+02  -0.1263E+04
  0.1253E+02  -0.1265E+04
  0.1254E+02  -0.1266E+04
  0.1254E+02  -0.1267E+04
  0.1254E+02  -0.1267E+04
  0.1255E+02  -0.1267E+04
  0.1255E+02  -0.1267E+04
  0.1256E+02  -0.1267E+04
  0.1256E+02  -0.1267E+04
  0.1257E+02  -0.1267E+04
  0.1258E+02  -0.1268E+04
  0.1258E+02  -0.1270E+04
  0.1259E+02  -0.1272E+04
  0.1259E+02  -0.1274E+04
  0.1260E+02  -0.1276E+04
  0.1260E+02  -0.1278E+04
  0.1261E+02  -0.1280E+04
  0.1261E+02  -0.1281E+04
  0.1262E+02  -0.1282E+04
  0.1262E+02  -0.1282E+04
  0.1262E+02  -0.1282E+04
  0.1263E+02  -0.1280E+04
  0.1263E+02  -0.1278E+04
  0.1264E+02  -0.1275E+04
  0.1264E+02  -0.1271E+04
  0.1265E+02  -0.1267E+04
  0.1266E+02  -0.1262E+04
  0.1266E+02  -0.1257E+04
  0.1267E+02  -0.1252E+04
  0.1267E+02  -0.1247E+04
  0.1268E+02  -0.1242E+04
  0.1268E+02  -0.1238E+04
  0.1269E+02  -0.1235E+04
  0.1269E+02  -0.1233E+04
  0.1270E+02  -0.1232E+04
  0.1270E+02  -0.1233E+04
  0.1271E+02  -0.1234E+04
  0.1271E+02  -0.1236E+04
  0.1271E+02  -0.1238E+04
  0.1272E+02  -0.1240E+04
  0.1272E+02  -0.1243E+04
  0.1273E+02  -0.1246E+04
  0.1273E+02  -0.1248E+04
  0.1274E+02  -0.1252E+04
  0.1275E+02  -0.1255E+04
  0.1275E+02  -0.1259E+04
  0.1276E+02  -0.1262E+04
  0.1276E+02  -0.1266E+04
  0.1277E+02  -0.1269E+04
  0.1277E+02  -0.1271E+04
  0.1278E+02  -0.1274E+04
  0.1278E+02  -0.1275E+04
  0.1279E+02  -0.1276E+04
  0.1279E+02  -0.1276E+04
  0.1279E+02  -0.1276E+04
  0.1280E+02  -0.1275E+04
  0.1280E+02  -0.1274E+04
  0.1281E+02  -0.1273E+04
  0.1281E+02  -0.1271E+04
  0.1282E+02  -0.1270E+04
  0.1283E+02  -0.1269E+04
  0.1283E+02  -0.1268E+04
  0.1284E+02  -0.1268E+04
  0.1284E+02  -0.1269E+04
  0.1285E+02  -0.1271E+04
  0.1285E+02  -0.1273E+04
  0.1286E+02  -0.1276E+04
  0.1286E+02  -0.1279E+04
  0.1287E+02  -0.1282E+04
  0.1287E+02  -0.1285E+04
  0.1288E+02  -0.1286E+04
  0.1288E+02  -0.1286E+04
  0.1288E+02  -0.1284E+04
  0.1289E+02  -0.1282E+04
  0.1289E+02  -0.1278E+04
  0.1290E+02  -0.1273E+04
  0.1291E+02  -0.1269E+04
  0.1291E+02  -0.1264E+04
  0.1292E+02  -0.1259E+04
  0.1292E+02  -0.1255E+04
  0.1293E+02  -0.1252E+04
  0.1293E+02  -0.1250E+04
  0.1294E+02  -0.1248E+04
  0.1294E+02  -0.1247E+04
  0.1295E+02  -0.1247E+04
  0.1295E+02  -0.1248E+04
  0.1296E+02  -0.1248E+04
  0.1296E+02  -0.1249E+04
  0.1296E+02  -0.1249E+04
  0.1297E+02  -0.1248E+04
  0.1297E+02  -0.1246E+04
  0.1298E+02  -0.1242E+04
  0.1298E+02  -0.1238E+04
  0.1299E+02  -0.1233E+04
  0.1300E+02  -0.1228E+04
  0.1300E+02  -0.1223E+04
  0.1301E+02  -0.1221E+04
  0.1301E+02  -0.1220E+04
  0.1302E+02  -0.1222E+04
  0.1302E+02  -0.1225E+04
  0.1303E+02  -0.1230E+04
  0.1303E+02  -0.1235E+04
  0.1304E+02  -0.1240E+04
  0.1304E+02  -0.1244E+04
  0.1304E+02  -0.1247E+04
  0.1305E+02  -0.1248E+04
  0.1305E+02  -0.1249E+04
  0.1306E+02  -0.1250E+04
  0.1306E+02  -0.1250E+04
  0.1307E+02  -0.1250E+04
  0.1308E+02  -0.1250E+04
  0.1308E+02  -0.1251E+04
  0.1309E+02  -0.1253E+04
  0.1309E+02  -0.1255E+04
  0.1310E+02  -0.1257E+04
  0.1310E+02  -0.1259E+04
  0.1311E+02  -0.1262E+04
  0.1311E+02  -0.1264E+04
  0.1312E+02  -0.1266E+04
  0.1312E+02  -0.1268E+04
  0.1312E+02  -0.1270E+04
  0.1313E+02  -0.1271E+04
  0.1313E+02  -0.1272E+04
  0.1314E+02  -0.1272E+04
  0.1314E+02  -0.1272E+04
  0.1315E+02  -0.1271E+04
  0.1316E+02  -0.1271E+04
  0.1316E+02  -0.1270E+04
  0.1317E+02  -0.1269E+04
  0.1317E+02  -0.1268E+04
  0.1318E+02  -0.1268E+04
  0.1318E+02  -0.1267E+04
  0.1319E+02  -0.1265E+04
  0.1319E+02  -0.1264E+04
  0.1320E+02  -0.1262E+04
  0.1320E+02  -0.1261E+04
  0.1321E+02  -0.1258E+04
  0.1321E+02  -0.1256E+04
  0.1321E+02  -0.1253E+04
  0.1322E+02  -0.1250E+04
  0.1322E+02  -0.1247E+04
  0.1323E+02  -0.1245E+04
  0.1323E+02  -0.1243E+04
  0.1324E+02  -0.1241E+04
  0.1325E+02  -0.1239E+04
  0.1325E+02  -0.1238E+04
  0.1326E+02  -0.1237E+04
  0.1326E+02  -0.1236E+04
  0.1327E+02  -0.1237E+04
  0.1327E+02  -0.1238E+04
  0.1328E+02  -0.1239E+04
  0.1328E+02  -0.1241E+04
  0.1329E+02  -0.1243E+04
  0.1329E+02  -0.1245E+04
  0.1329E+02  -0.1247E+04
  0.1330E+02  -0.1249E+04
  0.1330E+02  -0.1251E+04
  0.1331E+02  -0.1251E+04
  0.1331E+02  -0.1251E+04
  0.1332E+02  -0.1251E+04
  0.1333E+02  -0.1250E+04
  0.1333E+02  -0.1248E+04
  0.1334E+02  -0.1247E+04
  0.1334E+02  -0.1246E+04
  0.1335E+02  -0.1246E+04
  0.1335E+02  -0.1246E+04
  0.1336E+02  -0.1248E+04
  0.1336E+02  -0.1249E+04
  0.1337E+02  -0.1251E+04
  0.1337E+02  -0.1252E+04
  0.1338E+02  -0.1253E+04
  0.1338E+02  -0.1254E+04
  0.1338E+02  -0.1254E+04
  0.1339E+02  -0.1254E+04
  0.1339E+02  -0.1254E+04
  0.1340E+02  -0.1254E+04
  0.1341E+02  -0.1254E+04
  0.1341E+02  -0.1254E+04
  0.1342E+02  -0.1254E+04
  0.1342E+02  -0.1255E+04
  0.1343E+02  -0.1255E+04
  0.1343E+02  -0.1256E+04
  0.1344E+02  -0.1257E+04
  0.1344E+02  -0.1259E+04
  0.1345E+02  -0.1260E+04
  0.1345E+02  -0.1262E+04
  0.1346E+02  -0.1263E+04
  0.1346E+02  -0.1263E+04
  0.1346E+02  -0.1263E+04
  0.1347E+02  -0.1263E+04
  0.1347E+02  -0.1262E+04
  0.1348E+02  -0.1262E+04
  0.1348E+02  -0.1261E+04
  0.1349E+02  -0.1261E+04
  0.1350E+02  -0.1260E+04
  0.1350E+02  -0.1260E+04
  0.1351E+02  -0.1259E+04
  0.1351E+02  -0.1258E+04
  0.1352E+02  -0.1257E+04
  0.1352E+02  -0.1257E+04
  0.1353E+02  -0.1256E+04
  0.1353E+02  -0.1255E+04
  0.1354E+02  -0.1255E+04
  0.1354E+02  -0.1254E+04
  0.1354E+02  -0.1254E+04
  0.1355E+02  -0.1253E+04
  0.1355E+02  -0.1252E+04
  0.1356E+02  -0.1252E+04
  0.1356E+02  -0.1252E+04
  0.1357E+02  -0.1253E+04
  0.1358E+02  -0.1255E+04
  0.1358E+02  -0.1257E+04
  0.1359E+02  -0.1259E+04
  0.1359E+02  -0.1262E+04
  0.1360E+02  -0.1264E+04
  0.1360E+02  -0.1266E+04
  0.1361E+02  -0.1267E+04
  0.1361E+02  -0.1268E+04
  0.1362E+02  -0.1269E+04
  0.1362E+02  -0.1268E+04
  0.1362E+02  -0.1267E+04
  0.1363E+02  -0.1266E+04
  0.1363E+02  -0.1265E+04
  0.1364E+02  -0.1263E+04
  0.1364E+02  -0.1262E+04
  0.1365E+02  -0.1262E+04
  0.1366E+02  -0.1262E+04
  0.1366E+02  -0.1262E+04
  0.1367E+02  -0.1262E+04
  0.1367E+02  -0.1262E+04
  0.1368E+02  -0.1262E+04
  0.1368E+02  -0.1262E+04
  0.1369E+02  -0.1261E+04
  0.1369E+02  -0.1261E+04
  0.1370E+02  -0.1260E+04
  0.1370E+02  -0.1260E+04
  0.1371E+02  -0.1259E+04
  0.1371E+02  -0.1259E+04
  0.1371E+02  -0.1259E+04
  0.1372E+02  -0.1259E+04
  0.1372E+02  -0.1259E+04
  0.1373E+02  -0.1259E+04
  0.1373E+02  -0.1259E+04
  0.1374E+02  -0.1260E+04
  0.1375E+02  -0.1261E+04
  0.1375E+02  -0.1261E+04
  0.1376E+02  -0.1262E+04
  0.1376E+02  -0.1263E+04
  0.1377E+02  -0.1263E+04
  0.1377E+02  -0.1262E+04
  0.1378E+02  -0.1260E+04
  0.1378E+02  -0.1258E+04
  0.1379E+02  -0.1255E+04
  0.1379E+02  -0.1252E+04
  0.1379E+02  -0.1250E+04
  0.1380E+02  -0.1248E+04
  0.1380E+02  -0.1248E+04
  0.1381E+02  -0.1248E+04
  0.1381E+02  -0.1248E+04
  0.1382E+02  -0.1249E+04
  0.1383E+02  -0.1249E+04
  0.1383E+02  -0.1250E+04
  0.1384E+02  -0.1250E+04
  0.1384E+02  -0.1251E+04
  0.1385E+02  -0.1251E+04
  0.1385E+02  -0.1251E+04
  0.1386E+02  -0.1252E+04
  0.1386E+02  -0.1253E+04
  0.1387E+02  -0.1254E+04
  0.1387E+02  -0.1255E+04
  0.1388E+02  -0.1257E+04
  0.1388E+02  -0.1259E+04
  0.1388E+02  -0.1261E+04
  0.1389E+02  -0.1263E+04
  0.1389E+02  -0.1264E+04
  0.1390E+02  -0.1265E+04
  0.1391E+02  -0.1265E+04
  0.1391E+02  -0.1264E+04
  0.1392E+02  -0.1263E+04
  0.1392E+02  -0.1261E+04
  0.1393E+02  -0.1260E+04
  0.1393E+02  -0.1258E+04
  0.1394E+02  -0.1257E+04
  0.1394E+02  -0.1256E+04
  0.1395E+02  -0.1255E+04
  0.1395E+02  -0.1254E+04
  0.1396E+02  -0.1254E+04
  0.1396E+02  -0.1253E+04
  0.1396E+02  -0.1253E+04
  0.1397E+02  -0.1252E+04
  0.1397E+02  -0.1251E+04
  0.1398E+02  -0.1251E+04
  0.1398E+02  -0.1251E+04
  0.1399E+02  -0.1251E+04
  0.1400E+02  -0.1251E+04
  0.1400E+02  -0.1251E+04
  0.1401E+02  -0.1251E+04
  0.1401E+02  -0.1251E+04
  0.1402E+02  -0.1251E+04
  0.1402E+02  -0.1251E+04
  0.1403E+02  -0.1251E+04
  0.1403E+02  -0.1252E+04
  0.1404E+02  -0.1253E+04
  0.1404E+02  -0.1254E+04
  0.1404E+02  -0.1256E+04
  0.1405E+02  -0.1257E+04
  0.1405E+02  -0.1259E+04
  0.1406E+02  -0.1260E+04
  0.1406E+02  -0.1261E+04
  0.1407E+02  -0.1262E+04
  0.1408E+02  -0.1263E+04
  0.1408E+02  -0.1264E+04
  0.1409E+02  -0.1264E+04
  0.1409E+02  -0.1264E+04
  0.1410E+02  -0.1265E+04
  0.1410E+02  -0.1265E+04
  0.1411E+02  -0.1265E+04
  0.1411E+02  -0.1266E+04
  0.1412E+02  -0.1266E+04
  0.1412E+02  -0.1267E+04
  0.1412E+02  -0.1267E+04
  0.1413E+02  -0.1268E+04
  0.1413E+02  -0.1268E+04
  0.1414E+02  -0.1268E+04
  0.1414E+02  -0.1267E+04
  0.1415E+02  -0.1266E+04
  0.1416E+02  -0.1265E+04
  0.1416E+02  -0.1265E+04
  0.1417E+02  -0.1265E+04
  0.1417E+02  -0.1265E+04
  0.1418E+02  -0.1266E+04
  0.1418E+02  -0.1266E+04
  0.1419E+02  -0.1267E+04
  0.1419E+02  -0.1268E+04
  0.1420E+02  -0.1269E+04
  0.1420E+02  -0.1270E+04
  0.1421E+02  -0.1270E+04
  0.1421E+02  -0.1271E+04
  0.1421E+02  -0.1271E+04
  0.1422E+02  -0.1272E+04
  0.1422E+02  -0.1272E+04
  0.1423E+02  -0.1272E+04
  0.1423E+02  -0.1272E+04
  0.1424E+02  -0.1272E+04
  0.1425E+02  -0.1273E+04
  0.1425E+02  -0.1273E+04
  0.1426E+02  -0.1274E+04
  0.1426E+02  -0.1275E+04
  0.1427E+02  -0.1276E+04
  0.1427E+02  -0.1277E+04
  0.1428E+02  -0.1279E+04
  0.1428E+02  -0.1280E+04
  0.1429E+02  -0.1282E+04
  0.1429E+02  -0.1284E+04
  0.1429E+02  -0.1286E+04
  0.1430E+02  -0.1288E+04
  0.1430E+02  -0.1291E+04
  0.1431E+02  -0.1292E+04
  0.1431E+02  -0.1294E+04
  0.1432E+02  -0.1295E+04
  0.1433E+02  -0.1295E+04
  0.1433E+02  -0.1294E+04
  0.1434E+02  -0.1293E+04
  0.1434E+02  -0.1292E+04
  0.1435E+02  -0.1291E+04
  0.1435E+02  -0.1289E+04
  0.1436E+02  -0.1288E+04
  0.1436E+02  -0.1287E+04
  0.1437E+02  -0.1286E+04
  0.1437E+02  -0.1284E+04
  0.1438E+02  -0.1283E+04
  0.1438E+02  -0.1282E+04
  0.1438E+02  -0.1280E+04
  0.1439E+02  -0.1279E+04
  0.1439E+02  -0.1277E+04
  0.1440E+02  -0.1276E+04
  0.1441E+02  -0.1275E+04
  0.1441E+02  -0.1274E+04
  0.1442E+02  -0.1273E+04
  0.1442E+02  -0.1272E+04
  0.1443E+02  -0.1271E+04
  0.1443E+02  -0.1270E+04
  0.1444E+02  -0.1269E+04
  0.1444E+02  -0.1268E+04
  0.1445E+02  -0.1267E+04
  0.1445E+02  -0.1267E+04
  0.1446E+02  -0.1267E+04
  0.1446E+02  -0.1268E+04
  0.1446E+02  -0.1270E+04
  0.1447E+02  -0.1272E+04
  0.1447E+02  -0.1273E+04
  0.1448E+02  -0.1275E+04
  0.1448E+02  -0.1275E+04
  0.1449E+02  -0.1276E+04
  0.1450E+02  -0.1276E+04
  0.1450E+02  -0.1276E+04
  0.1451E+02  -0.1277E+04
  0.1451E+02  -0.1276E+04
  0.1452E+02  -0.1275E+04
  0.1452E+02  -0.1273E+04
  0.1453E+02  -0.1270E+04
  0.1453E+02  -0.1266E+04
  0.1454E+02  -0.1262E+04
  0.1454E+02  -0.1257E+04
  0.1454E+02  -0.1253E+04
  0.1455E+02  -0.1250E+04
  0.1455E+02  -0.1248E+04
  0.1456E+02  -0.1247E+04
  0.1456E+02  -0.1247E+04
  0.1457E+02  -0.1248E+04
  0.1458E+02  -0.1249E+04
  0.1458E+02  -0.1250E+04
  0.1459E+02  -0.1250E+04
  0.1459E+02  -0.1250E+04
  0.1460E+02  -0.1250E+04
  0.1460E+02  -0.1249E+04
  0.1461E+02  -0.1249E+04
  0.1461E+02  -0.1249E+04
  0.1462E+02  -0.1249E+04
  0.1462E+02  -0.1250E+04
  0.1462E+02  -0.1252E+04
  0.1463E+02  -0.1255E+04
  0.1463E+02  -0.1259E+04
  0.1464E+02  -0.1263E+04
  0.1464E+02  -0.1267E+04
  0.1465E+02  -0.1271E+04
  0.1466E+02  -0.1274E+04
  0.1466E+02  -0.1277E+04
  0.1467E+02  -0.1280E+04
  0.1467E+02  -0.1281E+04
  0.1468E+02  -0.1283E+04
  0.1468E+02  -0.1283E+04
  0.1469E+02  -0.1283E+04
  0.1469E+02  -0.1283E+04
  0.1470E+02  -0.1282E+04
  0.1470E+02  -0.1282E+04
  0.1471E+02  -0.1281E+04
  0.1471E+02  -0.1280E+04
  0.1471E+02  -0.1279E+04
  0.1472E+02  -0.1278E+04
  0.1472E+02  -0.1276E+04
  0.1473E+02  -0.1274E+04
  0.1473E+02  -0.1271E+04
  0.1474E+02  -0.1269E+04
  0.1475E+02  -0.1267E+04
  0.1475E+02  -0.1264E+04
  0.1476E+02  -0.1261E+04
  0.1476E+02  -0.1259E+04
  0.1477E+02  -0.1257E+04
  0.1477E+02  -0.1255E+04
  0.1478E+02  -0.1254E+04
  0.1478E+02  -0.1254E+04
  0.1479E+02  -0.1255E+04
  0.1479E+02  -0.1257E+04
  0.1479E+02  -0.1258E+04
  0.1480E+02  -0.1259E+04
  0.1480E+02  -0.1260E+04
  0.1481E+02  -0.1259E+04
  0.1481E+02  -0.1258E+04
  0.1482E+02  -0.1256E+04
  0.1483E+02  -0.1253E+04
  0.1483E+02  -0.1251E+04
  0.1484E+02  -0.1249E+04
  0.1484E+02  -0.1249E+04
  0.1485E+02  -0.1249E+04
  0.1485E+02  -0.1251E+04
  0.1486E+02  -0.1253E+04
  0.1486E+02  -0.1256E+04
  0.1487E+02  -0.1260E+04
  0.1487E+02  -0.1264E+04
  0.1488E+02  -0.1267E+04
  0.1488E+02  -0.1271E+04
  0.1488E+02  -0.1273E+04
  0.1489E+02  -0.1275E+04
  0.1489E+02  -0.1276E+04
  0.1490E+02  -0.1276E+04
  0.1491E+02  -0.1276E+04
  0.1491E+02  -0.1275E+04
  0.1492E+02  -0.1274E+04
  0.1492E+02  -0.1273E+04
  0.1493E+02  -0.1272E+04
  0.1493E+02  -0.1271E+04
  0.1494E+02  -0.1270E+04
  0.1494E+02  -0.1270E+04
  0.1495E+02  -0.1269E+04
  0.1495E+02  -0.1268E+04
  0.1496E+02  -0.1267E+04
  0.1496E+02  -0.1266E+04
  0.1496E+02  -0.1266E+04
  0.1497E+02  -0.1266E+04
  0.1497E+02  -0.1266E+04
  0.1498E+02  -0.1268E+04
  0.1498E+02  -0.1269E+04
  0.1499E+02  -0.1271E+04
  0.1500E+02  -0.1274E+04
  0.1500E+02  -0.1276E+04
